Time,Channel A,Channel B
(us),(mV),(V)

-0.05169231,-6.29921200,0.07874016
-0.01969231,-10.62992000,0.07874016
0.01230769,-8.66141700,3.14960600
0.04430769,-6.69291300,3.14960600
0.07630769,-7.08661400,3.22834600
0.10830769,-14.17323000,3.30708700
0.14030769,-9.05511800,3.30708700
0.17230769,-12.20472000,3.30708700
0.20430769,-9.44881800,3.38582700
0.23630769,-16.53543000,3.38582700
0.26830768,-8.66141700,3.46456700
0.30030768,-12.99213000,3.46456700
0.33230768,-7.08661400,3.54330700
0.36430768,-14.96063000,3.54330700
0.39630768,-4.72440900,3.54330700
0.42830768,-5.11811000,3.54330700
0.46030768,-5.51181100,3.54330700
0.49230768,-9.44881800,3.62204700
0.52430768,-0.78740150,3.62204700
0.55630768,-3.93700800,3.62204700
0.58830768,-4.33070900,3.62204700
0.62030767,-6.69291300,3.62204700
0.65230767,0.00000000,3.62204700
0.68430767,-7.08661400,3.62204700
0.71630767,-3.93700800,3.62204700
0.74830767,-9.84251900,3.62204700
0.78030767,-0.78740150,3.70078700
0.81230767,-8.66141700,3.62204700
0.84430767,-4.33070900,3.70078700
0.87630767,-3.14960600,3.70078700
0.90830767,-1.18110200,3.70078700
0.94030767,-5.51181100,3.70078700
0.97230766,-2.36220500,3.70078700
1.00430766,0.39370070,3.70078700
1.03630766,0.00000000,3.70078700
1.06830766,-1.18110200,3.70078700
1.10030766,-4.33070900,3.70078700
1.13230766,-1.96850400,3.70078700
1.16430766,-3.14960600,3.70078700
1.19630766,-4.72440900,3.70078700
1.22830766,-8.66141700,3.70078700
1.26030766,-3.93700800,3.70078700
1.29230766,-9.44881800,3.70078700
1.32430765,-8.66141700,3.70078700
1.35630765,-10.23622000,3.70078700
1.38830765,-5.11811000,3.70078700
1.42030765,-11.02362000,3.70078700
1.45230765,-5.51181100,3.70078700
1.48430765,-11.41732000,3.70078700
1.51630765,-3.93700800,3.70078700
1.54830765,-10.23622000,3.70078700
1.58030765,-4.33070900,3.70078700
1.61230765,-4.33070900,3.70078700
1.64430765,-1.96850400,3.70078700
1.67630764,-9.84251900,3.70078700
1.70830764,-4.33070900,3.70078700
1.74030764,-7.87401500,3.70078700
1.77230764,-0.39370070,3.70078700
1.80430764,-6.69291300,3.70078700
1.83630764,-2.36220500,3.70078700
1.86830764,-4.33070900,3.70078700
1.90030764,-1.18110200,3.70078700
1.93230764,-4.33070900,3.70078700
1.96430764,0.39370070,3.70078700
1.99630764,0.78740150,3.70078700
2.02830763,2.36220500,3.77952800
2.06030763,-5.11811000,3.70078700
2.09230763,4.72440900,3.77952800
2.12430763,2.36220500,3.70078700
2.15630763,1.57480300,3.70078700
2.18830763,-0.39370070,3.70078700
2.22030763,2.75590500,3.70078700
2.25230763,0.39370070,3.70078700
2.28430763,0.00000000,3.70078700
2.31630763,-3.14960600,3.70078700
2.34830763,2.36220500,3.77952800
2.38030763,1.57480300,3.70078700
2.41230762,-4.33070900,3.70078700
2.44430762,-2.75590500,3.70078700
2.47630762,-1.18110200,3.70078700
2.50830762,-1.18110200,3.70078700
2.54030762,-3.93700800,3.70078700
2.57230762,0.39370070,3.70078700
2.60430762,-3.93700800,3.70078700
2.63630762,-2.36220500,3.70078700
2.66830762,-7.08661400,3.70078700
2.70030762,-3.54330700,3.70078700
2.73230762,-6.69291300,3.70078700
2.76430761,-2.36220500,3.77952800
2.79630761,-13.77953000,3.70078700
2.82830761,-3.93700800,3.70078700
2.86030761,-7.48031400,3.70078700
2.89230761,-7.08661400,3.70078700
2.92430761,-8.66141700,3.70078700
2.95630761,0.00000000,3.70078700
2.98830761,-8.66141700,3.70078700
3.02030761,-3.54330700,3.77952800
3.05230761,-11.02362000,3.70078700
3.08430761,3.54330700,3.70078700
3.11630760,-2.36220500,3.70078700
3.14830760,-0.78740150,3.70078700
3.18030760,-8.66141700,3.70078700
3.21230760,3.93700800,3.70078700
3.24430760,-7.87401500,3.70078700
3.27630760,-2.36220500,3.70078700
3.30830760,-0.39370070,3.70078700
3.34030760,-1.57480300,3.70078700
3.37230760,-7.48031400,3.70078700
3.40430760,-1.57480300,3.70078700
3.43630760,-2.75590500,3.70078700
3.46830759,1.57480300,3.70078700
3.50030759,-3.54330700,3.70078700
3.53230759,0.39370070,3.70078700
3.56430759,1.96850400,3.70078700
3.59630759,1.18110200,3.70078700
3.62830759,-3.93700800,3.70078700
3.66030759,1.96850400,3.70078700
3.69230759,3.14960600,3.70078700
3.72430759,-1.57480300,3.77952800
3.75630759,-1.96850400,3.70078700
3.78830759,-3.54330700,3.77952800
3.82030758,-1.96850400,3.70078700
3.85230758,-5.51181100,3.70078700
3.88430758,-5.51181100,3.70078700
3.91630758,-7.08661400,3.70078700
3.94830758,-2.75590500,3.70078700
3.98030758,-11.41732000,3.70078700
4.01230758,-7.48031400,3.70078700
4.04430758,-6.69291300,3.70078700
4.07630758,-1.57480300,3.70078700
4.10830758,-10.23622000,3.70078700
4.14030758,-3.14960600,3.70078700
4.17230757,-6.69291300,3.70078700
4.20430757,-4.72440900,3.70078700
4.23630757,-10.23622000,3.70078700
4.26830757,-3.14960600,3.70078700
4.30030757,-6.69291300,3.70078700
4.33230757,-3.14960600,3.70078700
4.36430757,-15.35433000,3.70078700
4.39630757,-0.39370070,3.70078700
4.42830757,-5.90551100,3.70078700
4.46030757,-4.33070900,3.70078700
4.49230757,-12.99213000,3.70078700
4.52430756,1.57480300,3.70078700
4.55630756,-6.69291300,3.70078700
4.58830756,-1.57480300,3.70078700
4.62030756,-2.75590500,3.70078700
4.65230756,0.00000000,3.70078700
4.68430756,-2.36220500,3.70078700
4.71630756,-1.96850400,3.77952800
4.74830756,-4.72440900,3.70078700
4.78030756,2.36220500,3.70078700
4.81230756,-4.72440900,3.70078700
4.84430756,-1.57480300,3.77952800
4.87630755,-0.78740150,3.70078700
4.90830755,-1.18110200,3.70078700
4.94030755,-4.33070900,3.70078700
4.97230755,-2.36220500,3.77952800
5.00430755,-1.96850400,3.70078700
5.03630755,0.00000000,3.77952800
5.06830755,-1.18110200,3.70078700
5.10030755,-5.11811000,3.70078700
5.13230755,0.78740150,3.70078700
5.16430755,-1.96850400,3.70078700
5.19630755,-4.72440900,3.70078700
5.22830754,-5.51181100,3.77952800
5.26030754,-0.39370070,3.70078700
5.29230754,-8.66141700,3.70078700
5.32430754,-7.87401500,3.70078700
5.35630754,-11.02362000,3.70078700
5.38830754,-3.54330700,3.70078700
5.42030754,-10.23622000,3.77952800
5.45230754,-8.26771600,3.70078700
5.48430754,-10.62992000,3.70078700
5.51630754,-4.72440900,3.77952800
5.54830754,-12.20472000,3.70078700
5.58030753,-6.29921200,3.77952800
5.61230753,-7.08661400,3.70078700
5.64430753,-1.96850400,3.70078700
5.67630753,-12.20472000,3.70078700
5.70830753,0.00000000,3.70078700
5.74030753,-6.29921200,3.70078700
5.77230753,-1.96850400,3.70078700
5.80430753,-10.23622000,3.70078700
5.83630753,-2.75590500,3.70078700
5.86830753,-7.48031400,3.70078700
5.90030753,-0.78740150,3.70078700
5.93230752,-7.48031400,3.70078700
5.96430752,-4.33070900,3.70078700
5.99630752,-4.33070900,3.70078700
6.02830752,-1.96850400,3.77952800
6.06030752,-4.72440900,3.70078700
6.09230752,0.39370070,3.70078700
6.12430752,-3.93700800,3.70078700
6.15630752,0.78740150,3.77952800
6.18830752,-1.96850400,3.70078700
6.22030752,0.00000000,3.70078700
6.25230752,1.18110200,3.70078700
6.28430751,0.78740150,3.70078700
6.31630751,-3.54330700,3.77952800
6.34830751,0.39370070,3.77952800
6.38030751,-1.18110200,3.70078700
6.41230751,-5.11811000,3.70078700
6.44430751,-1.57480300,3.70078700
6.47630751,-3.93700800,3.77952800
6.50830751,-3.54330700,3.70078700
6.54030751,-7.08661400,3.70078700
6.57230751,-3.93700800,3.77952800
6.60430751,-6.29921200,3.77952800
6.63630750,-4.33070900,3.70078700
6.66830750,-10.62992000,3.70078700
6.70030750,-3.93700800,3.70078700
6.73230750,-6.69291300,3.70078700
6.76430750,-5.90551100,3.77952800
6.79630750,-9.05511800,3.70078700
6.82830750,-2.75590500,3.70078700
6.86030750,-9.44881800,3.70078700
6.89230750,-5.51181100,3.70078700
6.92430750,-11.81102000,3.70078700
6.95630750,-5.90551100,3.77952800
6.98830749,-11.81102000,3.70078700
7.02030749,-2.36220500,3.70078700
7.05230749,-10.23622000,3.70078700
7.08430749,-1.57480300,3.77952800
7.11630749,-12.59842000,3.70078700
7.14830749,-2.36220500,3.70078700
7.18030749,-6.29921200,3.70078700
7.21230749,1.57480300,3.77952800
7.24430749,-3.93700800,3.70078700
7.27630749,-2.36220500,3.77952800
7.30830749,-5.90551100,3.70078700
7.34030748,0.39370070,3.70078700
7.37230748,-2.75590500,3.77952800
7.40430748,-2.75590500,3.77952800
7.43630748,-5.90551100,3.70078700
7.46830748,1.57480300,3.77952800
7.50030748,-5.51181100,3.70078700
7.53230748,-4.33070900,3.70078700
7.56430748,-0.78740150,3.70078700
7.59630748,0.00000000,3.70078700
7.62830748,-3.54330700,3.70078700
7.66030748,-0.78740150,3.70078700
7.69230747,-0.39370070,3.70078700
7.72430747,0.00000000,3.70078700
7.75630747,0.78740150,3.70078700
7.78830747,-1.57480300,3.77952800
7.82030747,1.96850400,3.77952800
7.85230747,-4.72440900,3.77952800
7.88430747,-6.69291300,3.70078700
7.91630747,-7.87401500,3.77952800
7.94830747,-3.54330700,3.70078700
7.98030747,-10.62992000,3.77952800
8.01230747,-6.29921200,3.77952800
8.04430746,-11.02362000,3.70078700
8.07630746,-8.26771600,3.70078700
8.10830746,-10.23622000,3.70078700
8.14030746,-7.48031400,3.77952800
8.17230746,-9.05511800,3.70078700
8.20430746,-0.39370070,3.77952800
8.23630746,-11.02362000,3.70078700
8.26830746,-5.90551100,3.77952800
8.30030746,-9.84251900,3.70078700
8.33230746,0.39370070,3.70078700
8.36430746,-10.62992000,3.70078700
8.39630745,-2.36220500,3.70078700
8.42830745,-12.99213000,3.70078700
8.46030745,-3.14960600,3.77952800
8.49230745,-11.41732000,3.70078700
8.52430745,-2.75590500,3.70078700
8.55630745,-3.93700800,3.70078700
8.58830745,-3.54330700,3.70078700
8.62030745,-12.20472000,3.70078700
8.65230745,-1.96850400,3.77952800
8.68430745,-3.14960600,3.77952800
8.71630745,-3.14960600,3.70078700
8.74830744,-7.48031400,3.70078700
8.78030744,4.33070900,3.77952800
8.81230744,-4.33070900,3.70078700
8.84430744,-2.75590500,3.70078700
8.87630744,-5.51181100,3.70078700
8.90830744,-0.39370070,3.77952800
8.94030744,-2.36220500,3.70078700
8.97230744,-5.11811000,3.77952800
9.00430744,-6.69291300,3.70078700
9.03630744,-2.36220500,3.77952800
9.06830744,-5.11811000,3.70078700
9.10030743,-6.69291300,3.77952800
9.13230743,-0.78740150,3.70078700
9.16430743,-4.33070900,3.77952800
9.19630743,-6.69291300,3.77952800
9.22830743,-7.87401500,3.77952800
9.26030743,-5.51181100,3.77952800
9.29230743,-5.11811000,3.77952800
9.32430743,-3.54330700,3.70078700
9.35630743,-8.26771600,3.70078700
9.38830743,-3.14960600,3.77952800
9.42030743,-5.11811000,3.77952800
9.45230743,-6.69291300,3.70078700
9.48430742,-8.66141700,3.70078700
9.51630742,0.00000000,3.70078700
9.54830742,-11.02362000,3.70078700
9.58030742,-5.90551100,3.77952800
9.61230742,-7.87401500,3.77952800
9.64430742,-3.14960600,3.77952800
9.67630742,-8.26771600,3.77952800
9.70830742,0.39370070,3.77952800
9.74030742,-6.29921200,3.70078700
9.77230742,2.75590500,3.77952800
9.80430742,-3.54330700,3.70078700
9.83630741,-1.96850400,3.77952800
9.86830741,-2.36220500,3.70078700
9.90030741,4.33070900,3.77952800
9.93230741,-7.08661400,3.77952800
9.96430741,0.78740150,3.70078700
9.99630741,-4.33070900,3.77952800
10.02830741,0.39370070,3.77952800
10.06030741,-3.14960600,3.70078700
10.09230741,-1.18110200,3.77952800
10.12430741,-2.75590500,3.70078700
10.15630741,1.57480300,3.77952800
10.18830740,-3.93700800,3.77952800
10.22030740,0.39370070,3.77952800
10.25230740,3.93700800,3.70078700
10.28430740,1.96850400,3.77952800
10.31630740,-0.39370070,3.77952800
10.34830740,3.14960600,3.77952800
10.38030740,1.96850400,3.77952800
10.41230740,-0.39370070,3.70078700
10.44430740,0.39370070,3.77952800
10.47630740,-1.96850400,3.77952800
10.50830740,0.00000000,3.77952800
10.54030739,-7.48031400,3.77952800
10.57230739,-7.48031400,3.70078700
10.60430739,-6.69291300,3.77952800
10.63630739,-5.51181100,3.70078700
10.66830739,-12.20472000,3.77952800
10.70030739,-5.51181100,3.77952800
10.73230739,-6.29921200,3.77952800
10.76430739,-4.72440900,3.77952800
10.79630739,-7.87401500,3.70078700
10.82830739,-1.96850400,3.77952800
10.86030739,-6.29921200,3.70078700
10.89230738,-2.36220500,3.77952800
10.92430738,-10.62992000,3.77952800
10.95630738,-2.75590500,3.70078700
10.98830738,-7.08661400,3.70078700
11.02030738,-3.54330700,3.77952800
11.05230738,-9.05511800,3.70078700
11.08430738,0.00000000,3.77952800
11.11630738,-11.41732000,3.70078700
11.14830738,-1.18110200,3.77952800
11.18030738,-7.48031400,3.70078700
11.21230738,0.00000000,3.77952800
11.24430737,-4.72440900,3.70078700
11.27630737,-0.78740150,3.77952800
11.30830737,-7.48031400,3.70078700
11.34030737,3.14960600,3.77952800
11.37230737,-1.96850400,3.77952800
11.40430737,-1.96850400,3.77952800
11.43630737,-1.18110200,3.70078700
11.46830737,2.75590500,3.77952800
11.50030737,-6.29921200,3.70078700
11.53230737,-0.78740150,3.77952800
11.56430737,-3.14960600,3.70078700
11.59630736,-0.39370070,3.77952800
11.62830736,-3.54330700,3.70078700
11.66030736,-1.96850400,3.77952800
11.69230736,-1.96850400,3.70078700
11.72430736,1.57480300,3.77952800
11.75630736,-2.75590500,3.77952800
11.78830736,-5.11811000,3.77952800
11.82030736,1.18110200,3.77952800
11.85230736,-3.54330700,3.77952800
11.88430736,-4.33070900,3.77952800
11.91630736,-4.33070900,3.77952800
11.94830735,-3.14960600,3.77952800
11.98030735,-7.48031400,3.77952800
12.01230735,-6.29921200,3.77952800
12.04430735,-9.44881800,3.77952800
12.07630735,-4.33070900,3.77952800
12.10830735,-11.02362000,3.70078700
12.14030735,-8.26771600,3.70078700
12.17230735,-11.81102000,3.77952800
12.20430735,-2.75590500,3.77952800
12.23630735,-13.38583000,3.77952800
12.26830735,-3.93700800,3.77952800
12.30030734,-8.66141700,3.70078700
12.33230734,-2.75590500,3.77952800
12.36430734,-9.05511800,3.77952800
12.39630734,-1.57480300,3.77952800
12.42830734,-7.87401500,3.70078700
12.46030734,1.18110200,3.77952800
12.49230734,-4.33070900,3.70078700
12.52430734,-3.54330700,3.77952800
12.55630734,-5.90551100,3.70078700
12.58830734,-0.39370070,3.70078700
12.62030734,-12.59842000,3.70078700
12.65230733,1.18110200,3.77952800
12.68430733,-4.33070900,3.77952800
12.71630733,-4.72440900,3.77952800
12.74830733,-6.29921200,3.77952800
12.78030733,-1.18110200,3.77952800
12.81230733,-7.48031400,3.70078700
12.84430733,1.96850400,3.77952800
12.87630733,-5.11811000,3.77952800
12.90830733,-1.18110200,3.77952800
12.94030733,-1.57480300,3.70078700
12.97230733,-3.54330700,3.77952800
13.00430732,-3.14960600,3.77952800
13.03630732,0.39370070,3.70078700
13.06830732,-2.75590500,3.77952800
13.10030732,-7.48031400,3.77952800
13.13230732,-6.69291300,3.70078700
13.16430732,-7.87401500,3.77952800
13.19630732,-6.29921200,3.77952800
13.22830732,-10.62992000,3.77952800
13.26030732,-8.66141700,3.77952800
13.29230732,-10.23622000,3.70078700
13.32430732,-10.62992000,3.77952800
13.35630731,-16.14173000,3.77952800
13.38830731,-6.29921200,3.77952800
13.42030731,-9.84251900,3.77952800
13.45230731,-7.87401500,3.77952800
13.48430731,-14.96063000,3.77952800
13.51630731,-8.66141700,3.77952800
13.54830731,-16.92913000,3.70078700
13.58030731,-6.69291300,3.77952800
13.61230731,-14.96063000,3.70078700
13.64430731,-9.05511800,3.70078700
13.67630731,-14.56693000,3.77952800
13.70830730,-11.41732000,3.77952800
13.74030730,-19.68504000,3.70078700
13.77230730,-1.18110200,3.77952800
13.80430730,-12.99213000,3.77952800
13.83630730,-8.66141700,3.70078700
13.86830730,-18.11024000,3.70078700
13.90030730,-2.75590500,3.77952800
13.93230730,-11.41732000,3.70078700
13.96430730,-5.90551100,3.77952800
13.99630730,-10.23622000,3.77952800
14.02830730,-4.33070900,3.77952800
14.06030729,-11.02362000,3.70078700
14.09230729,-9.44881800,3.77952800
14.12430729,-7.08661400,3.77952800
14.15630729,-3.93700800,3.70078700
14.18830729,-9.84251900,3.70078700
14.22030729,-5.51181100,3.77952800
14.25230729,-5.51181100,3.77952800
14.28430729,-7.48031400,3.77952800
14.31630729,-6.29921200,3.70078700
14.34830729,-4.33070900,3.77952800
14.38030729,-3.14960600,3.70078700
14.41230728,-3.54330700,3.77952800
14.44430728,-4.33070900,3.77952800
14.47630728,-7.87401500,3.77952800
14.50830728,-2.36220500,3.77952800
14.54030728,-8.66141700,3.77952800
14.57230728,-8.66141700,3.77952800
14.60430728,-9.84251900,3.77952800
14.63630728,-10.62992000,3.77952800
14.66830728,-17.71653000,3.77952800
14.70030728,-9.05511800,3.77952800
14.73230728,-13.38583000,3.77952800
14.76430727,-8.66141700,3.70078700
14.79630727,-15.35433000,3.77952800
14.82830727,-12.20472000,3.77952800
14.86030727,-12.99213000,3.70078700
14.89230727,-8.26771600,3.77952800
14.92430727,-14.96063000,3.77952800
14.95630727,-5.51181100,3.70078700
14.98830727,-11.02362000,3.77952800
15.02030727,-5.51181100,3.77952800
15.05230727,-12.59842000,3.70078700
15.08430727,-5.51181100,3.77952800
15.11630726,-10.23622000,3.70078700
15.14830726,-4.33070900,3.77952800
15.18030726,-18.11024000,3.77952800
15.21230726,-4.72440900,3.70078700
15.24430726,-10.23622000,3.77952800
15.27630726,-7.48031400,3.77952800
15.30830726,-15.35433000,3.70078700
15.34030726,-1.57480300,3.77952800
15.37230726,-7.87401500,3.70078700
15.40430726,-8.66141700,3.70078700
15.43630726,-8.26771600,3.70078700
15.46830725,-2.75590500,3.77952800
15.50030725,-11.02362000,3.70078700
15.53230725,-1.96850400,3.77952800
15.56430725,-6.29921200,3.70078700
15.59630725,-4.33070900,3.77952800
15.62830725,-6.69291300,3.77952800
15.66030725,-7.87401500,3.77952800
15.69230725,-6.69291300,3.77952800
15.72430725,-4.33070900,3.70078700
15.75630725,-9.05511800,3.77952800
15.78830725,-11.81102000,3.77952800
15.82030724,-6.69291300,3.77952800
15.85230724,-11.41732000,3.77952800
15.88430724,-9.84251900,3.77952800
15.91630724,-11.81102000,3.77952800
15.94830724,-9.05511800,3.77952800
15.98030724,-12.20472000,3.77952800
16.01230724,-11.81102000,3.77952800
16.04430724,-16.92913000,3.77952800
16.07630724,-7.08661400,3.77952800
16.10830724,-12.20472000,3.77952800
16.14030724,-10.23622000,3.70078700
16.17230723,-15.35433000,3.70078700
16.20430723,-10.23622000,3.77952800
16.23630723,-23.22835000,3.77952800
16.26830723,-9.44881800,3.77952800
16.30030723,-15.35433000,3.70078700
16.33230723,-10.62992000,3.77952800
16.36430723,-16.14173000,3.70078700
16.39630723,-10.62992000,3.77952800
16.42830723,-13.77953000,3.70078700
16.46030723,-3.54330700,3.77952800
16.49230723,-11.02362000,3.70078700
16.52430723,-6.69291300,3.77952800
16.55630722,-9.44881800,3.77952800
16.58830722,-3.54330700,3.77952800
16.62030722,-11.41732000,3.70078700
16.65230722,-4.72440900,3.77952800
16.68430722,-8.26771600,3.77952800
16.71630722,-4.33070900,3.77952800
16.74830722,-9.84251900,3.77952800
16.78030722,-7.08661400,3.77952800
16.81230722,-7.08661400,3.70078700
16.84430722,-5.11811000,3.77952800
16.87630722,-11.41732000,3.70078700
16.90830721,-4.33070900,3.77952800
16.94030721,-3.54330700,3.70078700
16.97230721,-5.51181100,3.77952800
17.00430721,-5.11811000,3.77952800
17.03630721,-2.75590500,3.77952800
17.06830721,-3.54330700,3.70078700
17.10030721,-6.29921200,3.77952800
17.13230721,-7.08661400,3.70078700
17.16430721,-8.66141700,3.77952800
17.19630721,-5.90551100,3.77952800
17.22830721,-13.38583000,3.77952800
17.26030720,-11.41732000,3.77952800
17.29230720,-9.84251900,3.70078700
17.32430720,-10.62992000,3.77952800
17.35630720,-16.92913000,3.77952800
17.38830720,-10.23622000,3.77952800
17.42030720,-10.62992000,3.77952800
17.45230720,-11.41732000,3.77952800
17.48430720,-16.53543000,3.77952800
17.51630720,-5.11811000,3.77952800
17.54830720,-10.23622000,3.77952800
17.58030720,-4.33070900,3.70078700
17.61230719,-14.96063000,3.77952800
17.64430719,-3.93700800,3.77952800
17.67630719,-14.96063000,3.70078700
17.70830719,-8.26771600,3.77952800
17.74030719,-14.96063000,3.70078700
17.77230719,-6.29921200,3.70078700
17.80430719,-13.38583000,3.70078700
17.83630719,-7.48031400,3.70078700
17.86830719,-16.92913000,3.77952800
17.90030719,-3.54330700,3.77952800
17.93230719,-10.62992000,3.70078700
17.96430718,-9.05511800,3.77952800
17.99630718,-14.96063000,3.70078700
18.02830718,-1.18110200,3.77952800
18.06030718,-5.51181100,3.77952800
18.09230718,-7.87401500,3.77952800
18.12430718,-3.93700800,3.70078700
18.15630718,-4.33070900,3.77952800
18.18830718,-12.99213000,3.77952800
18.22030718,-4.33070900,3.77952800
18.25230718,-5.51181100,3.77952800
18.28430718,-5.51181100,3.70078700
18.31630717,-10.23622000,3.77952800
18.34830717,-9.05511800,3.77952800
18.38030717,-5.90551100,3.77952800
18.41230717,-5.11811000,3.77952800
18.44430717,-9.05511800,3.70078700
18.47630717,-8.26771600,3.77952800
18.50830717,-4.72440900,3.70078700
18.54030717,-11.81102000,3.77952800
18.57230717,-11.81102000,3.77952800
18.60430717,-10.23622000,3.77952800
18.63630717,-7.08661400,3.77952800
18.66830716,-12.20472000,3.70078700
18.70030716,-12.20472000,3.77952800
18.73230716,-15.35433000,3.70078700
18.76430716,-9.44881800,3.77952800
18.79630716,-16.92913000,3.77952800
18.82830716,-12.59842000,3.77952800
18.86030716,-12.59842000,3.77952800
18.89230716,-10.62992000,3.77952800
18.92430716,-20.86614000,3.70078700
18.95630716,-8.26771600,3.77952800
18.98830716,-12.20472000,3.77952800
19.02030715,-7.87401500,3.77952800
19.05230715,-11.81102000,3.77952800
19.08430715,-5.51181100,3.77952800
19.11630715,-10.62992000,3.70078700
19.14830715,-7.48031400,3.77952800
19.18030715,-14.56693000,3.70078700
19.21230715,-1.96850400,3.70078700
19.24430715,-5.90551100,3.77952800
19.27630715,-7.48031400,3.77952800
19.30830715,-14.17323000,3.70078700
19.34030715,-4.33070900,3.77952800
19.37230714,-10.62992000,3.77952800
19.40430714,-5.90551100,3.77952800
19.43630714,-10.62992000,3.70078700
19.46830714,-3.54330700,3.77952800
19.50030714,-8.66141700,3.70078700
19.53230714,-6.69291300,3.77952800
19.56430714,-8.26771600,3.77952800
19.59630714,-0.78740150,3.77952800
19.62830714,-3.14960600,3.77952800
19.66030714,-7.48031400,3.77952800
19.69230714,-4.72440900,3.70078700
19.72430713,-0.78740150,3.77952800
19.75630713,-5.51181100,3.70078700
19.78830713,-5.51181100,3.77952800
19.82030713,-3.14960600,3.70078700
19.85230713,-8.26771600,3.77952800
19.88430713,-8.26771600,3.77952800
19.91630713,-14.96063000,3.77952800
19.94830713,-9.05511800,3.77952800
19.98030713,-6.69291300,3.77952800
20.01230713,-14.17323000,3.77952800
20.04430713,-14.96063000,3.77952800
20.07630712,-5.51181100,3.77952800
20.10830712,-14.17323000,3.77952800
20.14030712,-7.08661400,3.77952800
20.17230712,-12.99213000,3.77952800
20.20430712,-5.11811000,3.77952800
20.23630712,-13.77953000,3.70078700
20.26830712,-8.26771600,3.77952800
20.30030712,-16.92913000,3.70078700
20.33230712,-7.87401500,3.77952800
20.36430712,-19.29134000,3.70078700
20.39630712,-8.66141700,3.77952800
20.42830711,-12.20472000,3.70078700
20.46030711,-8.66141700,3.77952800
20.49230711,-17.32283000,3.77952800
20.52430711,-7.48031400,3.77952800
20.55630711,-14.56693000,3.70078700
20.58830711,-3.93700800,3.77952800
20.62030711,-10.23622000,3.70078700
20.65230711,-7.48031400,3.77952800
20.68430711,-12.59842000,3.70078700
20.71630711,-1.18110200,3.77952800
20.74830711,-9.44881800,3.70078700
20.78030710,-6.69291300,3.77952800
20.81230710,-5.90551100,3.70078700
20.84430710,-6.29921200,3.70078700
20.87630710,-18.50394000,3.70078700
20.90830710,-2.75590500,3.77952800
20.94030710,-6.69291300,3.77952800
20.97230710,-8.26771600,3.77952800
21.00430710,-10.23622000,3.77952800
21.03630710,-7.08661400,3.77952800
21.06830710,-8.66141700,3.77952800
21.10030710,-7.87401500,3.77952800
21.13230709,-8.26771600,3.77952800
21.16430709,-7.08661400,3.77952800
21.19630709,-4.33070900,3.77952800
21.22830709,-13.38583000,3.77952800
21.26030709,-10.62992000,3.77952800
21.29230709,-7.87401500,3.77952800
21.32430709,-9.44881800,3.77952800
21.35630709,-14.56693000,3.77952800
21.38830709,-10.23622000,3.77952800
21.42030709,-14.96063000,3.70078700
21.45230709,-9.44881800,3.77952800
21.48430708,-14.96063000,3.70078700
21.51630708,-9.44881800,3.77952800
21.54830708,-14.96063000,3.77952800
21.58030708,-7.87401500,3.77952800
21.61230708,-16.53543000,3.77952800
21.64430708,-7.08661400,3.77952800
21.67630708,-13.38583000,3.70078700
21.70830708,-7.08661400,3.77952800
21.74030708,-11.41732000,3.70078700
21.77230708,-4.33070900,3.77952800
21.80430708,-14.96063000,3.77952800
21.83630707,-5.11811000,3.77952800
21.86830707,-11.81102000,3.70078700
21.90030707,-5.11811000,3.70078700
21.93230707,-8.66141700,3.70078700
21.96430707,-10.62992000,3.70078700
21.99630707,-13.77953000,3.77952800
22.02830707,-2.36220500,3.77952800
22.06030707,-13.38583000,3.77952800
22.09230707,-5.51181100,3.77952800
22.12430707,-6.29921200,3.70078700
22.15630707,-3.54330700,3.77952800
22.18830706,-9.05511800,3.70078700
22.22030706,-3.54330700,3.77952800
22.25230706,-5.90551100,3.70078700
22.28430706,-1.18110200,3.77952800
22.31630706,-5.11811000,3.77952800
22.34830706,-5.11811000,3.77952800
22.38030706,-1.18110200,3.77952800
22.41230706,-3.54330700,3.77952800
22.44430706,-8.26771600,3.77952800
22.47630706,-5.90551100,3.77952800
22.50830706,-5.51181100,3.77952800
22.54030705,-10.62992000,3.77952800
22.57230705,-9.44881800,3.77952800
22.60430705,-10.62992000,3.77952800
22.63630705,-7.08661400,3.77952800
22.66830705,-9.44881800,3.77952800
22.70030705,-9.05511800,3.77952800
22.73230705,-10.62992000,3.77952800
22.76430705,-5.11811000,3.77952800
22.79630705,-13.38583000,3.77952800
22.82830705,-7.87401500,3.77952800
22.86030705,-10.62992000,3.70078700
22.89230704,-6.69291300,3.77952800
22.92430704,-14.56693000,3.77952800
22.95630704,-6.69291300,3.70078700
22.98830704,-13.38583000,3.70078700
23.02030704,-6.69291300,3.77952800
23.05230704,-15.35433000,3.77952800
23.08430704,-6.29921200,3.77952800
23.11630704,-7.87401500,3.70078700
23.14830704,-3.14960600,3.77952800
23.18030704,-14.56693000,3.70078700
23.21230704,0.00000000,3.77952800
23.24430703,-7.08661400,3.70078700
23.27630703,-3.14960600,3.77952800
23.30830703,-8.66141700,3.70078700
23.34030703,-0.39370070,3.77952800
23.37230703,-8.66141700,3.70078700
23.40430703,-3.93700800,3.77952800
23.43630703,-8.66141700,3.77952800
23.46830703,-3.14960600,3.77952800
23.50030703,-3.14960600,3.77952800
23.53230703,-5.51181100,3.77952800
23.56430703,-7.87401500,3.70078700
23.59630702,-0.39370070,3.77952800
23.62830702,-5.51181100,3.77952800
23.66030702,-5.11811000,3.77952800
23.69230702,-1.18110200,3.70078700
23.72430702,0.39370070,3.77952800
23.75630702,-2.36220500,3.77952800
23.78830702,-2.75590500,3.70078700
23.82030702,-2.75590500,3.77952800
23.85230702,-3.54330700,3.77952800
23.88430702,-3.14960600,3.77952800
23.91630702,-9.05511800,3.77952800
23.94830702,-4.72440900,3.77952800
23.98030701,-8.26771600,3.77952800
24.01230701,-11.02362000,3.77952800
24.04430701,-12.59842000,3.77952800
24.07630701,-3.54330700,3.77952800
24.10830701,-11.41732000,3.77952800
24.14030701,-7.48031400,3.77952800
24.17230701,-12.59842000,3.77952800
24.20430701,-8.26771600,3.77952800
24.23630701,-14.17323000,3.70078700
24.26830701,-4.33070900,3.77952800
24.30030701,-10.62992000,3.77952800
24.33230700,-4.33070900,3.77952800
24.36430700,-13.38583000,3.70078700
24.39630700,-7.08661400,3.77952800
24.42830700,-12.20472000,3.77952800
24.46030700,-1.57480300,3.77952800
24.49230700,-13.38583000,3.70078700
24.52430700,-7.48031400,3.77952800
24.55630700,-15.35433000,3.70078700
24.58830700,-4.72440900,3.77952800
24.62030700,-10.62992000,3.77952800
24.65230700,-6.69291300,3.77952800
24.68430699,-7.08661400,3.77952800
24.71630699,-3.54330700,3.77952800
24.74830699,-17.32283000,3.77952800
24.78030699,-3.54330700,3.77952800
24.81230699,-3.93700800,3.77952800
24.84430699,-4.33070900,3.77952800
24.87630699,-9.05511800,3.77952800
24.90830699,-3.54330700,3.77952800
24.94030699,-7.08661400,3.77952800
24.97230699,-7.08661400,3.77952800
25.00430699,-7.48031400,3.70078700
25.03630698,-6.29921200,3.77952800
25.06830698,-7.08661400,3.77952800
25.10030698,-7.87401500,3.77952800
25.13230698,-10.62992000,3.77952800
25.16430698,-8.66141700,3.77952800
25.19630698,-5.90551100,3.77952800
25.22830698,-13.38583000,3.77952800
25.26030698,-9.84251900,3.77952800
25.29230698,-11.02362000,3.77952800
25.32430698,-11.81102000,3.77952800
25.35630698,-14.56693000,3.77952800
25.38830697,-9.84251900,3.77952800
25.42030697,-10.62992000,3.77952800
25.45230697,-9.44881800,3.77952800
25.48430697,-16.53543000,3.77952800
25.51630697,-10.23622000,3.77952800
25.54830697,-12.99213000,3.77952800
25.58030697,-12.20472000,3.77952800
25.61230697,-18.11024000,3.70078700
25.64430697,-5.11811000,3.77952800
25.67630697,-13.38583000,3.77952800
25.70830697,-10.23622000,3.77952800
25.74030696,-14.96063000,3.70078700
25.77230696,-2.36220500,3.77952800
25.80430696,-9.05511800,3.77952800
25.83630696,-5.11811000,3.77952800
25.86830696,-15.35433000,3.70078700
25.90030696,-1.96850400,3.77952800
25.93230696,-10.62992000,3.77952800
25.96430696,-7.48031400,3.70078700
25.99630696,-10.23622000,3.70078700
26.02830696,-2.36220500,3.77952800
26.06030696,-13.38583000,3.70078700
26.09230695,-8.26771600,3.77952800
26.12430695,-9.84251900,3.70078700
26.15630695,-5.90551100,3.77952800
26.18830695,-7.08661400,3.77952800
26.22030695,-6.29921200,3.77952800
26.25230695,-6.29921200,3.77952800
26.28430695,-1.57480300,3.77952800
26.31630695,-6.69291300,3.77952800
26.34830695,-3.54330700,3.77952800
26.38030695,0.78740150,3.77952800
26.41230695,-2.75590500,3.77952800
26.44430694,-5.90551100,3.77952800
26.47630694,-6.69291300,3.77952800
26.50830694,-5.90551100,3.77952800
26.54030694,-8.66141700,3.77952800
26.57230694,-8.66141700,3.77952800
26.60430694,-12.20472000,3.77952800
26.63630694,-8.66141700,3.77952800
26.66830694,-13.38583000,3.77952800
26.70030694,-14.56693000,3.77952800
26.73230694,-14.17323000,3.77952800
26.76430694,-5.11811000,3.77952800
26.79630693,-13.77953000,3.77952800
26.82830693,-8.66141700,3.70078700
26.86030693,-12.59842000,3.77952800
26.89230693,-9.05511800,3.70078700
26.92430693,-19.29134000,3.77952800
26.95630693,-5.51181100,3.77952800
26.98830693,-12.59842000,3.77952800
27.02030693,-9.84251900,3.77952800
27.05230693,-16.92913000,3.77952800
27.08430693,-9.44881800,3.77952800
27.11630693,-15.74803000,3.70078700
27.14830692,-5.11811000,3.77952800
27.18030692,-14.96063000,3.77952800
27.21230692,-7.87401500,3.77952800
27.24430692,-15.35433000,3.70078700
27.27630692,-7.48031400,3.77952800
27.30830692,-10.62992000,3.77952800
27.34030692,-5.11811000,3.70078700
27.37230692,-8.66141700,3.77952800
27.40430692,-5.11811000,3.70078700
27.43630692,-17.32283000,3.77952800
27.46830692,-2.75590500,3.77952800
27.50030691,-5.51181100,3.77952800
27.53230691,-8.66141700,3.70078700
27.56430691,-12.59842000,3.70078700
27.59630691,-3.93700800,3.77952800
27.62830691,-10.62992000,3.70078700
27.66030691,-9.84251900,3.77952800
27.69230691,-7.87401500,3.77952800
27.72430691,-6.29921200,3.77952800
27.75630691,-6.29921200,3.77952800
27.78830691,-9.05511800,3.77952800
27.82030691,-8.26771600,3.77952800
27.85230690,-7.08661400,3.77952800
27.88430690,-6.29921200,3.77952800
27.91630690,-11.41732000,3.77952800
27.94830690,-5.90551100,3.77952800
27.98030690,-8.26771600,3.77952800
28.01230690,-9.44881800,3.77952800
28.04430690,-13.77953000,3.77952800
28.07630690,-8.66141700,3.77952800
28.10830690,-15.74803000,3.77952800
28.14030690,-9.44881800,3.77952800
28.17230690,-15.35433000,3.70078700
28.20430689,-10.23622000,3.77952800
28.23630689,-18.50394000,3.77952800
28.26830689,-9.44881800,3.77952800
28.30030689,-16.14173000,3.77952800
28.33230689,-5.90551100,3.77952800
28.36430689,-18.89764000,3.70078700
28.39630689,-7.48031400,3.77952800
28.42830689,-11.41732000,3.70078700
28.46030689,-4.72440900,3.77952800
28.49230689,-12.99213000,3.70078700
28.52430689,-5.90551100,3.77952800
28.55630688,-8.66141700,3.77952800
28.58830688,-4.72440900,3.77952800
28.62030688,-11.81102000,3.70078700
28.65230688,-7.87401500,3.77952800
28.68430688,-12.59842000,3.70078700
28.71630688,-2.75590500,3.77952800
28.74830688,-12.20472000,3.77952800
28.78030688,-5.90551100,3.77952800
28.81230688,-5.11811000,3.70078700
28.84430688,-4.72440900,3.77952800
28.87630688,-11.02362000,3.77952800
28.90830687,-2.36220500,3.77952800
28.94030687,-4.33070900,3.77952800
28.97230687,-3.93700800,3.77952800
29.00430687,-6.69291300,3.70078700
29.03630687,-5.51181100,3.77952800
29.06830687,-3.14960600,3.77952800
29.10030687,-6.69291300,3.77952800
29.13230687,-7.08661400,3.70078700
29.16430687,-6.69291300,3.77952800
29.19630687,-8.26771600,3.77952800
29.22830687,-14.17323000,3.77952800
29.26030686,-10.62992000,3.77952800
29.29230686,-12.20472000,3.77952800
29.32430686,-8.66141700,3.70078700
29.35630686,-13.38583000,3.77952800
29.38830686,-12.20472000,3.77952800
29.42030686,-13.38583000,3.77952800
29.45230686,-7.87401500,3.77952800
29.48430686,-16.92913000,3.70078700
29.51630686,-6.69291300,3.77952800
29.54830686,-11.41732000,3.77952800
29.58030686,-12.59842000,3.77952800
29.61230685,-19.68504000,3.70078700
29.64430685,-7.08661400,3.77952800
29.67630685,-13.77953000,3.70078700
29.70830685,-10.62992000,3.77952800
29.74030685,-15.74803000,3.70078700
29.77230685,-8.26771600,3.77952800
29.80430685,-14.17323000,3.77952800
29.83630685,-6.29921200,3.77952800
29.86830685,-11.81102000,3.70078700
29.90030685,-2.75590500,3.77952800
29.93230685,-12.59842000,3.77952800
29.96430684,-4.72440900,3.77952800
29.99630684,-8.66141700,3.70078700
30.02830684,-3.93700800,3.77952800
30.06030684,-9.05511800,3.77952800
30.09230684,-4.72440900,3.77952800
30.12430684,-8.26771600,3.70078700
30.15630684,-4.72440900,3.77952800
30.18830684,-6.69291300,3.70078700
30.22030684,-7.48031400,3.77952800
30.25230684,-5.90551100,3.70078700
30.28430684,0.00000000,3.70078700
30.31630683,-5.90551100,3.77952800
30.34830683,-5.90551100,3.77952800
30.38030683,-1.96850400,3.77952800
30.41230683,-2.75590500,3.77952800
30.44430683,-2.75590500,3.77952800
30.47630683,-2.36220500,3.77952800
30.50830683,-0.78740150,3.77952800
30.54030683,-5.51181100,3.77952800
30.57230683,-6.69291300,3.77952800
30.60430683,-11.41732000,3.77952800
30.63630683,-4.33070900,3.77952800
30.66830682,-10.62992000,3.77952800
30.70030682,-12.59842000,3.77952800
30.73230682,-15.35433000,3.77952800
30.76430682,-7.87401500,3.77952800
30.79630682,-15.35433000,3.77952800
30.82830682,-9.84251900,3.77952800
30.86030682,-12.59842000,3.70078700
30.89230682,-7.08661400,3.77952800
30.92430682,-12.20472000,3.70078700
30.95630682,-10.23622000,3.77952800
30.98830682,-11.81102000,3.77952800
31.02030682,-1.18110200,3.77952800
31.05230681,-12.20472000,3.70078700
31.08430681,-3.93700800,3.77952800
31.11630681,-6.69291300,3.77952800
31.14830681,-7.08661400,3.77952800
31.18030681,-13.38583000,3.70078700
31.21230681,-3.14960600,3.70078700
31.24430681,-13.77953000,3.77952800
31.27630681,-2.75590500,3.77952800
31.30830681,-10.23622000,3.70078700
31.34030681,-7.87401500,3.77952800
31.37230681,-7.48031400,3.70078700
31.40430680,-1.96850400,3.77952800
31.43630680,-8.26771600,3.77952800
31.46830680,-2.75590500,3.77952800
31.50030680,-3.54330700,3.77952800
31.53230680,-4.72440900,3.77952800
31.56430680,-9.05511800,3.70078700
31.59630680,1.18110200,3.77952800
31.62830680,-2.36220500,3.77952800
31.66030680,-3.54330700,3.77952800
31.69230680,-6.69291300,3.70078700
31.72430680,-5.11811000,3.77952800
31.75630679,-3.54330700,3.77952800
31.78830679,-6.69291300,3.77952800
31.82030679,-5.51181100,3.77952800
31.85230679,-5.11811000,3.70078700
31.88430679,-7.08661400,3.77952800
31.91630679,-12.59842000,3.77952800
31.94830679,-7.08661400,3.77952800
31.98030679,-8.66141700,3.77952800
32.01230679,-6.69291300,3.77952800
32.04430679,-12.59842000,3.77952800
32.07630679,-10.23622000,3.77952800
32.10830678,-13.38583000,3.77952800
32.14030678,-8.66141700,3.77952800
32.17230678,-14.17323000,3.77952800
32.20430678,-5.90551100,3.70078700
32.23630678,-13.38583000,3.70078700
32.26830678,-14.17323000,3.77952800
32.30030678,-24.01575000,3.70078700
32.33230678,-5.51181100,3.77952800
32.36430678,-14.17323000,3.70078700
32.39630678,-9.84251900,3.77952800
32.42830678,-13.77953000,3.77952800
32.46030677,-6.29921200,3.77952800
32.49230677,-11.81102000,3.70078700
32.52430677,-6.29921200,3.77952800
32.55630677,-8.26771600,3.77952800
32.58830677,-1.18110200,3.77952800
32.62030677,-10.23622000,3.77952800
32.65230677,-6.29921200,3.77952800
32.68430677,-7.48031400,3.70078700
32.71630677,-3.54330700,3.77952800
32.74830677,-10.23622000,3.77952800
32.78030677,-3.93700800,3.77952800
32.81230676,-7.87401500,3.70078700
32.84430676,-5.11811000,3.77952800
32.87630676,-7.87401500,3.70078700
32.90830676,-7.08661400,3.77952800
32.94030676,-4.33070900,3.77952800
32.97230676,-0.78740150,3.77952800
33.00430676,-5.90551100,3.77952800
33.03630676,-4.33070900,3.77952800
33.06830676,-1.18110200,3.77952800
33.10030676,-4.33070900,3.77952800
33.13230676,-4.72440900,3.77952800
33.16430675,-5.90551100,3.77952800
33.19630675,-6.29921200,3.77952800
33.22830675,-11.02362000,3.77952800
33.26030675,-11.02362000,3.77952800
33.29230675,-12.59842000,3.77952800
33.32430675,-6.69291300,3.77952800
33.35630675,-12.59842000,3.77952800
33.38830675,-12.20472000,3.77952800
33.42030675,-11.41732000,3.70078700
33.45230675,-7.87401500,3.77952800
33.48430675,-14.96063000,3.77952800
33.51630674,-7.48031400,3.70078700
33.54830674,-10.23622000,3.77952800
33.58030674,-5.51181100,3.77952800
33.61230674,-13.77953000,3.70078700
33.64430674,-6.69291300,3.77952800
33.67630674,-10.62992000,3.77952800
33.70830674,-4.33070900,3.77952800
33.74030674,-16.92913000,3.77952800
33.77230674,-5.11811000,3.77952800
33.80430674,-9.05511800,3.77952800
33.83630674,-5.51181100,3.77952800
33.86830673,-12.59842000,3.70078700
33.90030673,-2.75590500,3.77952800
33.93230673,-9.05511800,3.77952800
33.96430673,-4.33070900,3.70078700
33.99630673,-7.48031400,3.70078700
34.02830673,-3.54330700,3.77952800
34.06030673,-3.14960600,3.77952800
34.09230673,-2.36220500,3.77952800
34.12430673,-9.05511800,3.70078700
34.15630673,1.96850400,3.70078700
34.18830673,-3.54330700,3.77952800
34.22030672,-3.93700800,3.77952800
34.25230672,-5.11811000,3.77952800
34.28430672,0.00000000,3.77952800
34.31630672,-5.51181100,3.77952800
34.34830672,-3.54330700,3.77952800
34.38030672,-4.33070900,3.70078700
34.41230672,-2.36220500,3.77952800
34.44430672,-1.96850400,3.77952800
34.47630672,-5.11811000,3.77952800
34.50830672,-2.75590500,3.77952800
34.54030672,-1.96850400,3.77952800
34.57230671,-5.11811000,3.70078700
34.60430671,-9.44881800,3.77952800
34.63630671,-3.93700800,3.77952800
34.66830671,-7.48031400,3.77952800
34.70030671,-7.87401500,3.77952800
34.73230671,-10.62992000,3.77952800
34.76430671,-5.90551100,3.77952800
34.79630671,-11.02362000,3.77952800
34.82830671,-8.26771600,3.77952800
34.86030671,-14.56693000,3.70078700
34.89230671,-4.33070900,3.77952800
34.92430670,-10.62992000,3.77952800
34.95630670,-8.26771600,3.70078700
34.98830670,-10.62992000,3.77952800
35.02030670,-2.36220500,3.77952800
35.05230670,-11.02362000,3.70078700
35.08430670,-3.93700800,3.77952800
35.11630670,-3.14960600,3.77952800
35.14830670,-1.18110200,3.77952800
35.18030670,-9.05511800,3.77952800
35.21230670,-0.78740150,3.77952800
35.24430670,-10.62992000,3.77952800
35.27630669,2.36220500,3.77952800
35.30830669,-7.08661400,3.70078700
35.34030669,-5.11811000,3.77952800
35.37230669,-4.33070900,3.77952800
35.40430669,-2.36220500,3.77952800
35.43630669,-16.53543000,3.70078700
35.46830669,-0.39370070,3.77952800
35.50030669,-3.54330700,3.77952800
35.53230669,-1.57480300,3.77952800
35.56430669,-4.72440900,3.70078700
35.59630669,-1.96850400,3.77952800
35.62830668,-1.96850400,3.77952800
35.66030668,-0.78740150,3.77952800
35.69230668,-4.33070900,3.77952800
35.72430668,-1.96850400,3.77952800
35.75630668,-3.14960600,3.70078700
35.78830668,-5.90551100,3.77952800
35.82030668,-7.08661400,3.77952800
35.85230668,-6.69291300,3.77952800
35.88430668,-5.11811000,3.77952800
35.91630668,-10.62992000,3.77952800
35.94830668,-10.62992000,3.77952800
35.98030667,-13.77953000,3.77952800
36.01230667,-9.05511800,3.77952800
36.04430667,-13.77953000,3.77952800
36.07630667,-9.44881800,3.77952800
36.10830667,-10.23622000,3.77952800
36.14030667,-8.26771600,3.77952800
36.17230667,-18.50394000,3.77952800
36.20430667,-7.48031400,3.77952800
36.23630667,-12.20472000,3.77952800
36.26830667,-10.62992000,3.77952800
36.30030667,-16.53543000,3.70078700
36.33230666,-9.44881800,3.77952800
36.36430666,-16.14173000,3.70078700
36.39630666,-7.87401500,3.77952800
36.42830666,-16.92913000,3.70078700
36.46030666,-7.87401500,3.77952800
36.49230666,-16.92913000,3.70078700
36.52430666,-5.51181100,3.77952800
36.55630666,-14.96063000,3.77952800
36.58830666,-4.72440900,3.70078700
36.62030666,-10.23622000,3.70078700
36.65230666,-5.11811000,3.77952800
36.68430665,-8.66141700,3.70078700
36.71630665,-3.93700800,3.77952800
36.74830665,-7.48031400,3.77952800
36.78030665,-6.69291300,3.77952800
36.81230665,-10.23622000,3.70078700
36.84430665,-1.96850400,3.70078700
36.87630665,-5.51181100,3.77952800
36.90830665,-8.26771600,3.77952800
36.94030665,-6.29921200,3.70078700
36.97230665,-2.75590500,3.77952800
37.00430665,-6.69291300,3.77952800
37.03630664,-4.33070900,3.77952800
37.06830664,-2.75590500,3.77952800
37.10030664,-3.54330700,3.77952800
37.13230664,-4.33070900,3.77952800
37.16430664,-7.48031400,3.77952800
37.19630664,-2.75590500,3.77952800
37.22830664,-5.11811000,3.70078700
37.26030664,-7.08661400,3.77952800
37.29230664,-12.59842000,3.77952800
37.32430664,-7.08661400,3.77952800
37.35630664,-13.38583000,3.77952800
37.38830663,-12.99213000,3.77952800
37.42030663,-12.59842000,3.77952800
37.45230663,-9.05511800,3.77952800
37.48430663,-13.77953000,3.77952800
37.51630663,-11.02362000,3.77952800
37.54830663,-14.56693000,3.77952800
37.58030663,-5.51181100,3.77952800
37.61230663,-13.38583000,3.77952800
37.64430663,-7.48031400,3.70078700
37.67630663,-11.81102000,3.70078700
37.70830663,-5.11811000,3.70078700
37.74030662,-14.96063000,3.70078700
37.77230662,-5.11811000,3.77952800
37.80430662,-13.38583000,3.70078700
37.83630662,-1.96850400,3.77952800
37.86830662,-12.20472000,3.70078700
37.90030662,-8.26771600,3.77952800
37.93230662,-15.74803000,3.70078700
37.96430662,-3.54330700,3.77952800
37.99630662,-12.20472000,3.70078700
38.02830662,-8.26771600,3.77952800
38.06030662,-8.26771600,3.77952800
38.09230662,-5.51181100,3.77952800
38.12430661,-17.32283000,3.70078700
38.15630661,-1.18110200,3.77952800
38.18830661,-5.11811000,3.70078700
38.22030661,-4.72440900,3.77952800
38.25230661,-8.66141700,3.77952800
38.28430661,-6.29921200,3.77952800
38.31630661,-6.29921200,3.77952800
38.34830661,-5.51181100,3.77952800
38.38030661,-6.69291300,3.77952800
38.41230661,-5.51181100,3.77952800
38.44430661,-6.29921200,3.77952800
38.47630660,-10.23622000,3.77952800
38.50830660,-9.84251900,3.77952800
38.54030660,-7.48031400,3.77952800
38.57230660,-8.66141700,3.77952800
38.60430660,-13.38583000,3.77952800
38.63630660,-10.62992000,3.70078700
38.66830660,-12.99213000,3.77952800
38.70030660,-9.44881800,3.77952800
38.73230660,-14.17323000,3.77952800
38.76430660,-9.44881800,3.77952800
38.79630660,-11.81102000,3.77952800
38.82830659,-11.41732000,3.77952800
38.86030659,-22.83464000,3.77952800
38.89230659,-7.48031400,3.77952800
38.92430659,-14.56693000,3.70078700
38.95630659,-13.38583000,3.77952800
38.98830659,-17.71653000,3.70078700
39.02030659,-10.23622000,3.77952800
39.05230659,-16.53543000,3.70078700
39.08430659,-9.44881800,3.77952800
39.11630659,-12.99213000,3.77952800
39.14830659,-6.69291300,3.70078700
39.18030658,-10.62992000,3.77952800
39.21230658,-5.90551100,3.77952800
39.24430658,-11.41732000,3.70078700
39.27630658,-1.57480300,3.77952800
39.30830658,-11.41732000,3.70078700
39.34030658,-5.51181100,3.77952800
39.37230658,-10.23622000,3.70078700
39.40430658,-5.51181100,3.77952800
39.43630658,-11.81102000,3.77952800
39.46830658,-6.69291300,3.77952800
39.50030658,-9.05511800,3.77952800
39.53230657,-4.33070900,3.77952800
39.56430657,-8.66141700,3.70078700
39.59630657,-7.87401500,3.77952800
39.62830657,-5.90551100,3.77952800
39.66030657,-3.93700800,3.77952800
39.69230657,-8.66141700,3.77952800
39.72430657,-5.11811000,3.77952800
39.75630657,-3.54330700,3.70078700
39.78830657,-5.90551100,3.77952800
39.82030657,-6.29921200,3.77952800
39.85230657,-8.66141700,3.77952800
39.88430656,-7.08661400,3.77952800
39.91630656,-9.44881800,3.77952800
39.94830656,-11.81102000,3.77952800
39.98030656,-13.38583000,3.77952800
40.01230656,-7.87401500,3.77952800
40.04430656,-14.17323000,3.77952800
40.07630656,-12.99213000,3.77952800
40.10830656,-13.38583000,3.77952800
40.14030656,-7.87401500,3.77952800
40.17230656,-14.17323000,3.77952800
40.20430656,-7.48031400,3.77952800
40.23630655,-14.17323000,3.77952800
40.26830655,-7.87401500,3.77952800
40.30030655,-17.32283000,3.70078700
40.33230655,-7.48031400,3.77952800
40.36430655,-10.23622000,3.70078700
40.39630655,-6.69291300,3.77952800
40.42830655,-17.32283000,3.70078700
40.46030655,-6.69291300,3.77952800
40.49230655,-14.17323000,3.70078700
40.52430655,-6.69291300,3.77952800
40.55630655,-12.59842000,3.70078700
40.58830654,-6.69291300,3.77952800
40.62030654,-14.96063000,3.77952800
40.65230654,-3.93700800,3.77952800
40.68430654,-10.62992000,3.77952800
40.71630654,-6.29921200,3.70078700
40.74830654,-4.72440900,3.70078700
40.78030654,-5.11811000,3.77952800
40.81230654,-12.59842000,3.70078700
40.84430654,-1.57480300,3.77952800
40.87630654,-6.69291300,3.77952800
40.90830654,-7.08661400,3.77952800
40.94030653,-7.48031400,3.70078700
40.97230653,-4.33070900,3.77952800
41.00430653,-6.69291300,3.77952800
41.03630653,-8.26771600,3.77952800
41.06830653,-8.66141700,3.77952800
41.10030653,-4.72440900,3.77952800
41.13230653,-6.29921200,3.70078700
41.16430653,-10.23622000,3.77952800
41.19630653,-6.69291300,3.77952800
41.22830653,-8.26771600,3.77952800
41.26030653,-9.44881800,3.77952800
41.29230652,-12.99213000,3.77952800
41.32430652,-9.05511800,3.77952800
41.35630652,-12.59842000,3.77952800
41.38830652,-12.20472000,3.77952800
41.42030652,-16.14173000,3.77952800
41.45230652,-11.41732000,3.77952800
41.48430652,-12.59842000,3.77952800
41.51630652,-12.20472000,3.77952800
41.54830652,-16.92913000,3.77952800
41.58030652,-7.08661400,3.77952800
41.61230652,-14.96063000,3.77952800
41.64430651,-12.99213000,3.77952800
41.67630651,-16.53543000,3.77952800
41.70830651,-3.93700800,3.77952800
41.74030651,-13.38583000,3.70078700
41.77230651,-7.48031400,3.77952800
41.80430651,-14.96063000,3.77952800
41.83630651,-3.14960600,3.77952800
41.86830651,-10.23622000,3.77952800
41.90030651,-7.08661400,3.77952800
41.93230651,-12.59842000,3.70078700
41.96430651,-2.75590500,3.77952800
41.99630650,-16.14173000,3.77952800
42.02830650,-9.05511800,3.77952800
42.06030650,-10.23622000,3.70078700
42.09230650,-6.29921200,3.70078700
42.12430650,-12.59842000,3.70078700
42.15630650,-7.48031400,3.77952800
42.18830650,-9.44881800,3.70078700
42.22030650,-5.11811000,3.77952800
42.25230650,-6.69291300,3.77952800
42.28430650,-5.11811000,3.77952800
42.31630650,-2.75590500,3.70078700
42.34830649,-3.54330700,3.77952800
42.38030649,-9.05511800,3.77952800
42.41230649,-2.36220500,3.77952800
42.44430649,-1.96850400,3.77952800
42.47630649,-6.69291300,3.77952800
42.50830649,-5.51181100,3.77952800
42.54030649,-9.84251900,3.77952800
42.57230649,-9.84251900,3.70078700
42.60430649,-12.59842000,3.77952800
42.63630649,-11.41732000,3.77952800
42.66830649,-11.02362000,3.77952800
42.70030648,-7.87401500,3.77952800
42.73230648,-16.14173000,3.77952800
42.76430648,-13.38583000,3.77952800
42.79630648,-12.20472000,3.77952800
42.82830648,-7.48031400,3.70078700
42.86030648,-12.59842000,3.77952800
42.89230648,-4.72440900,3.77952800
42.92430648,-14.17323000,3.70078700
42.95630648,-10.62992000,3.77952800
42.98830648,-20.47244000,3.77952800
43.02030648,-7.08661400,3.77952800
43.05230647,-11.81102000,3.77952800
43.08430647,-11.02362000,3.77952800
43.11630647,-18.11024000,3.70078700
43.14830647,-6.69291300,3.77952800
43.18030647,-17.32283000,3.70078700
43.21230647,-4.72440900,3.77952800
43.24430647,-11.02362000,3.70078700
43.27630647,-4.33070900,3.77952800
43.30830647,-16.14173000,3.70078700
43.34030647,-5.90551100,3.77952800
43.37230647,-10.62992000,3.70078700
43.40430646,-5.90551100,3.77952800
43.43630646,-7.48031400,3.77952800
43.46830646,-7.48031400,3.77952800
43.50030646,-15.74803000,3.70078700
43.53230646,-3.93700800,3.77952800
43.56430646,-11.02362000,3.70078700
43.59630646,-9.84251900,3.77952800
43.62830646,-9.84251900,3.70078700
43.66030646,-6.29921200,3.77952800
43.69230646,-11.41732000,3.70078700
43.72430646,-8.26771600,3.77952800
43.75630645,-7.08661400,3.77952800
43.78830645,-4.72440900,3.77952800
43.82030645,-5.51181100,3.77952800
43.85230645,-10.23622000,3.77952800
43.88430645,-6.69291300,3.77952800
43.91630645,-8.66141700,3.77952800
43.94830645,-10.62992000,3.77952800
43.98030645,-10.62992000,3.77952800
44.01230645,-7.08661400,3.77952800
44.04430645,-12.99213000,3.77952800
44.07630645,-10.62992000,3.77952800
44.10830644,-14.17323000,3.77952800
44.14030644,-9.44881800,3.77952800
44.17230644,-13.77953000,3.77952800
44.20430644,-9.05511800,3.77952800
44.23630644,-13.77953000,3.77952800
44.26830644,-6.69291300,3.77952800
44.30030644,-20.47244000,3.70078700
44.33230644,-7.08661400,3.70078700
44.36430644,-11.41732000,3.70078700
44.39630644,-5.51181100,3.77952800
44.42830644,-19.29134000,3.77952800
44.46030643,-5.11811000,3.77952800
44.49230643,-12.59842000,3.77952800
44.52430643,-6.69291300,3.77952800
44.55630643,-11.41732000,3.77952800
44.58830643,-7.87401500,3.77952800
44.62030643,-12.20472000,3.77952800
44.65230643,-5.11811000,3.77952800
44.68430643,-16.14173000,3.77952800
44.71630643,-4.33070900,3.77952800
44.74830643,-7.87401500,3.77952800
44.78030643,-6.29921200,3.77952800
44.81230642,-10.23622000,3.77952800
44.84430642,-2.36220500,3.77952800
44.87630642,-6.69291300,3.77952800
44.90830642,-3.54330700,3.77952800
44.94030642,-4.72440900,3.77952800
44.97230642,-2.75590500,3.77952800
45.00430642,-2.36220500,3.77952800
45.03630642,-5.11811000,3.77952800
45.06830642,-8.26771600,3.77952800
45.10030642,-1.96850400,3.77952800
45.13230642,-5.90551100,3.77952800
45.16430642,-9.05511800,3.77952800
45.19630641,-5.11811000,3.77952800
45.22830641,-7.08661400,3.77952800
45.26030641,-8.26771600,3.77952800
45.29230641,-10.62992000,3.77952800
45.32430641,-7.87401500,3.77952800
45.35630641,-9.84251900,3.77952800
45.38830641,-7.08661400,3.77952800
45.42030641,-12.59842000,3.77952800
45.45230641,-5.11811000,3.77952800
45.48430641,-9.05511800,3.77952800
45.51630641,-9.05511800,3.77952800
45.54830640,-13.77953000,3.77952800
45.58030640,-5.11811000,3.77952800
45.61230640,-13.77953000,3.77952800
45.64430640,-9.05511800,3.77952800
45.67630640,-14.56693000,3.77952800
45.70830640,-6.69291300,3.77952800
45.74030640,-10.23622000,3.70078700
45.77230640,-6.69291300,3.77952800
45.80430640,-14.56693000,3.77952800
45.83630640,0.00000000,3.70078700
45.86830640,-10.62992000,3.77952800
45.90030639,-5.51181100,3.77952800
45.93230639,-5.90551100,3.70078700
45.96430639,0.00000000,3.77952800
45.99630639,-10.62992000,3.77952800
46.02830639,-2.36220500,3.77952800
46.06030639,-6.69291300,3.77952800
46.09230639,-3.54330700,3.77952800
46.12430639,-6.69291300,3.77952800
46.15630639,-5.51181100,3.77952800
46.18830639,-6.69291300,3.77952800
46.22030639,-1.57480300,3.77952800
46.25230638,-8.26771600,3.77952800
46.28430638,-3.93700800,3.77952800
46.31630638,-0.78740150,3.77952800
46.34830638,-1.57480300,3.77952800
46.38030638,-3.54330700,3.77952800
46.41230638,0.39370070,3.77952800
46.44430638,-1.57480300,3.77952800
46.47630638,-2.75590500,3.77952800
46.50830638,-1.57480300,3.77952800
46.54030638,-3.54330700,3.77952800
46.57230638,-0.78740150,3.77952800
46.60430637,-7.08661400,3.77952800
46.63630637,-9.05511800,3.77952800
46.66830637,-8.66141700,3.77952800
46.70030637,-5.90551100,3.77952800
46.73230637,-14.17323000,3.77952800
46.76430637,-7.87401500,3.77952800
46.79630637,-10.23622000,3.77952800
46.82830637,-10.23622000,3.77952800
46.86030637,-14.17323000,3.77952800
46.89230637,-4.33070900,3.77952800
46.92430637,-9.84251900,3.77952800
46.95630636,-5.90551100,3.77952800
46.98830636,-15.35433000,3.77952800
47.02030636,-6.69291300,3.77952800
47.05230636,-10.23622000,3.77952800
47.08430636,-4.72440900,3.77952800
47.11630636,-12.20472000,3.70078700
47.14830636,-3.93700800,3.77952800
47.18030636,-17.71653000,3.77952800
47.21230636,-5.90551100,3.77952800
47.24430636,-12.59842000,3.77952800
47.27630636,-7.08661400,3.70078700
47.30830635,-9.05511800,3.77952800
47.34030635,-5.11811000,3.77952800
47.37230635,-17.71653000,3.77952800
47.40430635,-1.57480300,3.77952800
47.43630635,-6.69291300,3.77952800
47.46830635,-7.08661400,3.77952800
47.50030635,-8.26771600,3.70078700
47.53230635,0.00000000,3.77952800
47.56430635,-8.66141700,3.77952800
47.59630635,-7.87401500,3.77952800
47.62830635,-6.69291300,3.70078700
47.66030634,-5.11811000,3.77952800
47.69230634,-9.84251900,3.77952800
47.72430634,-5.51181100,3.77952800
47.75630634,-7.87401500,3.77952800
47.78830634,-6.29921200,3.77952800
47.82030634,-9.44881800,3.77952800
47.85230634,-10.62992000,3.77952800
47.88430634,-5.51181100,3.77952800
47.91630634,-9.44881800,3.70078700
47.94830634,-11.41732000,3.70078700
47.98030634,-11.81102000,3.77952800
48.01230633,-8.26771600,3.77952800
48.04430633,-12.20472000,3.77952800
48.07630633,-10.23622000,3.77952800
48.10830633,-12.59842000,3.77952800
48.14030633,-8.26771600,3.77952800
48.17230633,-14.17323000,3.77952800
48.20430633,-13.77953000,3.77952800
48.23630633,-15.35433000,3.70078700
48.26830633,-4.33070900,3.77952800
48.30030633,-14.56693000,3.77952800
48.33230633,-10.62992000,3.70078700
48.36430632,-16.14173000,3.70078700
48.39630632,-5.11811000,3.77952800
48.42830632,-12.99213000,3.77952800
48.46030632,-4.33070900,3.77952800
48.49230632,-14.17323000,3.70078700
48.52430632,-1.57480300,3.77952800
48.55630632,-13.38583000,3.70078700
48.58830632,-6.69291300,3.77952800
48.62030632,-10.62992000,3.77952800
48.65230632,-2.36220500,3.77952800
48.68430632,-14.56693000,3.77952800
48.71630631,-5.90551100,3.77952800
48.74830631,-11.41732000,3.77952800
48.78030631,-8.26771600,3.77952800
48.81230631,-8.66141700,3.70078700
48.84430631,-4.33070900,3.77952800
48.87630631,-6.69291300,3.77952800
48.90830631,-3.93700800,3.77952800
48.94030631,-9.84251900,3.77952800
48.97230631,-1.96850400,3.77952800
49.00430631,-1.57480300,3.77952800
49.03630631,-4.33070900,3.77952800
49.06830630,-3.93700800,3.77952800
49.10030630,-1.18110200,3.77952800
49.13230630,-7.87401500,3.77952800
49.16430630,-7.48031400,3.77952800
49.19630630,-5.11811000,3.77952800
49.22830630,-9.05511800,3.77952800
49.26030630,-8.66141700,3.77952800
49.29230630,-14.17323000,3.77952800
49.32430630,-12.99213000,3.77952800
49.35630630,-12.20472000,3.77952800
49.38830630,-9.44881800,3.77952800
49.42030629,-14.56693000,3.77952800
49.45230629,-6.69291300,3.77952800
49.48430629,-12.59842000,3.77952800
49.51630629,-12.99213000,3.77952800
49.54830629,-17.32283000,3.77952800
49.58030629,-5.11811000,3.77952800
49.61230629,-15.35433000,3.77952800
49.64430629,-11.41732000,3.77952800
49.67630629,-18.50394000,3.70078700
49.70830629,-9.05511800,3.77952800
49.74030629,-19.29134000,3.70078700
49.77230628,-9.44881800,3.77952800
49.80430628,-14.96063000,3.70078700
49.83630628,-7.48031400,3.77952800
49.86830628,-20.07874000,3.70078700
49.90030628,-9.44881800,3.77952800
49.93230628,-11.02362000,3.70078700
49.96430628,-7.08661400,3.70078700
49.99630628,-11.41732000,3.70078700
50.02830628,-5.11811000,3.77952800
50.06030628,-15.35433000,3.70078700
50.09230628,-2.75590500,3.77952800
50.12430627,-9.84251900,3.77952800
50.15630627,-9.44881800,3.77952800
50.18830627,-11.41732000,3.70078700
50.22030627,-4.33070900,3.77952800
50.25230627,-12.20472000,3.70078700
50.28430627,-8.26771600,3.77952800
50.31630627,-7.48031400,3.77952800
50.34830627,-8.26771600,3.77952800
50.38030627,-8.66141700,3.70078700
50.41230627,-6.29921200,3.77952800
50.44430627,-5.90551100,3.77952800
50.47630626,-5.11811000,3.77952800
50.50830626,-5.90551100,3.77952800
50.54030626,-6.69291300,3.77952800
50.57230626,-2.36220500,3.77952800
50.60430626,-8.66141700,3.77952800
50.63630626,-7.48031400,3.77952800
50.66830626,-8.66141700,3.70078700
50.70030626,-9.44881800,3.77952800
50.73230626,-16.53543000,3.70078700
50.76430626,-9.44881800,3.77952800
50.79630626,-13.38583000,3.70078700
50.82830625,-10.62992000,3.77952800
50.86030625,-18.50394000,3.77952800
50.89230625,-8.66141700,3.77952800
50.92430625,-12.99213000,3.77952800
50.95630625,-9.84251900,3.77952800
50.98830625,-23.22835000,3.77952800
51.02030625,-5.51181100,3.77952800
51.05230625,-11.41732000,3.77952800
51.08430625,-8.66141700,3.77952800
51.11630625,-13.77953000,3.70078700
51.14830625,-4.72440900,3.77952800
51.18030624,-9.44881800,3.77952800
51.21230624,-7.08661400,3.70078700
51.24430624,-12.99213000,3.70078700
51.27630624,-5.11811000,3.77952800
51.30830624,-13.38583000,3.77952800
51.34030624,-5.90551100,3.70078700
51.37230624,-12.20472000,3.77952800
51.40430624,-3.54330700,3.77952800
51.43630624,-8.66141700,3.77952800
51.46830624,-7.87401500,3.77952800
51.50030624,-13.38583000,3.70078700
51.53230623,-1.18110200,3.77952800
51.56430623,-6.69291300,3.77952800
51.59630623,-4.72440900,3.77952800
51.62830623,-5.51181100,3.77952800
51.66030623,-3.54330700,3.77952800
51.69230623,-5.90551100,3.77952800
51.72430623,-7.87401500,3.77952800
51.75630623,-3.93700800,3.77952800
51.78830623,-3.54330700,3.77952800
51.82030623,-10.62992000,3.70078700
51.85230623,-9.84251900,3.77952800
51.88430622,-6.69291300,3.77952800
51.91630622,-12.20472000,3.70078700
51.94830622,-9.44881800,3.77952800
51.98030622,-11.41732000,3.77952800
52.01230622,-9.05511800,3.77952800
52.04430622,-11.41732000,3.77952800
52.07630622,-11.02362000,3.77952800
52.10830622,-13.77953000,3.77952800
52.14030622,-4.33070900,3.77952800
52.17230622,-12.20472000,3.77952800
52.20430622,-12.59842000,3.77952800
52.23630622,-14.17323000,3.77952800
52.26830621,-7.08661400,3.77952800
52.30030621,-15.74803000,3.77952800
52.33230621,-10.23622000,3.77952800
52.36430621,-13.77953000,3.77952800
52.39630621,-7.48031400,3.77952800
52.42830621,-16.14173000,3.70078700
52.46030621,-7.48031400,3.77952800
52.49230621,-11.02362000,3.77952800
52.52430621,-4.33070900,3.77952800
52.55630621,-19.29134000,3.70078700
52.58830621,-1.96850400,3.77952800
52.62030620,-7.08661400,3.77952800
52.65230620,-7.08661400,3.70078700
52.68430620,-11.81102000,3.70078700
52.71630620,-2.36220500,3.77952800
52.74830620,-7.48031400,3.70078700
52.78030620,-5.51181100,3.77952800
52.81230620,-9.05511800,3.77952800
52.84430620,-7.08661400,3.77952800
52.87630620,-8.26771600,3.77952800
52.90830620,-4.33070900,3.77952800
52.94030620,-7.87401500,3.77952800
52.97230619,-1.57480300,3.77952800
53.00430619,-3.93700800,3.70078700
53.03630619,-6.69291300,3.77952800
53.06830619,-3.14960600,3.77952800
53.10030619,0.00000000,3.77952800
53.13230619,-1.57480300,3.77952800
53.16430619,-4.33070900,3.77952800
53.19630619,-4.33070900,3.77952800
53.22830619,-7.08661400,3.77952800
53.26030619,-4.33070900,3.77952800
53.29230619,-11.02362000,3.77952800
53.32430618,-8.26771600,3.77952800
53.35630618,-9.84251900,3.77952800
53.38830618,-10.23622000,3.77952800
53.42030618,-16.53543000,3.77952800
53.45230618,-8.66141700,3.77952800
53.48430618,-12.59842000,3.77952800
53.51630618,-9.84251900,3.77952800
53.54830618,-12.20472000,3.77952800
53.58030618,-8.26771600,3.77952800
53.61230618,-11.02362000,3.77952800
53.64430618,-5.51181100,3.77952800
53.67630617,-13.77953000,3.77952800
53.70830617,-1.57480300,3.77952800
53.74030617,-10.62992000,3.70078700
53.77230617,-10.62992000,3.77952800
53.80430617,-12.59842000,3.77952800
53.83630617,-2.36220500,3.77952800
53.86830617,-17.32283000,3.70078700
53.90030617,-3.54330700,3.77952800
53.93230617,-9.84251900,3.77952800
53.96430617,-6.29921200,3.77952800
53.99630617,-14.17323000,3.70078700
54.02830616,-5.51181100,3.77952800
54.06030616,-7.48031400,3.70078700
54.09230616,-3.14960600,3.77952800
54.12430616,-9.44881800,3.70078700
54.15630616,-6.69291300,3.77952800
54.18830616,-10.62992000,3.77952800
54.22030616,-0.78740150,3.77952800
54.25230616,-8.26771600,3.77952800
54.28430616,-3.54330700,3.77952800
54.31630616,-6.69291300,3.77952800
54.34830616,-6.69291300,3.77952800
54.38030615,-8.26771600,3.77952800
54.41230615,-7.08661400,3.77952800
54.44430615,-3.14960600,3.77952800
54.47630615,-6.29921200,3.77952800
54.50830615,-10.23622000,3.77952800
54.54030615,-8.26771600,3.77952800
54.57230615,-6.29921200,3.77952800
54.60430615,-12.99213000,3.77952800
54.63630615,-7.87401500,3.77952800
54.66830615,-9.84251900,3.77952800
54.70030615,-10.23622000,3.77952800
54.73230614,-14.96063000,3.77952800
54.76430614,-10.23622000,3.77952800
54.79630614,-12.99213000,3.77952800
54.82830614,-8.66141700,3.77952800
54.86030614,-17.32283000,3.77952800
54.89230614,-14.17323000,3.77952800
54.92430614,-20.47244000,3.70078700
54.95630614,-10.23622000,3.77952800
54.98830614,-20.07874000,3.77952800
55.02030614,-11.02362000,3.70078700
55.05230614,-15.35433000,3.70078700
55.08430613,-10.62992000,3.77952800
55.11630613,-15.74803000,3.77952800
55.14830613,-7.87401500,3.77952800
55.18030613,-9.44881800,3.77952800
55.21230613,-6.69291300,3.70078700
55.24430613,-14.17323000,3.77952800
55.27630613,-3.93700800,3.70078700
55.30830613,-8.26771600,3.77952800
55.34030613,-8.66141700,3.77952800
55.37230613,-11.81102000,3.70078700
55.40430613,-2.75590500,3.77952800
55.43630612,-10.62992000,3.70078700
55.46830612,-8.66141700,3.77952800
55.50030612,-10.62992000,3.70078700
55.53230612,-5.51181100,3.77952800
55.56430612,-7.87401500,3.77952800
55.59630612,-6.69291300,3.77952800
55.62830612,-7.48031400,3.70078700
55.66030612,-0.78740150,3.77952800
55.69230612,-5.51181100,3.77952800
55.72430612,-7.08661400,3.77952800
55.75630612,-3.54330700,3.77952800
55.78830611,-4.33070900,3.77952800
55.82030611,-9.05511800,3.70078700
55.85230611,-8.26771600,3.77952800
55.88430611,-6.29921200,3.77952800
55.91630611,-11.02362000,3.77952800
55.94830611,-10.23622000,3.77952800
55.98030611,-14.56693000,3.77952800
56.01230611,-10.23622000,3.77952800
56.04430611,-11.81102000,3.77952800
56.07630611,-13.38583000,3.77952800
56.10830611,-13.77953000,3.77952800
56.14030610,-6.69291300,3.70078700
56.17230610,-14.17323000,3.77952800
56.20430610,-9.05511800,3.77952800
56.23630610,-12.20472000,3.77952800
56.26830610,-7.08661400,3.77952800
56.30030610,-14.17323000,3.70078700
56.33230610,-9.05511800,3.77952800
56.36430610,-16.14173000,3.77952800
56.39630610,-3.93700800,3.77952800
56.42830610,-13.38583000,3.70078700
56.46030610,-7.87401500,3.77952800
56.49230609,-10.62992000,3.70078700
56.52430609,-5.90551100,3.77952800
56.55630609,-16.92913000,3.70078700
56.58830609,-3.93700800,3.77952800
56.62030609,-7.87401500,3.70078700
56.65230609,-4.72440900,3.77952800
56.68430609,-7.87401500,3.77952800
56.71630609,-4.33070900,3.77952800
56.74830609,-9.44881800,3.70078700
56.78030609,0.00000000,3.77952800
56.81230609,-9.44881800,3.77952800
56.84430608,-1.96850400,3.77952800
56.87630608,-5.11811000,3.77952800
56.90830608,-5.90551100,3.77952800
56.94030608,-10.62992000,3.70078700
56.97230608,-1.96850400,3.70078700
57.00430608,-5.11811000,3.70078700
57.03630608,-5.51181100,3.77952800
57.06830608,-4.72440900,3.77952800
57.10030608,-4.72440900,3.77952800
57.13230608,-4.33070900,3.77952800
57.16430608,-4.72440900,3.77952800
57.19630607,-5.90551100,3.70078700
57.22830607,-3.54330700,3.77952800
57.26030607,-4.72440900,3.77952800
57.29230607,-11.81102000,3.77952800
57.32430607,-6.69291300,3.77952800
57.35630607,-7.08661400,3.77952800
57.38830607,-8.66141700,3.77952800
57.42030607,-12.59842000,3.77952800
57.45230607,-9.05511800,3.77952800
57.48430607,-13.77953000,3.77952800
57.51630607,-8.66141700,3.77952800
57.54830606,-14.17323000,3.77952800
57.58030606,-6.29921200,3.77952800
57.61230606,-9.05511800,3.77952800
57.64430606,-9.05511800,3.77952800
57.67630606,-14.96063000,3.77952800
57.70830606,-2.75590500,3.77952800
57.74030606,-6.69291300,3.70078700
57.77230606,-5.51181100,3.77952800
57.80430606,-9.05511800,3.70078700
57.83630606,0.00000000,3.77952800
57.86830606,-12.59842000,3.77952800
57.90030605,-1.96850400,3.77952800
57.93230605,-8.26771600,3.77952800
57.96430605,-1.96850400,3.77952800
57.99630605,-7.87401500,3.77952800
58.02830605,-6.29921200,3.70078700
58.06030605,-13.38583000,3.70078700
58.09230605,-0.78740150,3.77952800
58.12430605,-9.44881800,3.77952800
58.15630605,-3.54330700,3.77952800
58.18830605,-5.51181100,3.77952800
58.22030605,-2.75590500,3.77952800
58.25230604,-6.29921200,3.77952800
58.28430604,-4.33070900,3.77952800
58.31630604,-3.54330700,3.77952800
58.34830604,0.39370070,3.77952800
58.38030604,-8.66141700,3.77952800
58.41230604,-4.33070900,3.77952800
58.44430604,-3.14960600,3.77952800
58.47630604,-5.90551100,3.77952800
58.50830604,-7.48031400,3.77952800
58.54030604,-7.08661400,3.77952800
58.57230604,-7.08661400,3.77952800
58.60430603,-12.99213000,3.77952800
58.63630603,-10.62992000,3.77952800
58.66830603,-12.99213000,3.77952800
58.70030603,-7.48031400,3.77952800
58.73230603,-12.20472000,3.77952800
58.76430603,-12.59842000,3.77952800
58.79630603,-13.77953000,3.77952800
58.82830603,-6.69291300,3.77952800
58.86030603,-16.53543000,3.70078700
58.89230603,-10.62992000,3.77952800
58.92430603,-12.59842000,3.77952800
58.95630602,-9.05511800,3.77952800
58.98830602,-17.32283000,3.70078700
59.02030602,-8.66141700,3.77952800
59.05230602,-15.35433000,3.70078700
59.08430602,-9.84251900,3.77952800
59.11630602,-22.04724000,3.77952800
59.14830602,-6.69291300,3.77952800
59.18030602,-12.20472000,3.77952800
59.21230602,-9.44881800,3.70078700
59.24430602,-16.53543000,3.70078700
59.27630602,-3.14960600,3.77952800
59.30830601,-9.44881800,3.77952800
59.34030601,-6.69291300,3.77952800
59.37230601,-8.66141700,3.70078700
59.40430601,-5.11811000,3.77952800
59.43630601,-9.05511800,3.70078700
59.46830601,-4.33070900,3.77952800
59.50030601,-9.05511800,3.77952800
59.53230601,-4.33070900,3.77952800
59.56430601,-7.08661400,3.77952800
59.59630601,-7.87401500,3.77952800
59.62830601,-7.87401500,3.70078700
59.66030601,-2.75590500,3.70078700
59.69230600,-6.69291300,3.77952800
59.72430600,-5.90551100,3.77952800
59.75630600,-4.72440900,3.77952800
59.78830600,-4.72440900,3.77952800
59.82030600,-4.72440900,3.77952800
59.85230600,-7.48031400,3.77952800
59.88430600,-5.90551100,3.77952800
59.91630600,-7.48031400,3.77952800
59.94830600,-8.26771600,3.77952800
59.98030600,-16.53543000,3.77952800
60.01230600,-11.02362000,3.70078700
60.04430599,-13.77953000,3.77952800
60.07630599,-15.74803000,3.77952800
60.10830599,-16.14173000,3.77952800
60.14030599,-11.81102000,3.77952800
60.17230599,-15.74803000,3.70078700
60.20430599,-11.02362000,3.77952800
60.23630599,-18.11024000,3.77952800
60.26830599,-6.69291300,3.77952800
60.30030599,-12.20472000,3.70078700
60.33230599,-11.81102000,3.70078700
60.36430599,-14.17323000,3.70078700
60.39630598,-3.93700800,3.77952800
60.42830598,-13.77953000,3.70078700
60.46030598,-7.87401500,3.77952800
60.49230598,-10.23622000,3.70078700
60.52430598,-6.69291300,3.70078700
60.55630598,-17.32283000,3.70078700
60.58830598,-6.29921200,3.77952800
60.62030598,-12.20472000,3.77952800
60.65230598,-6.29921200,3.77952800
60.68430598,-11.81102000,3.70078700
60.71630598,-7.48031400,3.77952800
60.74830597,-13.77953000,3.70078700
60.78030597,-2.36220500,3.77952800
60.81230597,-14.17323000,3.70078700
60.84430597,-4.72440900,3.77952800
60.87630597,-7.87401500,3.70078700
60.90830597,-5.51181100,3.77952800
60.94030597,-7.08661400,3.77952800
60.97230597,-4.33070900,3.77952800
61.00430597,-5.90551100,3.77952800
61.03630597,-6.29921200,3.77952800
61.06830597,-10.62992000,3.70078700
61.10030596,-6.69291300,3.77952800
61.13230596,-3.14960600,3.77952800
61.16430596,-11.41732000,3.70078700
61.19630596,-10.62992000,3.77952800
61.22830596,-9.44881800,3.77952800
61.26030596,-7.48031400,3.77952800
61.29230596,-12.59842000,3.77952800
61.32430596,-8.26771600,3.77952800
61.35630596,-11.81102000,3.77952800
61.38830596,-9.84251900,3.70078700
61.42030596,-14.56693000,3.77952800
61.45230595,-11.81102000,3.77952800
61.48430595,-12.99213000,3.77952800
61.51630595,-6.69291300,3.77952800
61.54830595,-16.53543000,3.70078700
61.58030595,-12.59842000,3.77952800
61.61230595,-13.77953000,3.70078700
61.64430595,-12.99213000,3.77952800
61.67630595,-18.11024000,3.70078700
61.70830595,-8.66141700,3.70078700
61.74030595,-12.59842000,3.77952800
61.77230595,-10.23622000,3.77952800
61.80430594,-16.14173000,3.70078700
61.83630594,-3.93700800,3.77952800
61.86830594,-6.69291300,3.70078700
61.90030594,-6.69291300,3.77952800
61.93230594,-14.17323000,3.77952800
61.96430594,-0.39370070,3.77952800
61.99630594,-9.44881800,3.77952800
62.02830594,-5.90551100,3.77952800
62.06030594,-8.26771600,3.70078700
62.09230594,-1.96850400,3.77952800
62.12430594,-10.62992000,3.70078700
62.15630593,-7.48031400,3.77952800
62.18830593,-10.62992000,3.70078700
62.22030593,-2.36220500,3.77952800
62.25230593,-5.90551100,3.70078700
62.28430593,-11.02362000,3.77952800
62.31630593,-4.33070900,3.70078700
62.34830593,-1.96850400,3.77952800
62.38030593,-7.87401500,3.70078700
62.41230593,-2.75590500,3.77952800
62.44430593,0.39370070,3.77952800
62.47630593,-2.75590500,3.77952800
62.50830592,-4.72440900,3.77952800
62.54030592,-4.33070900,3.77952800
62.57230592,-4.33070900,3.77952800
62.60430592,-5.51181100,3.77952800
62.63630592,-7.87401500,3.77952800
62.66830592,-11.41732000,3.70078700
62.70030592,-7.08661400,3.77952800
62.73230592,-13.77953000,3.77952800
62.76430592,-12.59842000,3.77952800
62.79630592,-10.23622000,3.77952800
62.82830592,-5.51181100,3.77952800
62.86030591,-14.96063000,3.77952800
62.89230591,-7.48031400,3.77952800
62.92430591,-14.17323000,3.77952800
62.95630591,-1.96850400,3.77952800
62.98830591,-10.62992000,3.70078700
63.02030591,-9.05511800,3.77952800
63.05230591,-12.99213000,3.70078700
63.08430591,-4.33070900,3.77952800
63.11630591,-18.11024000,3.77952800
63.14830591,-5.90551100,3.77952800
63.18030591,-9.05511800,3.70078700
63.21230590,-7.87401500,3.70078700
63.24430590,-20.47244000,3.70078700
63.27630590,-4.72440900,3.77952800
63.30830590,-12.20472000,3.70078700
63.34030590,-7.48031400,3.70078700
63.37230590,-10.62992000,3.70078700
63.40430590,-6.29921200,3.77952800
63.43630590,-12.59842000,3.77952800
63.46830590,-3.54330700,3.77952800
63.50030590,-11.41732000,3.70078700
63.53230590,-3.54330700,3.77952800
63.56430589,-6.69291300,3.70078700
63.59630589,-7.08661400,3.77952800
63.62830589,-6.29921200,3.77952800
63.66030589,-6.29921200,3.77952800
63.69230589,-9.44881800,3.70078700
63.72430589,-7.48031400,3.77952800
63.75630589,-11.02362000,3.70078700
63.78830589,-5.11811000,3.77952800
63.82030589,-5.90551100,3.77952800
63.85230589,-12.20472000,3.77952800
63.88430589,-9.05511800,3.77952800
63.91630588,-7.08661400,3.77952800
63.94830588,-9.84251900,3.77952800
63.98030588,-13.77953000,3.77952800
64.01230588,-7.87401500,3.77952800
64.04430588,-12.20472000,3.77952800
64.07630588,-9.84251900,3.77952800
64.10830588,-13.77953000,3.77952800
64.14030588,-11.02362000,3.70078700
64.17230588,-12.20472000,3.70078700
64.20430588,-10.23622000,3.77952800
64.23630588,-19.29134000,3.77952800
64.26830587,-9.44881800,3.77952800
64.30030587,-16.14173000,3.77952800
64.33230587,-10.62992000,3.77952800
64.36430587,-13.38583000,3.77952800
64.39630587,-6.69291300,3.70078700
64.42830587,-16.14173000,3.77952800
64.46030587,-6.69291300,3.70078700
64.49230587,-10.62992000,3.77952800
64.52430587,-6.29921200,3.70078700
64.55630587,-11.81102000,3.70078700
64.58830587,-5.51181100,3.77952800
64.62030586,-12.99213000,3.70078700
64.65230586,-3.54330700,3.77952800
64.68430586,-12.99213000,3.77952800
64.71630586,-8.26771600,3.77952800
64.74830586,-9.44881800,3.70078700
64.78030586,-6.29921200,3.77952800
64.81230586,-12.99213000,3.70078700
64.84430586,-6.69291300,3.77952800
64.87630586,-7.87401500,3.77952800
64.90830586,-3.93700800,3.77952800
64.94030586,-6.29921200,3.77952800
64.97230585,-4.72440900,3.77952800
65.00430585,-3.93700800,3.77952800
65.03630585,-0.39370070,3.77952800
65.06830585,-7.08661400,3.77952800
65.10030585,-3.54330700,3.77952800
65.13230585,-0.39370070,3.77952800
65.16430585,-5.11811000,3.77952800
65.19630585,-7.08661400,3.70078700
65.22830585,-6.29921200,3.77952800
65.26030585,-6.69291300,3.77952800
65.29230585,-12.20472000,3.70078700
65.32430584,-10.23622000,3.77952800
65.35630584,-15.35433000,3.77952800
65.38830584,-8.66141700,3.77952800
65.42030584,-14.56693000,3.77952800
65.45230584,-11.81102000,3.77952800
65.48430584,-10.62992000,3.77952800
65.51630584,-7.48031400,3.77952800
65.54830584,-15.74803000,3.77952800
65.58030584,-9.05511800,3.77952800
65.61230584,-16.53543000,3.70078700
65.64430584,-7.87401500,3.77952800
65.67630583,-15.35433000,3.77952800
65.70830583,-12.20472000,3.77952800
65.74030583,-14.96063000,3.70078700
65.77230583,-7.08661400,3.77952800
65.80430583,-21.25984000,3.70078700
65.83630583,-7.48031400,3.77952800
65.86830583,-11.41732000,3.70078700
65.90030583,-11.02362000,3.77952800
65.93230583,-16.14173000,3.70078700
65.96430583,-3.14960600,3.77952800
65.99630583,-9.84251900,3.77952800
66.02830582,-7.08661400,3.77952800
66.06030582,-10.23622000,3.77952800
66.09230582,-4.72440900,3.77952800
66.12430582,-13.38583000,3.70078700
66.15630582,-3.54330700,3.77952800
66.18830582,-10.62992000,3.70078700
66.22030582,-5.11811000,3.70078700
66.25230582,-12.20472000,3.70078700
66.28430582,-7.87401500,3.77952800
66.31630582,-8.66141700,3.70078700
66.34830582,-5.11811000,3.77952800
66.38030581,-9.84251900,3.77952800
66.41230581,-8.66141700,3.77952800
66.44430581,-8.26771600,3.77952800
66.47630581,-5.90551100,3.77952800
66.50830581,-4.72440900,3.77952800
66.54030581,-8.26771600,3.77952800
66.57230581,-5.11811000,3.77952800
66.60430581,-6.29921200,3.77952800
66.63630581,-8.66141700,3.77952800
66.66830581,-10.23622000,3.77952800
66.70030581,-3.54330700,3.77952800
66.73230581,-10.62992000,3.77952800
66.76430580,-11.81102000,3.77952800
66.79630580,-15.35433000,3.70078700
66.82830580,-9.05511800,3.77952800
66.86030580,-12.99213000,3.77952800
66.89230580,-10.62992000,3.77952800
66.92430580,-19.29134000,3.70078700
66.95630580,-5.11811000,3.77952800
66.98830580,-15.35433000,3.77952800
67.02030580,-12.59842000,3.77952800
67.05230580,-16.92913000,3.77952800
67.08430580,-2.75590500,3.77952800
67.11630579,-13.77953000,3.70078700
67.14830579,-6.69291300,3.70078700
67.18030579,-10.23622000,3.77952800
67.21230579,-6.29921200,3.77952800
67.24430579,-12.59842000,3.70078700
67.27630579,-5.51181100,3.77952800
67.30830579,-12.59842000,3.70078700
67.34030579,-3.54330700,3.77952800
67.37230579,-14.96063000,3.70078700
67.40430579,-7.48031400,3.77952800
67.43630579,-7.48031400,3.70078700
67.46830578,-3.54330700,3.77952800
67.50030578,-10.62992000,3.77952800
67.53230578,-3.14960600,3.77952800
67.56430578,-6.69291300,3.77952800
67.59630578,-4.33070900,3.77952800
67.62830578,-4.33070900,3.77952800
67.66030578,-2.36220500,3.77952800
67.69230578,-3.54330700,3.70078700
67.72430578,-1.96850400,3.77952800
67.75630578,-9.44881800,3.77952800
67.78830578,-3.14960600,3.77952800
67.82030577,-3.14960600,3.77952800
67.85230577,-7.48031400,3.77952800
67.88430577,-6.29921200,3.77952800
67.91630577,-7.08661400,3.77952800
67.94830577,-8.66141700,3.77952800
67.98030577,-11.41732000,3.70078700
68.01230577,-8.66141700,3.70078700
68.04430577,-9.05511800,3.77952800
68.07630577,-4.33070900,3.77952800
68.10830577,-12.59842000,3.77952800
68.14030577,-9.05511800,3.77952800
68.17230576,-8.66141700,3.77952800
68.20430576,-7.08661400,3.77952800
68.23630576,-12.99213000,3.77952800
68.26830576,-4.33070900,3.77952800
68.30030576,-11.81102000,3.77952800
68.33230576,-8.66141700,3.77952800
68.36430576,-12.99213000,3.70078700
68.39630576,-6.69291300,3.77952800
68.42830576,-12.59842000,3.70078700
68.46030576,-4.33070900,3.77952800
68.49230576,-13.77953000,3.70078700
68.52430575,-2.75590500,3.77952800
68.55630575,-7.48031400,3.77952800
68.58830575,-4.33070900,3.77952800
68.62030575,-9.05511800,3.77952800
68.65230575,1.96850400,3.77952800
68.68430575,-7.87401500,3.77952800
68.71630575,-3.93700800,3.77952800
68.74830575,-5.11811000,3.70078700
68.78030575,-1.57480300,3.77952800
68.81230575,-7.48031400,3.77952800
68.84430575,-1.96850400,3.77952800
68.87630574,-8.26771600,3.70078700
68.90830574,-0.39370070,3.77952800
68.94030574,-6.29921200,3.77952800
68.97230574,-5.51181100,3.77952800
69.00430574,-2.36220500,3.77952800
69.03630574,-0.39370070,3.77952800
69.06830574,-4.72440900,3.77952800
69.10030574,-1.57480300,3.77952800
69.13230574,0.00000000,3.77952800
69.16430574,0.39370070,3.77952800
69.19630574,-0.39370070,3.77952800
69.22830573,-3.93700800,3.77952800
69.26030573,-1.96850400,3.77952800
69.29230573,-5.51181100,3.77952800
69.32430573,-8.26771600,3.77952800
69.35630573,-9.84251900,3.70078700
69.38830573,-4.33070900,3.77952800
69.42030573,-13.38583000,3.77952800
69.45230573,-11.41732000,3.77952800
69.48430573,-12.59842000,3.77952800
69.51630573,-6.69291300,3.77952800
69.54830573,-14.96063000,3.77952800
69.58030572,-10.23622000,3.77952800
69.61230572,-16.53543000,3.77952800
69.64430572,-3.93700800,3.77952800
69.67630572,-13.77953000,3.77952800
69.70830572,-7.48031400,3.77952800
69.74030572,-11.41732000,3.77952800
69.77230572,-6.69291300,3.77952800
69.80430572,-20.86614000,3.70078700
69.83630572,-5.11811000,3.77952800
69.86830572,-11.41732000,3.70078700
69.90030572,-9.84251900,3.77952800
69.93230571,-15.74803000,3.70078700
69.96430571,-7.48031400,3.77952800
69.99630571,-17.71653000,3.77952800
70.02830571,-4.33070900,3.77952800
70.06030571,-13.38583000,3.77952800
70.09230571,-7.87401500,3.77952800
70.12430571,-10.62992000,3.70078700
70.15630571,-7.08661400,3.77952800
70.18830571,-10.62992000,3.70078700
70.22030571,-3.93700800,3.77952800
70.25230571,-6.69291300,3.77952800
70.28430570,-7.48031400,3.77952800
70.31630570,-12.99213000,3.70078700
70.34830570,-5.11811000,3.77952800
70.38030570,-7.48031400,3.70078700
70.41230570,-8.26771600,3.77952800
70.44430570,-11.02362000,3.77952800
70.47630570,-6.69291300,3.77952800
70.50830570,-10.23622000,3.77952800
70.54030570,-13.38583000,3.77952800
70.57230570,-9.05511800,3.77952800
70.60430570,-10.23622000,3.77952800
70.63630569,-11.02362000,3.77952800
70.66830569,-14.17323000,3.77952800
70.70030569,-11.41732000,3.77952800
70.73230569,-12.20472000,3.77952800
70.76430569,-8.66141700,3.77952800
70.79630569,-13.77953000,3.77952800
70.82830569,-9.84251900,3.77952800
70.86030569,-13.77953000,3.70078700
70.89230569,-11.02362000,3.77952800
70.92430569,-18.89764000,3.77952800
70.95630569,-8.66141700,3.77952800
70.98830568,-17.71653000,3.77952800
71.02030568,-11.41732000,3.77952800
71.05230568,-14.96063000,3.77952800
71.08430568,-10.23622000,3.77952800
71.11630568,-18.89764000,3.70078700
71.14830568,-6.29921200,3.77952800
71.18030568,-14.96063000,3.77952800
71.21230568,-5.51181100,3.77952800
71.24430568,-15.35433000,3.70078700
71.27630568,-8.66141700,3.77952800
71.30830568,-12.20472000,3.70078700
71.34030567,-2.36220500,3.77952800
71.37230567,-12.99213000,3.77952800
71.40430567,-7.08661400,3.77952800
71.43630567,-8.66141700,3.77952800
71.46830567,-8.66141700,3.77952800
71.50030567,-12.99213000,3.70078700
71.53230567,-6.29921200,3.77952800
71.56430567,-10.23622000,3.77952800
71.59630567,-2.75590500,3.77952800
71.62830567,-9.05511800,3.70078700
71.66030567,-7.48031400,3.77952800
71.69230566,-2.75590500,3.77952800
71.72430566,-3.14960600,3.77952800
71.75630566,-9.84251900,3.70078700
71.78830566,-1.96850400,3.77952800
71.82030566,-4.72440900,3.77952800
71.85230566,-9.05511800,3.77952800
71.88430566,-6.69291300,3.77952800
71.91630566,-8.66141700,3.77952800
71.94830566,-7.08661400,3.77952800
71.98030566,-12.59842000,3.77952800
72.01230566,-13.38583000,3.77952800
72.04430565,-15.35433000,3.77952800
72.07630565,-11.41732000,3.77952800
72.10830565,-17.71653000,3.77952800
72.14030565,-13.38583000,3.77952800
72.17230565,-14.56693000,3.77952800
72.20430565,-10.62992000,3.77952800
72.23630565,-18.50394000,3.77952800
72.26830565,-11.02362000,3.77952800
72.30030565,-16.53543000,3.70078700
72.33230565,-8.66141700,3.77952800
72.36430565,-19.68504000,3.70078700
72.39630564,-10.62992000,3.77952800
72.42830564,-14.56693000,3.70078700
72.46030564,-12.59842000,3.77952800
72.49230564,-21.25984000,3.70078700
72.52430564,-6.69291300,3.70078700
72.55630564,-13.38583000,3.70078700
72.58830564,-14.17323000,3.77952800
72.62030564,-16.53543000,3.70078700
72.65230564,-7.08661400,3.77952800
72.68430564,-19.29134000,3.70078700
72.71630564,-4.33070900,3.77952800
72.74830563,-11.02362000,3.70078700
72.78030563,-7.48031400,3.77952800
72.81230563,-13.38583000,3.70078700
72.84430563,-7.48031400,3.77952800
72.87630563,-10.62992000,3.77952800
72.90830563,-3.93700800,3.77952800
72.94030563,-11.02362000,3.70078700
72.97230563,-10.23622000,3.70078700
73.00430563,-8.66141700,3.70078700
73.03630563,-7.08661400,3.77952800
73.06830563,-9.05511800,3.77952800
73.10030562,-7.48031400,3.77952800
73.13230562,-7.87401500,3.77952800
73.16430562,-5.51181100,3.77952800
73.19630562,-7.08661400,3.77952800
73.22830562,-9.84251900,3.77952800
73.26030562,-2.36220500,3.77952800
73.29230562,-6.29921200,3.77952800
73.32430562,-9.84251900,3.77952800
73.35630562,-10.23622000,3.77952800
73.38830562,-5.90551100,3.77952800
73.42030562,-12.59842000,3.77952800
73.45230561,-10.62992000,3.77952800
73.48430561,-14.96063000,3.77952800
73.51630561,-8.26771600,3.77952800
73.54830561,-14.96063000,3.77952800
73.58030561,-12.59842000,3.70078700
73.61230561,-20.47244000,3.70078700
73.64430561,-4.72440900,3.77952800
73.67630561,-16.92913000,3.77952800
73.70830561,-11.02362000,3.77952800
73.74030561,-13.38583000,3.70078700
73.77230561,-6.69291300,3.77952800
73.80430561,-11.81102000,3.70078700
73.83630560,-5.11811000,3.77952800
73.86830560,-10.23622000,3.70078700
73.90030560,-2.75590500,3.77952800
73.93230560,-12.99213000,3.77952800
73.96430560,-5.11811000,3.77952800
73.99630560,-8.66141700,3.77952800
74.02830560,-4.72440900,3.77952800
74.06030560,-12.59842000,3.70078700
74.09230560,-5.11811000,3.77952800
74.12430560,-13.38583000,3.70078700
74.15630560,-5.11811000,3.77952800
74.18830559,-8.66141700,3.77952800
74.22030559,-4.33070900,3.77952800
74.25230559,-7.08661400,3.77952800
74.28430559,-3.14960600,3.77952800
74.31630559,-5.51181100,3.77952800
74.34830559,-3.93700800,3.77952800
74.38030559,-1.96850400,3.77952800
74.41230559,-4.33070900,3.77952800
74.44430559,-7.87401500,3.70078700
74.47630559,-0.39370070,3.77952800
74.50830559,-3.54330700,3.77952800
74.54030558,-9.44881800,3.77952800
74.57230558,-4.72440900,3.77952800
74.60430558,-9.05511800,3.77952800
74.63630558,-9.44881800,3.77952800
74.66830558,-12.20472000,3.77952800
74.70030558,-9.05511800,3.77952800
74.73230558,-10.62992000,3.77952800
74.76430558,-7.87401500,3.77952800
74.79630558,-16.53543000,3.77952800
74.82830558,-9.84251900,3.77952800
74.86030558,-10.62992000,3.77952800
74.89230557,-8.66141700,3.77952800
74.92430557,-13.77953000,3.70078700
74.95630557,-7.48031400,3.70078700
74.98830557,-15.74803000,3.77952800
75.02030557,-10.23622000,3.70078700
75.05230557,-14.56693000,3.77952800
75.08430557,-6.69291300,3.70078700
75.11630557,-13.77953000,3.70078700
75.14830557,-11.02362000,3.77952800
75.18030557,-21.25984000,3.70078700
75.21230557,-2.75590500,3.77952800
75.24430556,-11.41732000,3.70078700
75.27630556,-8.66141700,3.70078700
75.30830556,-9.84251900,3.77952800
75.34030556,-3.14960600,3.77952800
75.37230556,-11.81102000,3.70078700
75.40430556,-4.72440900,3.77952800
75.43630556,-5.51181100,3.77952800
75.46830556,-3.54330700,3.77952800
75.50030556,-7.87401500,3.77952800
75.53230556,-5.51181100,3.77952800
75.56430556,-6.29921200,3.70078700
75.59630555,-2.36220500,3.77952800
75.62830555,-7.48031400,3.70078700
75.66030555,-4.33070900,3.70078700
75.69230555,-3.14960600,3.77952800
75.72430555,-5.51181100,3.77952800
75.75630555,-7.87401500,3.77952800
75.78830555,-3.14960600,3.77952800
75.82030555,-2.36220500,3.77952800
75.85230555,-2.75590500,3.77952800
75.88430555,-3.14960600,3.77952800
75.91630555,-7.48031400,3.77952800
75.94830554,-3.93700800,3.77952800
75.98030554,-9.44881800,3.77952800
76.01230554,-9.05511800,3.77952800
76.04430554,-10.23622000,3.77952800
76.07630554,-8.66141700,3.77952800
76.10830554,-16.92913000,3.77952800
76.14030554,-12.20472000,3.70078700
76.17230554,-11.81102000,3.70078700
76.20430554,-9.05511800,3.77952800
76.23630554,-12.99213000,3.77952800
76.26830554,-8.66141700,3.77952800
76.30030553,-14.96063000,3.77952800
76.33230553,-5.51181100,3.77952800
76.36430553,-13.77953000,3.70078700
76.39630553,-7.48031400,3.77952800
76.42830553,-7.87401500,3.70078700
76.46030553,-4.72440900,3.77952800
76.49230553,-16.92913000,3.77952800
76.52430553,-1.57480300,3.77952800
76.55630553,-9.84251900,3.70078700
76.58830553,-6.69291300,3.77952800
76.62030553,-12.59842000,3.77952800
76.65230552,-4.33070900,3.77952800
76.68430552,-10.62992000,3.70078700
76.71630552,-8.26771600,3.77952800
76.74830552,-11.81102000,3.77952800
76.78030552,-2.75590500,3.77952800
76.81230552,-12.99213000,3.77952800
76.84430552,-5.90551100,3.77952800
76.87630552,-8.66141700,3.77952800
76.90830552,-3.14960600,3.77952800
76.94030552,-8.26771600,3.70078700
76.97230552,-3.14960600,3.77952800
77.00430551,-3.93700800,3.77952800
77.03630551,-4.33070900,3.77952800
77.06830551,-6.29921200,3.77952800
77.10030551,-7.48031400,3.77952800
77.13230551,-8.66141700,3.70078700
77.16430551,-2.36220500,3.77952800
77.19630551,-6.69291300,3.77952800
77.22830551,-11.41732000,3.70078700
77.26030551,-5.51181100,3.70078700
77.29230551,-11.02362000,3.77952800
77.32430551,-11.81102000,3.77952800
77.35630550,-11.02362000,3.77952800
77.38830550,-7.48031400,3.77952800
77.42030550,-11.81102000,3.77952800
77.45230550,-10.23622000,3.77952800
77.48430550,-15.74803000,3.77952800
77.51630550,-8.66141700,3.70078700
77.54830550,-14.56693000,3.70078700
77.58030550,-9.44881800,3.77952800
77.61230550,-15.35433000,3.70078700
77.64430550,-9.44881800,3.77952800
77.67630550,-19.68504000,3.70078700
77.70830549,-12.20472000,3.70078700
77.74030549,-14.56693000,3.77952800
77.77230549,-8.66141700,3.77952800
77.80430549,-13.38583000,3.77952800
77.83630549,-9.44881800,3.77952800
77.86830549,-13.38583000,3.70078700
77.90030549,-2.36220500,3.77952800
77.93230549,-10.62992000,3.77952800
77.96430549,-5.90551100,3.77952800
77.99630549,-9.84251900,3.70078700
78.02830549,-1.96850400,3.77952800
78.06030548,-13.77953000,3.77952800
78.09230548,-3.54330700,3.77952800
78.12430548,-7.87401500,3.70078700
78.15630548,-4.72440900,3.77952800
78.18830548,-10.62992000,3.77952800
78.22030548,-6.69291300,3.77952800
78.25230548,-9.84251900,3.70078700
78.28430548,-5.51181100,3.77952800
78.31630548,-9.05511800,3.77952800
78.34830548,-5.51181100,3.70078700
78.38030548,-4.33070900,3.70078700
78.41230547,-6.69291300,3.77952800
78.44430547,-7.48031400,3.77952800
78.47630547,-2.36220500,3.77952800
78.50830547,-4.33070900,3.77952800
78.54030547,-7.08661400,3.77952800
78.57230547,-5.11811000,3.77952800
78.60430547,-8.26771600,3.77952800
78.63630547,-7.08661400,3.77952800
78.66830547,-11.02362000,3.77952800
78.70030547,-10.62992000,3.77952800
78.73230547,-10.23622000,3.70078700
78.76430546,-10.23622000,3.77952800
78.79630546,-16.92913000,3.77952800
78.82830546,-9.44881800,3.77952800
78.86030546,-11.81102000,3.77952800
78.89230546,-10.23622000,3.70078700
78.92430546,-12.99213000,3.77952800
78.95630546,-5.90551100,3.77952800
78.98830546,-12.59842000,3.77952800
79.02030546,-4.72440900,3.77952800
79.05230546,-12.20472000,3.77952800
79.08430546,-5.11811000,3.77952800
79.11630545,-10.62992000,3.70078700
79.14830545,-6.69291300,3.77952800
79.18030545,-15.74803000,3.70078700
79.21230545,-1.96850400,3.77952800
79.24430545,-9.84251900,3.70078700
79.27630545,-7.48031400,3.77952800
79.30830545,-5.51181100,3.77952800
79.34030545,-3.54330700,3.77952800
79.37230545,-12.20472000,3.77952800
79.40430545,-2.75590500,3.77952800
79.43630545,-9.44881800,3.77952800
79.46830544,0.00000000,3.77952800
79.50030544,-5.90551100,3.70078700
79.53230544,-3.14960600,3.77952800
79.56430544,-4.72440900,3.70078700
79.59630544,1.57480300,3.77952800
79.62830544,-7.48031400,3.70078700
79.66030544,-3.54330700,3.77952800
79.69230544,-1.57480300,3.77952800
79.72430544,-2.75590500,3.70078700
79.75630544,-6.69291300,3.70078700
79.78830544,-2.36220500,3.77952800
79.82030543,-4.72440900,3.70078700
79.85230543,-2.75590500,3.77952800
79.88430543,-5.90551100,3.77952800
79.91630543,-6.69291300,3.77952800
79.94830543,-1.57480300,3.77952800
79.98030543,-7.08661400,3.77952800
80.01230543,-8.66141700,3.77952800
80.04430543,-7.48031400,3.77952800
80.07630543,-4.33070900,3.77952800
80.10830543,-10.23622000,3.77952800
80.14030543,-5.90551100,3.77952800
80.17230542,-9.44881800,3.77952800
80.20430542,-7.48031400,3.77952800
80.23630542,-12.20472000,3.77952800
80.26830542,-9.44881800,3.77952800
80.30030542,-11.41732000,3.77952800
80.33230542,-3.54330700,3.77952800
80.36430542,-11.41732000,3.70078700
80.39630542,-7.87401500,3.77952800
80.42830542,-9.44881800,3.77952800
80.46030542,-2.75590500,3.77952800
80.49230542,-12.59842000,3.70078700
80.52430541,1.57480300,3.77952800
80.55630541,-7.08661400,3.70078700
80.58830541,-3.14960600,3.77952800
80.62030541,-9.84251900,3.70078700
80.65230541,-1.57480300,3.70078700
80.68430541,-9.44881800,3.77952800
80.71630541,-0.78740150,3.77952800
80.74830541,-12.20472000,3.70078700
80.78030541,-3.14960600,3.77952800
80.81230541,-9.84251900,3.70078700
80.84430541,-5.90551100,3.77952800
80.87630541,-6.29921200,3.70078700
80.90830540,-2.75590500,3.77952800
80.94030540,-6.29921200,3.70078700
80.97230540,-5.51181100,3.77952800
81.00430540,-11.02362000,3.70078700
81.03630540,-0.39370070,3.77952800
81.06830540,-1.57480300,3.77952800
81.10030540,-4.72440900,3.77952800
81.13230540,-5.51181100,3.70078700
81.16430540,-2.75590500,3.77952800
81.19630540,-6.29921200,3.77952800
81.22830540,-9.44881800,3.77952800
81.26030539,-3.93700800,3.77952800
81.29230539,-9.84251900,3.77952800
81.32430539,-12.20472000,3.77952800
81.35630539,-15.35433000,3.77952800
81.38830539,-12.99213000,3.77952800
81.42030539,-13.77953000,3.77952800
81.45230539,-9.84251900,3.77952800
81.48430539,-15.74803000,3.77952800
81.51630539,-11.02362000,3.77952800
81.54830539,-14.56693000,3.77952800
81.58030539,-12.59842000,3.77952800
81.61230538,-14.17323000,3.77952800
81.64430538,-3.14960600,3.77952800
81.67630538,-16.92913000,3.77952800
81.70830538,-12.20472000,3.77952800
81.74030538,-21.65354000,3.70078700
81.77230538,-8.26771600,3.77952800
81.80430538,-13.77953000,3.77952800
81.83630538,-10.62992000,3.77952800
81.86830538,-17.32283000,3.70078700
81.90030538,-7.08661400,3.77952800
81.93230538,-16.92913000,3.77952800
81.96430537,-11.41732000,3.77952800
81.99630537,-7.48031400,3.77952800
82.02830537,-5.11811000,3.70078700
82.06030537,-12.59842000,3.70078700
82.09230537,-4.33070900,3.77952800
82.12430537,-8.26771600,3.77952800
82.15630537,-4.72440900,3.77952800
82.18830537,-8.66141700,3.70078700
82.22030537,-5.11811000,3.70078700
82.25230537,-5.90551100,3.70078700
82.28430537,-5.11811000,3.70078700
82.31630536,-11.41732000,3.70078700
82.34830536,-6.29921200,3.77952800
82.38030536,-4.33070900,3.77952800
82.41230536,-6.69291300,3.77952800
82.44430536,-8.26771600,3.70078700
82.47630536,-5.11811000,3.77952800
82.50830536,-6.69291300,3.77952800
82.54030536,-7.08661400,3.77952800
82.57230536,-5.11811000,3.77952800
82.60430536,-7.87401500,3.70078700
82.63630536,-5.51181100,3.77952800
82.66830535,-11.81102000,3.70078700
82.70030535,-11.81102000,3.77952800
82.73230535,-9.84251900,3.77952800
82.76430535,-9.84251900,3.77952800
82.79630535,-15.74803000,3.77952800
82.82830535,-10.23622000,3.77952800
82.86030535,-14.17323000,3.70078700
82.89230535,-10.23622000,3.77952800
82.92430535,-15.74803000,3.70078700
82.95630535,-9.84251900,3.77952800
82.98830535,-14.56693000,3.70078700
83.02030534,-7.08661400,3.77952800
83.05230534,-16.92913000,3.77952800
83.08430534,-6.29921200,3.77952800
83.11630534,-11.02362000,3.70078700
83.14830534,-7.87401500,3.77952800
83.18030534,-17.32283000,3.70078700
83.21230534,-2.36220500,3.77952800
83.24430534,-11.41732000,3.77952800
83.27630534,-9.05511800,3.77952800
83.30830534,-13.77953000,3.70078700
83.34030534,-6.29921200,3.77952800
83.37230533,-18.50394000,3.70078700
83.40430533,-5.90551100,3.77952800
83.43630533,-14.96063000,3.77952800
83.46830533,-5.90551100,3.77952800
83.50030533,-12.59842000,3.70078700
83.53230533,-8.66141700,3.77952800
83.56430533,-9.05511800,3.70078700
83.59630533,-5.11811000,3.70078700
83.62830533,-8.66141700,3.77952800
83.66030533,-7.08661400,3.77952800
83.69230533,-9.44881800,3.70078700
83.72430532,-3.93700800,3.77952800
83.75630532,-6.29921200,3.77952800
83.78830532,-8.26771600,3.77952800
83.82030532,-7.48031400,3.70078700
83.85230532,-5.90551100,3.70078700
83.88430532,-10.62992000,3.77952800
83.91630532,-13.77953000,3.77952800
83.94830532,-7.08661400,3.77952800
83.98030532,-12.59842000,3.77952800
84.01230532,-12.99213000,3.70078700
84.04430532,-13.38583000,3.77952800
84.07630531,-10.62992000,3.77952800
84.10830531,-14.96063000,3.77952800
84.14030531,-10.62992000,3.77952800
84.17230531,-14.96063000,3.77952800
84.20430531,-9.44881800,3.70078700
84.23630531,-13.77953000,3.70078700
84.26830531,-12.59842000,3.77952800
84.30030531,-14.96063000,3.77952800
84.33230531,-7.48031400,3.77952800
84.36430531,-15.74803000,3.77952800
84.39630531,-11.81102000,3.70078700
84.42830530,-14.17323000,3.77952800
84.46030530,-8.26771600,3.77952800
84.49230530,-15.35433000,3.70078700
84.52430530,-8.66141700,3.77952800
84.55630530,-14.17323000,3.70078700
84.58830530,-1.96850400,3.77952800
84.62030530,-12.20472000,3.77952800
84.65230530,-7.48031400,3.77952800
84.68430530,-9.05511800,3.70078700
84.71630530,-3.54330700,3.77952800
84.74830530,-10.62992000,3.70078700
84.78030529,-4.72440900,3.70078700
84.81230529,-8.66141700,3.70078700
84.84430529,-6.29921200,3.70078700
84.87630529,-10.62992000,3.77952800
84.90830529,-7.48031400,3.77952800
84.94030529,-7.87401500,3.77952800
84.97230529,-4.72440900,3.77952800
85.00430529,-11.02362000,3.77952800
85.03630529,-6.69291300,3.77952800
85.06830529,-5.51181100,3.77952800
85.10030529,-7.87401500,3.77952800
85.13230528,-6.29921200,3.77952800
85.16430528,-0.78740150,3.77952800
85.19630528,-3.54330700,3.77952800
85.22830528,-6.29921200,3.77952800
85.26030528,-5.11811000,3.77952800
85.29230528,-7.87401500,3.77952800
85.32430528,-5.51181100,3.77952800
85.35630528,-11.41732000,3.77952800
85.38830528,-10.62992000,3.77952800
85.42030528,-10.23622000,3.77952800
85.45230528,-9.84251900,3.77952800
85.48430527,-16.53543000,3.77952800
85.51630527,-9.44881800,3.77952800
85.54830527,-12.20472000,3.70078700
85.58030527,-9.44881800,3.77952800
85.61230527,-14.96063000,3.77952800
85.64430527,-8.66141700,3.70078700
85.67630527,-14.56693000,3.77952800
85.70830527,-4.72440900,3.77952800
85.74030527,-14.17323000,3.70078700
85.77230527,-3.54330700,3.77952800
85.80430527,-11.41732000,3.70078700
85.83630526,-11.02362000,3.77952800
85.86830526,-18.89764000,3.70078700
85.90030526,-1.96850400,3.77952800
85.93230526,-12.99213000,3.70078700
85.96430526,-10.23622000,3.77952800
85.99630526,-12.59842000,3.77952800
86.02830526,-6.29921200,3.77952800
86.06030526,-18.89764000,3.70078700
86.09230526,-3.54330700,3.77952800
86.12430526,-10.62992000,3.77952800
86.15630526,-4.72440900,3.77952800
86.18830525,-12.59842000,3.70078700
86.22030525,-8.66141700,3.77952800
86.25230525,-6.69291300,3.77952800
86.28430525,-3.14960600,3.77952800
86.31630525,-8.26771600,3.70078700
86.34830525,-6.69291300,3.77952800
86.38030525,-11.41732000,3.77952800
86.41230525,-6.69291300,3.77952800
86.44430525,-8.26771600,3.77952800
86.47630525,-7.87401500,3.77952800
86.50830525,-7.87401500,3.77952800
86.54030524,-6.69291300,3.70078700
86.57230524,-11.81102000,3.70078700
86.60430524,-12.99213000,3.77952800
86.63630524,-6.29921200,3.77952800
86.66830524,-10.62992000,3.77952800
86.70030524,-11.41732000,3.77952800
86.73230524,-11.02362000,3.77952800
86.76430524,-9.84251900,3.77952800
86.79630524,-12.99213000,3.77952800
86.82830524,-8.66141700,3.77952800
86.86030524,-12.59842000,3.70078700
86.89230523,-7.48031400,3.77952800
86.92430523,-16.92913000,3.77952800
86.95630523,-11.81102000,3.77952800
86.98830523,-14.96063000,3.77952800
87.02030523,-7.48031400,3.77952800
87.05230523,-20.07874000,3.70078700
87.08430523,-7.87401500,3.77952800
87.11630523,-12.20472000,3.77952800
87.14830523,-9.84251900,3.70078700
87.18030523,-17.71653000,3.70078700
87.21230523,-4.33070900,3.77952800
87.24430522,-11.41732000,3.70078700
87.27630522,-4.33070900,3.77952800
87.30830522,-15.74803000,3.70078700
87.34030522,-5.90551100,3.77952800
87.37230522,-9.05511800,3.77952800
87.40430522,-6.29921200,3.77952800
87.43630522,-12.99213000,3.77952800
87.46830522,-4.72440900,3.77952800
87.50030522,-8.66141700,3.70078700
87.53230522,-8.66141700,3.77952800
87.56430522,-10.23622000,3.70078700
87.59630521,-4.33070900,3.70078700
87.62830521,-8.26771600,3.70078700
87.66030521,-1.96850400,3.77952800
87.69230521,-6.69291300,3.70078700
87.72430521,-2.36220500,3.77952800
87.75630521,-1.57480300,3.77952800
87.78830521,-5.90551100,3.77952800
87.82030521,-6.69291300,3.70078700
87.85230521,-1.18110200,3.77952800
87.88430521,-5.11811000,3.77952800
87.91630521,-8.66141700,3.77952800
87.94830521,-5.11811000,3.70078700
87.98030520,-9.84251900,3.77952800
88.01230520,-9.05511800,3.77952800
88.04430520,-13.77953000,3.77952800
88.07630520,-10.62992000,3.77952800
88.10830520,-11.41732000,3.77952800
88.14030520,-10.62992000,3.77952800
88.17230520,-18.11024000,3.77952800
88.20430520,-8.26771600,3.77952800
88.23630520,-13.38583000,3.77952800
88.26830520,-8.66141700,3.77952800
88.30030520,-12.99213000,3.70078700
88.33230519,-8.66141700,3.77952800
88.36430519,-14.96063000,3.70078700
88.39630519,-9.05511800,3.77952800
88.42830519,-18.89764000,3.70078700
88.46030519,-5.51181100,3.77952800
88.49230519,-12.59842000,3.77952800
88.52430519,-11.81102000,3.77952800
88.55630519,-18.11024000,3.70078700
88.58830519,-3.93700800,3.77952800
88.62030519,-13.77953000,3.77952800
88.65230519,-10.23622000,3.77952800
88.68430518,-10.23622000,3.70078700
88.71630518,-5.11811000,3.77952800
88.74830518,-16.92913000,3.70078700
88.78030518,-3.54330700,3.77952800
88.81230518,-8.66141700,3.77952800
88.84430518,-3.54330700,3.77952800
88.87630518,-12.59842000,3.70078700
88.90830518,-7.08661400,3.77952800
88.94030518,-7.87401500,3.70078700
88.97230518,-6.29921200,3.77952800
89.00430518,-11.81102000,3.77952800
89.03630517,-6.69291300,3.77952800
89.06830517,-5.90551100,3.70078700
89.10030517,-7.87401500,3.77952800
89.13230517,-8.26771600,3.70078700
89.16430517,-6.29921200,3.70078700
89.19630517,-4.33070900,3.77952800
89.22830517,-3.93700800,3.77952800
89.26030517,-5.90551100,3.77952800
89.29230517,-7.87401500,3.77952800
89.32430517,-2.36220500,3.77952800
89.35630517,-9.44881800,3.77952800
89.38830516,-9.05511800,3.77952800
89.42030516,-7.48031400,3.77952800
89.45230516,-6.29921200,3.77952800
89.48430516,-14.96063000,3.77952800
89.51630516,-11.81102000,3.77952800
89.54830516,-17.71653000,3.77952800
89.58030516,-7.48031400,3.77952800
89.61230516,-14.96063000,3.77952800
89.64430516,-11.41732000,3.77952800
89.67630516,-19.29134000,3.70078700
89.70830516,-5.90551100,3.77952800
89.74030515,-18.11024000,3.77952800
89.77230515,-7.48031400,3.70078700
89.80430515,-7.87401500,3.70078700
89.83630515,-7.08661400,3.77952800
89.86830515,-14.17323000,3.77952800
89.90030515,-4.33070900,3.77952800
89.93230515,-12.59842000,3.70078700
89.96430515,-3.14960600,3.77952800
89.99630515,-12.59842000,3.77952800
90.02830515,-4.33070900,3.77952800
90.06030515,-9.44881800,3.70078700
90.09230514,-7.48031400,3.77952800
90.12430514,-14.17323000,3.70078700
90.15630514,-1.96850400,3.77952800
90.18830514,-5.90551100,3.77952800
90.22030514,-6.29921200,3.70078700
90.25230514,-5.90551100,3.70078700
90.28430514,-2.75590500,3.77952800
90.31630514,-7.48031400,3.70078700
90.34830514,-0.78740150,3.77952800
90.38030514,-5.51181100,3.77952800
90.41230514,-0.39370070,3.70078700
90.44430513,-4.33070900,3.77952800
90.47630513,-6.69291300,3.77952800
90.50830513,-5.51181100,3.77952800
90.54030513,-0.78740150,3.77952800
90.57230513,-6.29921200,3.70078700
90.60430513,-9.44881800,3.77952800
90.63630513,-6.29921200,3.77952800
90.66830513,-10.62992000,3.77952800
90.70030513,-7.87401500,3.77952800
90.73230513,-10.23622000,3.77952800
90.76430513,-6.69291300,3.77952800
90.79630512,-7.48031400,3.77952800
90.82830512,-8.66141700,3.77952800
90.86030512,-13.38583000,3.77952800
90.89230512,-3.93700800,3.77952800
90.92430512,-11.02362000,3.77952800
90.95630512,-7.48031400,3.77952800
90.98830512,-11.02362000,3.70078700
91.02030512,-5.11811000,3.77952800
91.05230512,-15.74803000,3.77952800
91.08430512,-5.90551100,3.77952800
91.11630512,-11.41732000,3.77952800
91.14830511,-3.93700800,3.70078700
91.18030511,-10.62992000,3.70078700
91.21230511,-8.26771600,3.77952800
91.24430511,-12.99213000,3.77952800
91.27630511,0.78740150,3.77952800
91.30830511,-9.05511800,3.70078700
91.34030511,-2.36220500,3.77952800
91.37230511,-2.75590500,3.70078700
91.40430511,-1.57480300,3.77952800
91.43630511,-11.02362000,3.70078700
91.46830511,-0.78740150,3.77952800
91.50030510,-6.69291300,3.77952800
91.53230510,-1.18110200,3.77952800
91.56430510,-7.48031400,3.70078700
91.59630510,-5.51181100,3.77952800
91.62830510,-4.33070900,3.77952800
91.66030510,-1.57480300,3.77952800
91.69230510,-6.69291300,3.77952800
91.72430510,0.00000000,3.77952800
91.75630510,-1.18110200,3.77952800
91.78830510,-3.14960600,3.77952800
91.82030510,-3.54330700,3.77952800
91.85230509,0.00000000,3.77952800
91.88430509,0.00000000,3.77952800
91.91630509,-2.36220500,3.77952800
91.94830509,-2.75590500,3.77952800
91.98030509,-6.69291300,3.77952800
92.01230509,-4.33070900,3.77952800
92.04430509,-10.62992000,3.77952800
92.07630509,-10.23622000,3.77952800
92.10830509,-8.66141700,3.77952800
92.14030509,-7.48031400,3.77952800
92.17230509,-16.14173000,3.77952800
92.20430508,-9.44881800,3.77952800
92.23630508,-14.17323000,3.77952800
92.26830508,-7.08661400,3.77952800
92.30030508,-12.59842000,3.77952800
92.33230508,-5.90551100,3.70078700
92.36430508,-11.81102000,3.70078700
92.39630508,-7.48031400,3.77952800
92.42830508,-20.07874000,3.70078700
92.46030508,-3.93700800,3.77952800
92.49230508,-9.05511800,3.70078700
92.52430508,-10.23622000,3.77952800
92.55630507,-14.56693000,3.77952800
92.58830507,-5.11811000,3.77952800
92.62030507,-20.07874000,3.70078700
92.65230507,-5.51181100,3.77952800
92.68430507,-12.99213000,3.70078700
92.71630507,-7.87401500,3.77952800
92.74830507,-13.38583000,3.77952800
92.78030507,-7.08661400,3.77952800
92.81230507,-11.81102000,3.70078700
92.84430507,-4.72440900,3.77952800
92.87630507,-8.66141700,3.77952800
92.90830506,-8.26771600,3.77952800
92.94030506,-12.20472000,3.70078700
92.97230506,-2.36220500,3.77952800
93.00430506,-8.26771600,3.77952800
93.03630506,-6.69291300,3.77952800
93.06830506,-9.44881800,3.77952800
93.10030506,-4.72440900,3.77952800
93.13230506,-9.05511800,3.77952800
93.16430506,-10.62992000,3.77952800
93.19630506,-8.66141700,3.70078700
93.22830506,-6.69291300,3.77952800
93.26030505,-10.23622000,3.77952800
93.29230505,-11.41732000,3.77952800
93.32430505,-5.90551100,3.77952800
93.35630505,-10.62992000,3.77952800
93.38830505,-9.84251900,3.77952800
93.42030505,-10.62992000,3.77952800
93.45230505,-8.26771600,3.77952800
93.48430505,-11.81102000,3.77952800
93.51630505,-8.66141700,3.77952800
93.54830505,-14.17323000,3.77952800
93.58030505,-7.48031400,3.77952800
93.61230504,-16.92913000,3.77952800
93.64430504,-10.62992000,3.77952800
93.67630504,-12.59842000,3.77952800
93.70830504,-8.66141700,3.77952800
93.74030504,-21.25984000,3.77952800
93.77230504,-8.66141700,3.77952800
93.80430504,-13.77953000,3.77952800
93.83630504,-7.87401500,3.77952800
93.86830504,-15.35433000,3.70078700
93.90030504,-4.33070900,3.77952800
93.93230504,-11.41732000,3.77952800
93.96430503,-3.54330700,3.77952800
93.99630503,-13.77953000,3.70078700
94.02830503,-6.29921200,3.77952800
94.06030503,-4.33070900,3.77952800
94.09230503,-5.51181100,3.77952800
94.12430503,-12.99213000,3.70078700
94.15630503,-4.33070900,3.77952800
94.18830503,-12.20472000,3.70078700
94.22030503,-4.72440900,3.77952800
94.25230503,-7.87401500,3.77952800
94.28430503,-5.90551100,3.77952800
94.31630502,-4.33070900,3.70078700
94.34830502,-4.72440900,3.77952800
94.38030502,-12.20472000,3.70078700
94.41230502,0.00000000,3.77952800
94.44430502,-1.18110200,3.77952800
94.47630502,-5.11811000,3.77952800
94.50830502,-4.72440900,3.77952800
94.54030502,-3.54330700,3.77952800
94.57230502,-6.69291300,3.77952800
94.60430502,-9.05511800,3.77952800
94.63630502,-5.51181100,3.77952800
94.66830501,-9.84251900,3.77952800
94.70030501,-8.66141700,3.77952800
94.73230501,-16.14173000,3.77952800
94.76430501,-12.99213000,3.77952800
94.79630501,-11.81102000,3.77952800
94.82830501,-9.44881800,3.77952800
94.86030501,-17.32283000,3.77952800
94.89230501,-9.84251900,3.77952800
94.92430501,-16.14173000,3.77952800
94.95630501,-11.02362000,3.77952800
94.98830501,-15.35433000,3.77952800
95.02030500,-4.72440900,3.77952800
95.05230500,-13.77953000,3.77952800
95.08430500,-11.41732000,3.70078700
95.11630500,-21.25984000,3.77952800
95.14830500,-7.87401500,3.77952800
95.18030500,-13.38583000,3.77952800
95.21230500,-12.99213000,3.77952800
95.24430500,-14.56693000,3.70078700
95.27630500,-5.51181100,3.77952800
95.30830500,-21.65354000,3.70078700
95.34030500,-6.69291300,3.77952800
95.37230500,-9.84251900,3.70078700
95.40430499,-5.90551100,3.77952800
95.43630499,-15.35433000,3.70078700
95.46830499,-5.51181100,3.77952800
95.50030499,-11.41732000,3.77952800
95.53230499,-5.51181100,3.70078700
95.56430499,-10.23622000,3.70078700
95.59630499,-7.87401500,3.77952800
95.62830499,-6.29921200,3.77952800
95.66030499,-5.90551100,3.77952800
95.69230499,-11.81102000,3.77952800
95.72430499,-7.08661400,3.77952800
95.75630498,-6.29921200,3.77952800
95.78830498,-5.11811000,3.77952800
95.82030498,-6.29921200,3.77952800
95.85230498,-6.29921200,3.77952800
95.88430498,-3.54330700,3.77952800
95.91630498,-4.72440900,3.77952800
95.94830498,-6.69291300,3.77952800
95.98030498,-7.48031400,3.77952800
96.01230498,-2.36220500,3.70078700
96.04430498,-12.20472000,3.77952800
96.07630498,-11.81102000,3.77952800
96.10830497,-11.02362000,3.77952800
96.14030497,-7.87401500,3.77952800
96.17230497,-15.74803000,3.77952800
96.20430497,-12.20472000,3.77952800
96.23630497,-19.68504000,3.70078700
96.26830497,-9.84251900,3.77952800
96.30030497,-18.11024000,3.70078700
96.33230497,-12.20472000,3.70078700
96.36430497,-13.38583000,3.70078700
96.39630497,-8.66141700,3.77952800
96.42830497,-16.92913000,3.77952800
96.46030496,-8.66141700,3.77952800
96.49230496,-9.84251900,3.77952800
96.52430496,-5.90551100,3.77952800
96.55630496,-15.74803000,3.70078700
96.58830496,-2.75590500,3.77952800
96.62030496,-11.41732000,3.70078700
96.65230496,-7.87401500,3.77952800
96.68430496,-13.38583000,3.70078700
96.71630496,-5.51181100,3.77952800
96.74830496,-15.74803000,3.70078700
96.78030496,-5.51181100,3.77952800
96.81230495,-12.20472000,3.77952800
96.84430495,-5.90551100,3.77952800
96.87630495,-11.41732000,3.70078700
96.90830495,-7.48031400,3.77952800
96.94030495,-5.90551100,3.77952800
96.97230495,-3.93700800,3.77952800
97.00430495,-5.51181100,3.77952800
97.03630495,-4.72440900,3.77952800
97.06830495,-9.84251900,3.77952800
97.10030495,-1.96850400,3.77952800
97.13230495,-4.72440900,3.77952800
97.16430494,-8.66141700,3.70078700
97.19630494,-5.11811000,3.77952800
97.22830494,-5.51181100,3.77952800
97.26030494,-9.05511800,3.77952800
97.29230494,-10.62992000,3.77952800
97.32430494,-6.69291300,3.77952800
97.35630494,-12.59842000,3.77952800
97.38830494,-9.84251900,3.77952800
97.42030494,-14.17323000,3.77952800
97.45230494,-11.81102000,3.70078700
97.48430494,-11.41732000,3.70078700
97.51630493,-10.62992000,3.77952800
97.54830493,-14.56693000,3.77952800
97.58030493,-7.08661400,3.77952800
97.61230493,-14.96063000,3.77952800
97.64430493,-11.81102000,3.77952800
97.67630493,-14.17323000,3.77952800
97.70830493,-6.29921200,3.77952800
97.74030493,-16.92913000,3.77952800
97.77230493,-12.20472000,3.77952800
97.80430493,-22.04724000,3.77952800
97.83630493,-5.51181100,3.77952800
97.86830492,-14.17323000,3.70078700
97.90030492,-10.62992000,3.77952800
97.93230492,-13.77953000,3.77952800
97.96430492,-3.93700800,3.77952800
97.99630492,-14.96063000,3.70078700
98.02830492,-6.29921200,3.77952800
98.06030492,-5.11811000,3.77952800
98.09230492,-5.11811000,3.77952800
98.12430492,-11.02362000,3.70078700
98.15630492,-2.75590500,3.77952800
98.18830492,-7.87401500,3.77952800
98.22030491,-6.29921200,3.77952800
98.25230491,-11.02362000,3.77952800
98.28430491,-6.29921200,3.77952800
98.31630491,-5.11811000,3.70078700
98.34830491,-5.11811000,3.77952800
98.38030491,-8.26771600,3.70078700
98.41230491,-2.75590500,3.77952800
98.44430491,-4.72440900,3.77952800
98.47630491,-6.69291300,3.77952800
98.50830491,-3.93700800,3.77952800
98.54030491,-2.75590500,3.77952800
98.57230490,-3.93700800,3.77952800
98.60430490,-7.48031400,3.77952800
98.63630490,-6.69291300,3.77952800
98.66830490,-9.05511800,3.77952800
98.70030490,-7.08661400,3.77952800
98.73230490,-14.56693000,3.77952800
98.76430490,-11.41732000,3.77952800
98.79630490,-12.20472000,3.70078700
98.82830490,-14.17323000,3.77952800
98.86030490,-16.14173000,3.77952800
98.89230490,-7.87401500,3.70078700
98.92430489,-12.99213000,3.77952800
98.95630489,-7.48031400,3.77952800
98.98830489,-13.38583000,3.70078700
99.02030489,-9.84251900,3.77952800
99.05230489,-12.59842000,3.77952800
99.08430489,-5.90551100,3.77952800
99.11630489,-14.96063000,3.77952800
99.14830489,-2.36220500,3.77952800
99.18030489,-11.02362000,3.70078700
99.21230489,-10.62992000,3.70078700
99.24430489,-16.14173000,3.70078700
99.27630488,-1.96850400,3.77952800
99.30830488,-12.20472000,3.70078700
99.34030488,-9.44881800,3.77952800
99.37230488,-13.38583000,3.77952800
99.40430488,-6.29921200,3.77952800
99.43630488,-15.35433000,3.70078700
99.46830488,-4.72440900,3.77952800
99.50030488,-7.87401500,3.70078700
99.53230488,-1.96850400,3.77952800
99.56430488,-12.59842000,3.77952800
99.59630488,-7.08661400,3.77952800
99.62830487,-4.72440900,3.77952800
99.66030487,-4.33070900,3.77952800
99.69230487,-7.87401500,3.77952800
99.72430487,-5.51181100,3.77952800
99.75630487,-10.62992000,3.70078700
99.78830487,-5.51181100,3.77952800
99.82030487,-9.05511800,3.70078700
99.85230487,-8.66141700,3.77952800
99.88430487,-5.90551100,3.70078700
99.91630487,-8.66141700,3.77952800
99.94830487,-12.59842000,3.77952800
99.98030486,-12.20472000,3.77952800
100.01230486,-7.08661400,3.77952800
100.04430486,-13.77953000,3.77952800
100.07630486,-10.62992000,3.70078700
100.10830486,-12.59842000,3.77952800
100.14030486,-12.59842000,3.77952800
100.17230486,-18.11024000,3.77952800
100.20430486,-11.02362000,3.77952800
100.23630486,-15.74803000,3.70078700
100.26830486,-11.41732000,3.77952800
100.30030486,-19.68504000,3.77952800
100.33230485,-14.56693000,3.77952800
100.36430485,-16.92913000,3.77952800
100.39630485,-11.02362000,3.70078700
100.42830485,-16.53543000,3.70078700
100.46030485,-9.84251900,3.77952800
100.49230485,-14.96063000,3.70078700
100.52430485,-8.66141700,3.77952800
100.55630485,-14.56693000,3.77952800
100.58830485,-6.69291300,3.77952800
100.62030485,-11.81102000,3.70078700
100.65230485,-3.14960600,3.77952800
100.68430484,-14.56693000,3.77952800
100.71630484,-5.90551100,3.77952800
100.74830484,-11.81102000,3.70078700
100.78030484,-6.69291300,3.77952800
100.81230484,-12.59842000,3.70078700
100.84430484,-4.72440900,3.77952800
100.87630484,-12.59842000,3.70078700
100.90830484,-8.66141700,3.77952800
100.94030484,-11.41732000,3.77952800
100.97230484,-6.69291300,3.77952800
101.00430484,-7.87401500,3.70078700
101.03630483,-6.69291300,3.77952800
101.06830483,-10.23622000,3.70078700
101.10030483,-4.33070900,3.77952800
101.13230483,-7.08661400,3.70078700
101.16430483,-7.48031400,3.77952800
101.19630483,-3.93700800,3.70078700
101.22830483,-3.54330700,3.77952800
101.26030483,-9.05511800,3.77952800
101.29230483,-9.84251900,3.77952800
101.32430483,-9.05511800,3.70078700
101.35630483,-11.81102000,3.77952800
101.38830482,-11.41732000,3.77952800
101.42030482,-14.96063000,3.77952800
101.45230482,-10.23622000,3.77952800
101.48430482,-12.20472000,3.77952800
101.51630482,-13.38583000,3.77952800
101.54830482,-14.96063000,3.77952800
101.58030482,-6.69291300,3.77952800
101.61230482,-14.96063000,3.77952800
101.64430482,-8.26771600,3.77952800
101.67630482,-12.20472000,3.70078700
101.70830482,-6.69291300,3.70078700
101.74030481,-14.96063000,3.70078700
101.77230481,-7.87401500,3.77952800
101.80430481,-15.74803000,3.77952800
101.83630481,-5.51181100,3.77952800
101.86830481,-14.17323000,3.77952800
101.90030481,-10.62992000,3.77952800
101.93230481,-10.23622000,3.70078700
101.96430481,-5.51181100,3.77952800
101.99630481,-17.71653000,3.70078700
102.02830481,-3.14960600,3.77952800
102.06030481,-9.05511800,3.77952800
102.09230480,-3.54330700,3.77952800
102.12430480,-9.44881800,3.77952800
102.15630480,-4.33070900,3.77952800
102.18830480,-9.44881800,3.70078700
102.22030480,-1.96850400,3.77952800
102.25230480,-9.44881800,3.77952800
102.28430480,-4.72440900,3.77952800
102.31630480,-3.93700800,3.77952800
102.34830480,-5.90551100,3.77952800
102.38030480,-11.02362000,3.70078700
102.41230480,-1.96850400,3.77952800
102.44430480,-7.48031400,3.70078700
102.47630479,-6.69291300,3.77952800
102.50830479,-6.69291300,3.70078700
102.54030479,-4.33070900,3.77952800
102.57230479,-2.75590500,3.77952800
102.60430479,-5.11811000,3.77952800
102.63630479,-6.29921200,3.77952800
102.66830479,-5.51181100,3.70078700
102.70030479,-5.11811000,3.77952800
102.73230479,-12.59842000,3.70078700
102.76430479,-6.69291300,3.77952800
102.79630479,-6.69291300,3.77952800
102.82830478,-8.66141700,3.77952800
102.86030478,-12.99213000,3.70078700
102.89230478,-8.26771600,3.77952800
102.92430478,-13.38583000,3.77952800
102.95630478,-7.48031400,3.77952800
102.98830478,-11.41732000,3.77952800
103.02030478,-7.08661400,3.77952800
103.05230478,-11.02362000,3.70078700
103.08430478,-6.69291300,3.77952800
103.11630478,-15.35433000,3.77952800
103.14830478,1.18110200,3.77952800
103.18030477,-6.69291300,3.77952800
103.21230477,-6.69291300,3.77952800
103.24430477,-9.44881800,3.77952800
103.27630477,-2.36220500,3.77952800
103.30830477,-15.35433000,3.70078700
103.34030477,-1.96850400,3.77952800
103.37230477,-9.44881800,3.70078700
103.40430477,-2.36220500,3.77952800
103.43630477,-12.20472000,3.70078700
103.46830477,-7.08661400,3.77952800
103.50030477,-8.66141700,3.70078700
103.53230476,-2.36220500,3.77952800
103.56430476,-8.26771600,3.70078700
103.59630476,-4.72440900,3.77952800
103.62830476,-11.41732000,3.77952800
103.66030476,-2.36220500,3.77952800
103.69230476,-6.29921200,3.77952800
103.72430476,-2.75590500,3.77952800
103.75630476,-4.33070900,3.77952800
103.78830476,-1.57480300,3.77952800
103.82030476,-7.08661400,3.77952800
103.85230476,-7.08661400,3.77952800
103.88430475,-3.54330700,3.77952800
103.91630475,-7.08661400,3.70078700
103.94830475,-10.62992000,3.77952800
103.98030475,-8.66141700,3.77952800
104.01230475,-5.90551100,3.77952800
104.04430475,-15.35433000,3.77952800
104.07630475,-10.62992000,3.77952800
104.10830475,-12.59842000,3.77952800
104.14030475,-9.44881800,3.77952800
104.17230475,-12.99213000,3.70078700
104.20430475,-11.02362000,3.77952800
104.23630474,-13.38583000,3.77952800
104.26830474,-2.36220500,3.77952800
104.30030474,-17.32283000,3.77952800
104.33230474,-10.62992000,3.70078700
104.36430474,-16.92913000,3.77952800
104.39630474,-9.05511800,3.77952800
104.42830474,-19.29134000,3.77952800
104.46030474,-11.81102000,3.77952800
104.49230474,-15.74803000,3.70078700
104.52430474,-7.87401500,3.77952800
104.55630474,-16.14173000,3.70078700
104.58830473,-9.05511800,3.77952800
104.62030473,-8.26771600,3.70078700
104.65230473,-6.69291300,3.77952800
104.68430473,-13.77953000,3.70078700
104.71630473,-1.96850400,3.77952800
104.74830473,-6.69291300,3.70078700
104.78030473,-8.26771600,3.77952800
104.81230473,-10.62992000,3.70078700
104.84430473,-0.78740150,3.77952800
104.87630473,-7.48031400,3.77952800
104.90830473,-6.29921200,3.77952800
104.94030472,-9.44881800,3.70078700
104.97230472,-6.29921200,3.77952800
105.00430472,-7.48031400,3.70078700
105.03630472,-9.05511800,3.77952800
105.06830472,-8.26771600,3.70078700
105.10030472,-0.78740150,3.77952800
105.13230472,-7.48031400,3.77952800
105.16430472,-7.87401500,3.77952800
105.19630472,-3.14960600,3.77952800
105.22830472,-4.33070900,3.70078700
105.26030472,-6.29921200,3.70078700
105.29230471,-7.87401500,3.77952800
105.32430471,-6.29921200,3.77952800
105.35630471,-12.59842000,3.77952800
105.38830471,-10.62992000,3.77952800
105.42030471,-14.96063000,3.77952800
105.45230471,-8.66141700,3.70078700
105.48430471,-11.41732000,3.77952800
105.51630471,-11.02362000,3.77952800
105.54830471,-15.74803000,3.77952800
105.58030471,-9.05511800,3.77952800
105.61230471,-14.96063000,3.77952800
105.64430470,-8.66141700,3.77952800
105.67630470,-10.62992000,3.70078700
105.70830470,-5.51181100,3.77952800
105.74030470,-11.81102000,3.77952800
105.77230470,-9.84251900,3.77952800
105.80430470,-16.53543000,3.70078700
105.83630470,-1.57480300,3.77952800
105.86830470,-13.38583000,3.77952800
105.90030470,-11.02362000,3.77952800
105.93230470,-13.38583000,3.70078700
105.96430470,-4.72440900,3.77952800
105.99630469,-21.25984000,3.77952800
106.02830469,-3.93700800,3.77952800
106.06030469,-11.81102000,3.77952800
106.09230469,-7.08661400,3.70078700
106.12430469,-15.35433000,3.70078700
106.15630469,-6.69291300,3.77952800
106.18830469,-7.48031400,3.77952800
106.22030469,-4.33070900,3.77952800
106.25230469,-10.62992000,3.77952800
106.28430469,-4.33070900,3.77952800
106.31630469,-8.26771600,3.70078700
106.34830468,-5.11811000,3.77952800
106.38030468,-9.44881800,3.77952800
106.41230468,-4.72440900,3.77952800
106.44430468,-8.66141700,3.77952800
106.47630468,-7.48031400,3.77952800
106.50830468,-12.20472000,3.77952800
106.54030468,-6.69291300,3.77952800
106.57230468,-6.29921200,3.77952800
106.60430468,-11.02362000,3.77952800
106.63630468,-11.41732000,3.77952800
106.66830468,-7.87401500,3.77952800
106.70030467,-7.87401500,3.77952800
106.73230467,-16.53543000,3.70078700
106.76430467,-8.66141700,3.77952800
106.79630467,-11.81102000,3.77952800
106.82830467,-13.38583000,3.70078700
106.86030467,-14.96063000,3.77952800
106.89230467,-10.62992000,3.77952800
106.92430467,-14.56693000,3.77952800
106.95630467,-10.62992000,3.77952800
106.98830467,-18.11024000,3.77952800
107.02030467,-11.02362000,3.77952800
107.05230466,-13.38583000,3.70078700
107.08430466,-11.02362000,3.77952800
107.11630466,-16.14173000,3.77952800
107.14830466,-7.08661400,3.77952800
107.18030466,-14.56693000,3.77952800
107.21230466,-6.69291300,3.77952800
107.24430466,-10.62992000,3.70078700
107.27630466,-4.72440900,3.77952800
107.30830466,-10.23622000,3.77952800
107.34030466,-4.72440900,3.77952800
107.37230466,-11.02362000,3.70078700
107.40430465,-2.36220500,3.77952800
107.43630465,-9.44881800,3.70078700
107.46830465,-7.87401500,3.77952800
107.50030465,-9.44881800,3.77952800
107.53230465,-5.90551100,3.77952800
107.56430465,-14.17323000,3.77952800
107.59630465,-5.90551100,3.77952800
107.62830465,-7.48031400,3.77952800
107.66030465,-4.33070900,3.77952800
107.69230465,-7.48031400,3.77952800
107.72430465,-5.11811000,3.77952800
107.75630464,-5.90551100,3.77952800
107.78830464,-0.39370070,3.77952800
107.82030464,-5.51181100,3.77952800
107.85230464,-3.14960600,3.77952800
107.88430464,-0.39370070,3.77952800
107.91630464,-4.33070900,3.77952800
107.94830464,-7.48031400,3.77952800
107.98030464,-5.90551100,3.77952800
108.01230464,-3.93700800,3.77952800
108.04430464,-10.62992000,3.77952800
108.07630464,-11.02362000,3.77952800
108.10830463,-14.17323000,3.77952800
108.14030463,-7.87401500,3.77952800
108.17230463,-13.38583000,3.77952800
108.20430463,-10.23622000,3.77952800
108.23630463,-9.84251900,3.77952800
108.26830463,-6.29921200,3.77952800
108.30030463,-18.11024000,3.77952800
108.33230463,-7.48031400,3.77952800
108.36430463,-9.44881800,3.77952800
108.39630463,-4.72440900,3.77952800
108.42830463,-13.38583000,3.70078700
108.46030462,-8.26771600,3.77952800
108.49230462,-19.29134000,3.77952800
108.52430462,-5.51181100,3.77952800
108.55630462,-15.35433000,3.70078700
108.58830462,-8.26771600,3.70078700
108.62030462,-10.62992000,3.70078700
108.65230462,-8.66141700,3.70078700
108.68430462,-22.04724000,3.70078700
108.71630462,-2.75590500,3.77952800
108.74830462,-9.05511800,3.70078700
108.78030462,-6.69291300,3.77952800
108.81230461,-11.81102000,3.77952800
108.84430461,-3.93700800,3.77952800
108.87630461,-9.44881800,3.70078700
108.90830461,-6.69291300,3.77952800
108.94030461,-10.23622000,3.77952800
108.97230461,-3.93700800,3.77952800
109.00430461,-10.62992000,3.70078700
109.03630461,-8.26771600,3.77952800
109.06830461,-9.44881800,3.70078700
109.10030461,-5.51181100,3.77952800
109.13230461,-10.62992000,3.77952800
109.16430460,-8.26771600,3.70078700
109.19630460,-8.26771600,3.70078700
109.22830460,-7.87401500,3.70078700
109.26030460,-8.26771600,3.70078700
109.29230460,-9.44881800,3.77952800
109.32430460,-7.08661400,3.77952800
109.35630460,-6.29921200,3.70078700
109.38830460,-9.05511800,3.77952800
109.42030460,-13.77953000,3.77952800
109.45230460,-7.87401500,3.70078700
109.48430460,-11.41732000,3.77952800
109.51630460,-12.20472000,3.70078700
109.54830459,-14.56693000,3.77952800
109.58030459,-6.69291300,3.77952800
109.61230459,-15.35433000,3.77952800
109.64430459,-10.62992000,3.77952800
109.67630459,-18.50394000,3.70078700
109.70830459,-6.29921200,3.77952800
109.74030459,-13.38583000,3.77952800
109.77230459,-11.81102000,3.77952800
109.80430459,-16.92913000,3.70078700
109.83630459,-3.14960600,3.77952800
109.86830459,-13.77953000,3.77952800
109.90030458,-8.26771600,3.77952800
109.93230458,-12.99213000,3.77952800
109.96430458,-3.14960600,3.77952800
109.99630458,-13.77953000,3.70078700
110.02830458,-6.69291300,3.77952800
110.06030458,-11.81102000,3.77952800
110.09230458,-5.51181100,3.77952800
110.12430458,-9.84251900,3.77952800
110.15630458,-8.26771600,3.77952800
110.18830458,-8.26771600,3.77952800
110.22030458,-3.54330700,3.77952800
110.25230457,-12.99213000,3.77952800
110.28430457,-1.96850400,3.77952800
110.31630457,-3.14960600,3.77952800
110.34830457,-4.33070900,3.77952800
110.38030457,-4.72440900,3.77952800
110.41230457,-2.36220500,3.77952800
110.44430457,-6.69291300,3.77952800
110.47630457,-1.18110200,3.77952800
110.50830457,-5.51181100,3.77952800
110.54030457,-4.33070900,3.77952800
110.57230457,-2.36220500,3.77952800
110.60430456,-8.66141700,3.77952800
110.63630456,-9.05511800,3.70078700
110.66830456,-8.26771600,3.77952800
110.70030456,-7.08661400,3.77952800
110.73230456,-13.38583000,3.77952800
110.76430456,-8.66141700,3.77952800
110.79630456,-11.81102000,3.77952800
110.82830456,-10.23622000,3.77952800
110.86030456,-15.35433000,3.77952800
110.89230456,-9.05511800,3.77952800
110.92430456,-11.81102000,3.77952800
110.95630455,-9.05511800,3.77952800
110.98830455,-19.29134000,3.77952800
111.02030455,-8.26771600,3.77952800
111.05230455,-15.74803000,3.77952800
111.08430455,-9.44881800,3.77952800
111.11630455,-18.50394000,3.77952800
111.14830455,-10.23622000,3.70078700
111.18030455,-20.86614000,3.70078700
111.21230455,-9.05511800,3.77952800
111.24430455,-16.92913000,3.70078700
111.27630455,-10.23622000,3.77952800
111.30830454,-11.02362000,3.77952800
111.34030454,-7.48031400,3.77952800
111.37230454,-18.89764000,3.70078700
111.40430454,-1.96850400,3.77952800
111.43630454,-11.41732000,3.77952800
111.46830454,-9.84251900,3.77952800
111.50030454,-13.77953000,3.70078700
111.53230454,-2.75590500,3.77952800
111.56430454,-11.41732000,3.70078700
111.59630454,-9.05511800,3.77952800
111.62830454,-12.20472000,3.77952800
111.66030453,-6.69291300,3.77952800
111.69230453,-8.66141700,3.77952800
111.72430453,-9.05511800,3.77952800
111.75630453,-7.08661400,3.77952800
111.78830453,-4.72440900,3.77952800
111.82030453,-9.44881800,3.77952800
111.85230453,-6.29921200,3.77952800
111.88430453,-1.57480300,3.77952800
111.91630453,-3.93700800,3.77952800
111.94830453,-3.93700800,3.77952800
111.98030453,-7.48031400,3.77952800
112.01230452,-6.69291300,3.77952800
112.04430452,-9.05511800,3.77952800
112.07630452,-8.66141700,3.77952800
112.10830452,-12.59842000,3.77952800
112.14030452,-8.66141700,3.77952800
112.17230452,-15.35433000,3.77952800
112.20430452,-12.59842000,3.77952800
112.23630452,-13.77953000,3.70078700
112.26830452,-8.26771600,3.77952800
112.30030452,-19.29134000,3.70078700
112.33230452,-8.66141700,3.70078700
112.36430451,-15.35433000,3.70078700
112.39630451,-9.05511800,3.70078700
112.42830451,-12.59842000,3.77952800
112.46030451,-9.05511800,3.77952800
112.49230451,-12.20472000,3.70078700
112.52430451,-3.54330700,3.70078700
112.55630451,-16.92913000,3.77952800
112.58830451,-7.48031400,3.77952800
112.62030451,-10.62992000,3.77952800
112.65230451,-5.51181100,3.77952800
112.68430451,-13.38583000,3.77952800
112.71630450,-5.51181100,3.77952800
112.74830450,-12.99213000,3.77952800
112.78030450,-5.90551100,3.77952800
112.81230450,-10.62992000,3.70078700
112.84430450,-5.11811000,3.70078700
112.87630450,-4.33070900,3.70078700
112.90830450,-4.33070900,3.70078700
112.94030450,-13.77953000,3.77952800
112.97230450,-0.78740150,3.70078700
113.00430450,-3.93700800,3.70078700
113.03630450,-3.93700800,3.77952800
113.06830449,-4.33070900,3.77952800
113.10030449,-1.57480300,3.77952800
113.13230449,-7.08661400,3.70078700
113.16430449,-5.51181100,3.77952800
113.19630449,-5.90551100,3.70078700
113.22830449,-3.54330700,3.70078700
113.26030449,-1.96850400,3.77952800
113.29230449,-9.05511800,3.77952800
113.32430449,-6.69291300,3.70078700
113.35630449,-5.51181100,3.77952800
113.38830449,-7.08661400,3.77952800
113.42030448,-10.62992000,3.77952800
113.45230448,-5.11811000,3.77952800
113.48430448,-8.66141700,3.77952800
113.51630448,-8.66141700,3.70078700
113.54830448,-11.41732000,3.77952800
113.58030448,-6.69291300,3.77952800
113.61230448,-10.23622000,3.77952800
113.64430448,-6.69291300,3.77952800
113.67630448,-15.35433000,3.77952800
113.70830448,-5.11811000,3.70078700
113.74030448,-12.59842000,3.70078700
113.77230447,-9.84251900,3.77952800
113.80430447,-12.20472000,3.70078700
113.83630447,-3.14960600,3.77952800
113.86830447,-12.99213000,3.70078700
113.90030447,-4.33070900,3.77952800
113.93230447,-9.84251900,3.77952800
113.96430447,-1.96850400,3.77952800
113.99630447,-6.29921200,3.70078700
114.02830447,-3.54330700,3.77952800
114.06030447,-10.62992000,3.77952800
114.09230447,1.18110200,3.77952800
114.12430446,-9.05511800,3.70078700
114.15630446,-4.33070900,3.77952800
114.18830446,-5.11811000,3.70078700
114.22030446,-1.57480300,3.70078700
114.25230446,-9.44881800,3.70078700
114.28430446,-4.33070900,3.77952800
114.31630446,-5.51181100,3.70078700
114.34830446,-2.36220500,3.77952800
114.38030446,-4.33070900,3.77952800
114.41230446,-1.96850400,3.77952800
114.44430446,-1.96850400,3.70078700
114.47630445,1.57480300,3.77952800
114.50830445,-3.93700800,3.77952800
114.54030445,-1.96850400,3.77952800
114.57230445,2.36220500,3.77952800
114.60430445,-4.33070900,3.77952800
114.63630445,-6.69291300,3.70078700
114.66830445,-5.11811000,3.77952800
114.70030445,-5.90551100,3.77952800
114.73230445,-10.62992000,3.77952800
114.76430445,-9.05511800,3.77952800
114.79630445,-12.20472000,3.77952800
114.82830444,-8.66141700,3.77952800
114.86030444,-14.96063000,3.77952800
114.89230444,-10.62992000,3.77952800
114.92430444,-9.05511800,3.77952800
114.95630444,-5.51181100,3.77952800
114.98830444,-14.56693000,3.70078700
115.02030444,-7.08661400,3.77952800
115.05230444,-13.77953000,3.77952800
115.08430444,-5.90551100,3.77952800
115.11630444,-14.17323000,3.70078700
115.14830444,-9.05511800,3.77952800
115.18030443,-12.59842000,3.70078700
115.21230443,-5.51181100,3.77952800
115.24430443,-18.89764000,3.70078700
115.27630443,-5.11811000,3.77952800
115.30830443,-10.23622000,3.77952800
115.34030443,-9.44881800,3.77952800
115.37230443,-17.32283000,3.77952800
115.40430443,-2.36220500,3.77952800
115.43630443,-10.23622000,3.77952800
115.46830443,-7.87401500,3.77952800
115.50030443,-9.84251900,3.70078700
115.53230442,-4.33070900,3.77952800
115.56430442,-12.20472000,3.70078700
115.59630442,-2.36220500,3.70078700
115.62830442,-9.05511800,3.70078700
115.66030442,-4.33070900,3.70078700
115.69230442,-10.62992000,3.70078700
115.72430442,-8.66141700,3.77952800
115.75630442,-9.05511800,3.70078700
115.78830442,-5.11811000,3.77952800
115.82030442,-9.84251900,3.77952800
115.85230442,-8.26771600,3.77952800
115.88430441,-7.87401500,3.77952800
115.91630441,-7.87401500,3.77952800
115.94830441,-6.69291300,3.77952800
115.98030441,-9.44881800,3.70078700
116.01230441,-6.29921200,3.77952800
116.04430441,-7.08661400,3.77952800
116.07630441,-9.84251900,3.77952800
116.10830441,-12.59842000,3.77952800
116.14030441,-4.33070900,3.77952800
116.17230441,-9.44881800,3.77952800
116.20430441,-11.02362000,3.77952800
116.23630440,-14.96063000,3.77952800
116.26830440,-9.44881800,3.77952800
116.30030440,-15.35433000,3.70078700
116.33230440,-10.62992000,3.77952800
116.36430440,-19.68504000,3.77952800
116.39630440,-4.72440900,3.77952800
116.42830440,-14.56693000,3.70078700
116.46030440,-12.59842000,3.77952800
116.49230440,-18.50394000,3.70078700
116.52430440,-2.36220500,3.77952800
116.55630440,-14.17323000,3.77952800
116.58830440,-5.90551100,3.77952800
116.62030439,-11.02362000,3.77952800
116.65230439,-5.90551100,3.77952800
116.68430439,-10.23622000,3.77952800
116.71630439,-6.29921200,3.77952800
116.74830439,-9.84251900,3.70078700
116.78030439,-2.36220500,3.77952800
116.81230439,-15.74803000,3.77952800
116.84430439,-6.69291300,3.77952800
116.87630439,-7.87401500,3.70078700
116.90830439,-5.51181100,3.77952800
116.94030439,-10.62992000,3.70078700
116.97230438,-3.54330700,3.77952800
117.00430438,-11.41732000,3.77952800
117.03630438,-4.72440900,3.77952800
117.06830438,-6.69291300,3.77952800
117.10030438,-3.54330700,3.77952800
117.13230438,-3.93700800,3.70078700
117.16430438,-3.54330700,3.77952800
117.19630438,-8.26771600,3.77952800
117.22830438,-6.29921200,3.77952800
117.26030438,-2.75590500,3.77952800
117.29230438,-10.23622000,3.77952800
117.32430437,-9.44881800,3.70078700
117.35630437,-9.05511800,3.77952800
117.38830437,-11.02362000,3.77952800
117.42030437,-16.14173000,3.77952800
117.45230437,-11.02362000,3.70078700
117.48430437,-13.38583000,3.77952800
117.51630437,-10.23622000,3.77952800
117.54830437,-15.74803000,3.77952800
117.58030437,-11.81102000,3.77952800
117.61230437,-13.77953000,3.77952800
117.64430437,-7.87401500,3.77952800
117.67630436,-18.11024000,3.77952800
117.70830436,-9.44881800,3.77952800
117.74030436,-15.74803000,3.77952800
117.77230436,-11.41732000,3.77952800
117.80430436,-16.92913000,3.70078700
117.83630436,-11.41732000,3.70078700
117.86830436,-13.77953000,3.70078700
117.90030436,-8.66141700,3.77952800
117.93230436,-20.47244000,3.77952800
117.96430436,-5.90551100,3.77952800
117.99630436,-11.41732000,3.70078700
118.02830435,-10.62992000,3.77952800
118.06030435,-18.50394000,3.70078700
118.09230435,0.00000000,3.77952800
118.12430435,-9.84251900,3.70078700
118.15630435,-8.66141700,3.77952800
118.18830435,-9.84251900,3.77952800
118.22030435,-5.51181100,3.77952800
118.25230435,-9.84251900,3.77952800
118.28430435,-7.48031400,3.70078700
118.31630435,-9.05511800,3.77952800
118.34830435,-5.11811000,3.77952800
118.38030434,-9.05511800,3.70078700
118.41230434,-7.87401500,3.77952800
118.44430434,-5.11811000,3.70078700
118.47630434,-2.75590500,3.77952800
118.50830434,-7.48031400,3.70078700
118.54030434,-5.11811000,3.77952800
118.57230434,-2.75590500,3.77952800
118.60430434,-5.11811000,3.77952800
118.63630434,-3.93700800,3.70078700
118.66830434,-7.48031400,3.77952800
118.70030434,-4.72440900,3.77952800
118.73230433,-7.87401500,3.77952800
118.76430433,-9.05511800,3.77952800
118.79630433,-13.77953000,3.77952800
118.82830433,-7.87401500,3.77952800
118.86030433,-15.74803000,3.77952800
118.89230433,-12.20472000,3.77952800
118.92430433,-13.77953000,3.70078700
118.95630433,-9.44881800,3.77952800
118.98830433,-17.32283000,3.70078700
119.02030433,-9.84251900,3.77952800
119.05230433,-13.38583000,3.77952800
119.08430432,-7.48031400,3.70078700
119.11630432,-12.20472000,3.77952800
119.14830432,-7.48031400,3.77952800
119.18030432,-12.99213000,3.70078700
119.21230432,-1.96850400,3.77952800
119.24430432,-14.56693000,3.77952800
119.27630432,-6.69291300,3.77952800
119.30830432,-9.44881800,3.70078700
119.34030432,-6.29921200,3.77952800
119.37230432,-19.68504000,3.70078700
119.40430432,-4.33070900,3.77952800
119.43630431,-10.62992000,3.77952800
119.46830431,-6.69291300,3.70078700
119.50030431,-14.17323000,3.70078700
119.53230431,-5.90551100,3.77952800
119.56430431,-7.08661400,3.77952800
119.59630431,-7.08661400,3.77952800
119.62830431,-10.62992000,3.77952800
119.66030431,-2.36220500,3.77952800
119.69230431,-8.66141700,3.70078700
119.72430431,-4.72440900,3.77952800
119.75630431,-5.90551100,3.77952800
119.78830430,-4.33070900,3.77952800
119.82030430,-5.51181100,3.77952800
119.85230430,-6.29921200,3.77952800
119.88430430,-7.08661400,3.77952800
119.91630430,-6.29921200,3.77952800
119.94830430,-5.11811000,3.77952800
119.98030430,-12.59842000,3.77952800
120.01230430,-9.84251900,3.77952800
120.04430430,-8.26771600,3.77952800
120.07630430,-10.62992000,3.77952800
120.10830430,-14.56693000,3.70078700
120.14030429,-8.26771600,3.77952800
120.17230429,-12.99213000,3.77952800
120.20430429,-12.20472000,3.77952800
120.23630429,-14.17323000,3.70078700
120.26830429,-9.05511800,3.77952800
120.30030429,-11.81102000,3.70078700
120.33230429,-9.44881800,3.77952800
120.36430429,-18.89764000,3.70078700
120.39630429,-9.84251900,3.77952800
120.42830429,-20.07874000,3.70078700
120.46030429,-9.84251900,3.77952800
120.49230428,-15.74803000,3.70078700
120.52430428,-9.44881800,3.77952800
120.55630428,-16.92913000,3.77952800
120.58830428,-8.26771600,3.77952800
120.62030428,-12.59842000,3.70078700
120.65230428,-3.93700800,3.77952800
120.68430428,-7.08661400,3.70078700
120.71630428,-8.26771600,3.77952800
120.74830428,-13.38583000,3.70078700
120.78030428,-0.78740150,3.77952800
120.81230428,-9.05511800,3.70078700
120.84430427,-6.29921200,3.77952800
120.87630427,-7.48031400,3.70078700
120.90830427,-4.33070900,3.77952800
120.94030427,-12.20472000,3.70078700
120.97230427,-6.29921200,3.77952800
121.00430427,-7.87401500,3.77952800
121.03630427,-3.54330700,3.77952800
121.06830427,-8.26771600,3.70078700
121.10030427,-7.48031400,3.77952800
121.13230427,-5.51181100,3.77952800
121.16430427,-2.75590500,3.77952800
121.19630426,-6.69291300,3.77952800
121.22830426,-3.14960600,3.77952800
121.26030426,-1.18110200,3.77952800
121.29230426,-9.05511800,3.77952800
121.32430426,-9.44881800,3.77952800
121.35630426,-9.44881800,3.77952800
121.38830426,-7.87401500,3.77952800
121.42030426,-11.81102000,3.77952800
121.45230426,-12.20472000,3.77952800
121.48430426,-13.38583000,3.77952800
121.51630426,-9.05511800,3.77952800
121.54830425,-15.35433000,3.77952800
121.58030425,-11.02362000,3.77952800
121.61230425,-10.62992000,3.70078700
121.64430425,-9.05511800,3.77952800
121.67630425,-19.29134000,3.70078700
121.70830425,-6.69291300,3.77952800
121.74030425,-11.81102000,3.77952800
121.77230425,-4.72440900,3.77952800
121.80430425,-12.99213000,3.70078700
121.83630425,-8.66141700,3.70078700
121.86830425,-14.96063000,3.77952800
121.90030424,-6.69291300,3.77952800
121.93230424,-15.74803000,3.70078700
121.96430424,-7.87401500,3.77952800
121.99630424,-10.62992000,3.70078700
122.02830424,-8.66141700,3.77952800
122.06030424,-19.29134000,3.77952800
122.09230424,-2.36220500,3.77952800
122.12430424,-10.62992000,3.70078700
122.15630424,-6.69291300,3.77952800
122.18830424,-12.59842000,3.70078700
122.22030424,-3.93700800,3.77952800
122.25230423,-7.48031400,3.77952800
122.28430423,-7.48031400,3.77952800
122.31630423,-8.66141700,3.77952800
122.34830423,-2.36220500,3.77952800
122.38030423,-9.84251900,3.70078700
122.41230423,-6.69291300,3.77952800
122.44430423,-7.48031400,3.77952800
122.47630423,-5.51181100,3.77952800
122.50830423,-10.62992000,3.77952800
122.54030423,-8.66141700,3.77952800
122.57230423,-7.08661400,3.70078700
122.60430422,-8.66141700,3.77952800
122.63630422,-6.69291300,3.77952800
122.66830422,-12.20472000,3.77952800
122.70030422,-8.66141700,3.77952800
122.73230422,-9.44881800,3.77952800
122.76430422,-11.81102000,3.77952800
122.79630422,-14.96063000,3.77952800
122.82830422,-7.48031400,3.77952800
122.86030422,-14.56693000,3.77952800
122.89230422,-14.17323000,3.70078700
122.92430422,-14.96063000,3.77952800
122.95630421,-11.02362000,3.77952800
122.98830421,-14.17323000,3.77952800
123.02030421,-12.99213000,3.70078700
123.05230421,-18.50394000,3.70078700
123.08430421,-8.26771600,3.70078700
123.11630421,-14.96063000,3.70078700
123.14830421,-10.62992000,3.77952800
123.18030421,-10.62992000,3.70078700
123.21230421,-5.11811000,3.77952800
123.24430421,-14.17323000,3.70078700
123.27630421,-4.72440900,3.70078700
123.30830420,-5.11811000,3.77952800
123.34030420,-5.11811000,3.77952800
123.37230420,-10.62992000,3.70078700
123.40430420,-2.36220500,3.77952800
123.43630420,-5.11811000,3.70078700
123.46830420,-2.75590500,3.77952800
123.50030420,-10.23622000,3.70078700
123.53230420,-3.93700800,3.77952800
123.56430420,-2.75590500,3.77952800
123.59630420,-4.33070900,3.77952800
123.62830420,-9.05511800,3.77952800
123.66030419,-1.57480300,3.77952800
123.69230419,-1.57480300,3.77952800
123.72430419,-2.36220500,3.77952800
123.75630419,-0.78740150,3.77952800
123.78830419,0.78740150,3.77952800
123.82030419,1.18110200,3.77952800
123.85230419,-0.39370070,3.77952800
123.88430419,-1.57480300,3.77952800
123.91630419,1.18110200,3.77952800
123.94830419,3.14960600,3.77952800
123.98030419,-3.54330700,3.77952800
124.01230419,-2.75590500,3.77952800
124.04430418,-2.75590500,3.77952800
124.07630418,-5.11811000,3.77952800
124.10830418,-8.26771600,3.77952800
124.14030418,-3.93700800,3.77952800
124.17230418,-5.90551100,3.77952800
124.20430418,-3.14960600,3.77952800
124.23630418,-8.66141700,3.77952800
124.26830418,-5.11811000,3.77952800
124.30030418,-3.93700800,3.77952800
124.33230418,-0.78740150,3.77952800
124.36430418,-9.05511800,3.77952800
124.39630417,0.78740150,3.77952800
124.42830417,-7.87401500,3.77952800
124.46030417,-4.33070900,3.77952800
124.49230417,-7.08661400,3.70078700
124.52430417,0.00000000,3.77952800
124.55630417,-7.08661400,3.70078700
124.58830417,-1.57480300,3.77952800
124.62030417,-6.29921200,3.70078700
124.65230417,-0.78740150,3.77952800
124.68430417,-5.51181100,3.77952800
124.71630417,0.39370070,3.77952800
124.74830416,-9.44881800,3.77952800
124.78030416,6.69291300,3.77952800
124.81230416,-5.90551100,3.70078700
124.84430416,-0.78740150,3.77952800
124.87630416,-5.11811000,3.70078700
124.90830416,5.11811000,3.77952800
124.94030416,-3.54330700,3.70078700
124.97230416,-0.78740150,3.77952800
125.00430416,-6.29921200,3.70078700
125.03630416,0.00000000,3.77952800
125.06830416,-4.33070900,3.77952800
125.10030415,-3.14960600,3.77952800
125.13230415,-2.36220500,3.77952800
125.16430415,-0.78740150,3.77952800
125.19630415,-7.48031400,3.77952800
125.22830415,-3.14960600,3.77952800
125.26030415,-1.57480300,3.70078700
125.29230415,-3.93700800,3.77952800
125.32430415,-2.36220500,3.77952800
125.35630415,-5.11811000,3.77952800
125.38830415,-3.54330700,3.77952800
125.42030415,-7.48031400,3.77952800
125.45230414,-7.48031400,3.77952800
125.48430414,-9.44881800,3.77952800
125.51630414,-3.54330700,3.77952800
125.54830414,-13.77953000,3.77952800
125.58030414,-12.99213000,3.77952800
125.61230414,-11.81102000,3.70078700
125.64430414,-6.69291300,3.77952800
125.67630414,-13.38583000,3.77952800
125.70830414,-7.08661400,3.77952800
125.74030414,-13.77953000,3.77952800
125.77230414,-5.11811000,3.70078700
125.80430413,-11.81102000,3.77952800
125.83630413,-6.29921200,3.70078700
125.86830413,-7.48031400,3.70078700
125.90030413,0.00000000,3.70078700
125.93230413,-11.41732000,3.70078700
125.96430413,-3.54330700,3.70078700
125.99630413,-11.41732000,3.70078700
126.02830413,-1.57480300,3.77952800
126.06030413,-11.41732000,3.70078700
126.09230413,-1.18110200,3.77952800
126.12430413,-11.41732000,3.70078700
126.15630412,-4.72440900,3.77952800
126.18830412,-8.26771600,3.77952800
126.22030412,-4.33070900,3.77952800
126.25230412,-6.29921200,3.70078700
126.28430412,-3.14960600,3.77952800
126.31630412,-6.69291300,3.77952800
126.34830412,-0.78740150,3.77952800
126.38030412,-3.54330700,3.77952800
126.41230412,-2.75590500,3.77952800
126.44430412,0.39370070,3.77952800
126.47630412,1.57480300,3.70078700
126.50830411,-2.75590500,3.70078700
126.54030411,-1.96850400,3.77952800
126.57230411,-1.96850400,3.77952800
126.60430411,-1.18110200,3.77952800
126.63630411,-1.18110200,3.77952800
126.66830411,-7.08661400,3.77952800
126.70030411,-3.54330700,3.77952800
126.73230411,-4.33070900,3.77952800
126.76430411,-6.29921200,3.77952800
126.79630411,-7.87401500,3.70078700
126.82830411,-1.96850400,3.77952800
126.86030410,-6.69291300,3.77952800
126.89230410,-5.11811000,3.77952800
126.92430410,-8.26771600,3.77952800
126.95630410,-4.33070900,3.77952800
126.98830410,-9.05511800,3.77952800
127.02030410,-2.36220500,3.77952800
127.05230410,-9.84251900,3.70078700
127.08430410,-1.57480300,3.77952800
127.11630410,-10.62992000,3.70078700
127.14830410,-6.69291300,3.77952800
127.18030410,-7.48031400,3.77952800
127.21230409,-2.75590500,3.77952800
127.24430409,-13.38583000,3.77952800
127.27630409,-1.18110200,3.77952800
127.30830409,-4.33070900,3.77952800
127.34030409,-0.39370070,3.77952800
127.37230409,-5.11811000,3.70078700
127.40430409,0.39370070,3.77952800
127.43630409,-3.54330700,3.70078700
127.46830409,3.93700800,3.77952800
127.50030409,-6.29921200,3.70078700
127.53230409,0.39370070,3.77952800
127.56430408,0.39370070,3.77952800
127.59630408,-1.18110200,3.77952800
127.62830408,-5.11811000,3.77952800
127.66030408,1.57480300,3.77952800
127.69230408,-1.57480300,3.77952800
127.72430408,-1.18110200,3.77952800
127.75630408,-3.14960600,3.77952800
127.78830408,-0.39370070,3.77952800
127.82030408,0.78740150,3.77952800
127.85230408,0.78740150,3.77952800
127.88430408,-2.36220500,3.77952800
127.91630407,1.57480300,3.77952800
127.94830407,2.75590500,3.77952800
127.98030407,-3.93700800,3.77952800
128.01230407,0.39370070,3.77952800
128.04430407,-1.96850400,3.77952800
128.07630407,-3.54330700,3.77952800
128.10830407,-8.66141700,3.77952800
128.14030407,-5.51181100,3.70078700
128.17230407,-8.26771600,3.77952800
128.20430407,-5.90551100,3.77952800
128.23630407,-12.20472000,3.77952800
128.26830406,-5.51181100,3.77952800
128.30030406,-7.48031400,3.77952800
128.33230406,-7.08661400,3.77952800
128.36430406,-14.17323000,3.70078700
128.39630406,-0.78740150,3.77952800
128.42830406,-7.48031400,3.77952800
128.46030406,-5.11811000,3.70078700
128.49230406,-10.23622000,3.70078700
128.52430406,-1.18110200,3.77952800
128.55630406,-7.48031400,3.77952800
128.58830406,-2.75590500,3.77952800
128.62030405,-11.81102000,3.77952800
128.65230405,1.18110200,3.77952800
128.68430405,-7.87401500,3.70078700
128.71630405,-7.08661400,3.77952800
128.74830405,-12.99213000,3.70078700
128.78030405,1.96850400,3.77952800
128.81230405,-7.48031400,3.70078700
128.84430405,-4.72440900,3.77952800
128.87630405,-7.87401500,3.70078700
128.90830405,-1.57480300,3.77952800
128.94030405,-6.69291300,3.70078700
128.97230404,-2.36220500,3.77952800
129.00430404,-5.90551100,3.70078700
129.03630404,1.57480300,3.77952800
129.06830404,-5.11811000,3.77952800
129.10030404,-5.90551100,3.77952800
129.13230404,-4.33070900,3.70078700
129.16430404,-2.36220500,3.77952800
129.19630404,-7.08661400,3.70078700
129.22830404,-4.33070900,3.77952800
129.26030404,-4.33070900,3.77952800
129.29230404,-8.26771600,3.77952800
129.32430403,-7.08661400,3.77952800
129.35630403,-8.26771600,3.77952800
129.38830403,-5.11811000,3.77952800
129.42030403,-8.66141700,3.77952800
129.45230403,-11.02362000,3.77952800
129.48430403,-12.59842000,3.77952800
129.51630403,-5.11811000,3.77952800
129.54830403,-12.20472000,3.77952800
129.58030403,-9.05511800,3.77952800
129.61230403,-11.81102000,3.77952800
129.64430403,-7.08661400,3.70078700
129.67630402,-16.53543000,3.77952800
129.70830402,-11.02362000,3.77952800
129.74030402,-16.92913000,3.70078700
129.77230402,-7.48031400,3.70078700
129.80430402,-16.14173000,3.70078700
129.83630402,-10.23622000,3.77952800
129.86830402,-11.41732000,3.77952800
129.90030402,-7.08661400,3.70078700
129.93230402,-14.96063000,3.70078700
129.96430402,-2.36220500,3.77952800
129.99630402,-10.62992000,3.77952800
130.02830401,-5.11811000,3.77952800
130.06030401,-11.41732000,3.70078700
130.09230401,-4.72440900,3.77952800
130.12430401,-8.66141700,3.70078700
130.15630401,-2.75590500,3.77952800
130.18830401,-12.20472000,3.70078700
130.22030401,-5.11811000,3.77952800
130.25230401,-7.48031400,3.77952800
130.28430401,-8.26771600,3.77952800
130.31630401,-10.23622000,3.70078700
130.34830401,-1.57480300,3.77952800
130.38030400,-7.87401500,3.70078700
130.41230400,-7.08661400,3.77952800
130.44430400,-5.11811000,3.70078700
130.47630400,-2.36220500,3.77952800
130.50830400,-3.93700800,3.77952800
130.54030400,-3.14960600,3.77952800
130.57230400,-4.72440900,3.77952800
130.60430400,-3.54330700,3.77952800
130.63630400,-4.72440900,3.77952800
130.66830400,-10.62992000,3.77952800
130.70030400,-4.72440900,3.77952800
130.73230399,-8.26771600,3.77952800
130.76430399,-11.02362000,3.77952800
130.79630399,-14.56693000,3.77952800
130.82830399,-10.23622000,3.77952800
130.86030399,-15.35433000,3.70078700
130.89230399,-10.62992000,3.77952800
130.92430399,-13.77953000,3.77952800
130.95630399,-8.66141700,3.70078700
130.98830399,-12.99213000,3.77952800
131.02030399,-10.62992000,3.70078700
131.05230399,-16.53543000,3.77952800
131.08430399,-3.14960600,3.77952800
131.11630398,-16.92913000,3.77952800
131.14830398,-9.44881800,3.77952800
131.18030398,-13.38583000,3.77952800
131.21230398,-9.05511800,3.77952800
131.24430398,-17.32283000,3.70078700
131.27630398,-6.69291300,3.77952800
131.30830398,-13.77953000,3.70078700
131.34030398,-6.29921200,3.77952800
131.37230398,-12.59842000,3.77952800
131.40430398,-9.84251900,3.77952800
131.43630398,-11.81102000,3.70078700
131.46830397,-2.75590500,3.70078700
131.50030397,-14.56693000,3.77952800
131.53230397,-3.93700800,3.77952800
131.56430397,-4.72440900,3.70078700
131.59630397,-5.51181100,3.77952800
131.62830397,-10.23622000,3.77952800
131.66030397,-3.54330700,3.77952800
131.69230397,-8.66141700,3.70078700
131.72430397,-5.11811000,3.77952800
131.75630397,-8.66141700,3.70078700
131.78830397,-7.48031400,3.77952800
131.82030396,-6.29921200,3.70078700
131.85230396,-6.29921200,3.77952800
131.88430396,-9.84251900,3.77952800
131.91630396,-5.11811000,3.77952800
131.94830396,-4.72440900,3.77952800
131.98030396,-10.62992000,3.77952800
132.01230396,-6.69291300,3.77952800
132.04430396,-8.26771600,3.70078700
132.07630396,-8.66141700,3.77952800
132.10830396,-11.81102000,3.70078700
132.14030396,-10.62992000,3.70078700
132.17230395,-12.20472000,3.77952800
132.20430395,-8.26771600,3.77952800
132.23630395,-17.32283000,3.70078700
132.26830395,-11.41732000,3.77952800
132.30030395,-12.59842000,3.70078700
132.33230395,-13.77953000,3.70078700
132.36430395,-21.65354000,3.77952800
132.39630395,-7.87401500,3.70078700
132.42830395,-17.32283000,3.77952800
132.46030395,-11.02362000,3.77952800
132.49230395,-15.35433000,3.70078700
132.52430394,-9.44881800,3.77952800
132.55630394,-15.74803000,3.70078700
132.58830394,-6.69291300,3.77952800
132.62030394,-16.92913000,3.70078700
132.65230394,-4.72440900,3.77952800
132.68430394,-8.26771600,3.77952800
132.71630394,-9.44881800,3.77952800
132.74830394,-11.02362000,3.77952800
132.78030394,-4.72440900,3.70078700
132.81230394,-12.59842000,3.70078700
132.84430394,-8.26771600,3.70078700
132.87630393,-7.87401500,3.77952800
132.90830393,-4.72440900,3.77952800
132.94030393,-7.08661400,3.70078700
132.97230393,-5.90551100,3.77952800
133.00430393,-7.87401500,3.70078700
133.03630393,0.00000000,3.77952800
133.06830393,-4.72440900,3.77952800
133.10030393,-3.54330700,3.70078700
133.13230393,-0.78740150,3.77952800
133.16430393,-1.57480300,3.77952800
133.19630393,-5.90551100,3.77952800
133.22830392,-1.96850400,3.77952800
133.26030392,-0.78740150,3.77952800
133.29230392,-2.36220500,3.77952800
133.32430392,-3.93700800,3.77952800
133.35630392,-8.66141700,3.77952800
133.38830392,-5.51181100,3.77952800
133.42030392,-8.26771600,3.70078700
133.45230392,-9.05511800,3.77952800
133.48430392,-8.66141700,3.77952800
133.51630392,-2.75590500,3.77952800
133.54830392,-10.62992000,3.77952800
133.58030391,-7.87401500,3.77952800
133.61230391,-7.48031400,3.70078700
133.64430391,-3.14960600,3.77952800
133.67630391,-9.05511800,3.77952800
133.70830391,-3.93700800,3.77952800
133.74030391,-13.38583000,3.70078700
133.77230391,-2.36220500,3.77952800
133.80430391,-11.81102000,3.77952800
133.83630391,-5.90551100,3.77952800
133.86830391,-6.29921200,3.77952800
133.90030391,-3.14960600,3.77952800
133.93230390,-14.96063000,3.77952800
133.96430390,-2.36220500,3.77952800
133.99630390,-9.84251900,3.77952800
134.02830390,-0.39370070,3.77952800
134.06030390,-6.69291300,3.70078700
134.09230390,-0.39370070,3.77952800
134.12430390,-3.93700800,3.70078700
134.15630390,-0.78740150,3.77952800
134.18830390,-8.26771600,3.77952800
134.22030390,1.57480300,3.77952800
134.25230390,-3.54330700,3.77952800
134.28430389,-1.57480300,3.77952800
134.31630389,-8.26771600,3.70078700
134.34830389,-0.78740150,3.77952800
134.38030389,-4.33070900,3.77952800
134.41230389,-2.75590500,3.77952800
134.44430389,-3.54330700,3.70078700
134.47630389,-0.39370070,3.77952800
134.50830389,-4.72440900,3.70078700
134.54030389,-3.14960600,3.77952800
134.57230389,-3.93700800,3.77952800
134.60430389,0.39370070,3.77952800
134.63630388,0.78740150,3.77952800
134.66830388,-6.69291300,3.77952800
134.70030388,-1.96850400,3.70078700
134.73230388,-4.72440900,3.77952800
134.76430388,-5.90551100,3.77952800
134.79630388,-8.66141700,3.77952800
134.82830388,-5.51181100,3.77952800
134.86030388,-10.62992000,3.77952800
134.89230388,-9.44881800,3.70078700
134.92430388,-13.38583000,3.77952800
134.95630388,-7.08661400,3.77952800
134.98830387,-7.87401500,3.70078700
135.02030387,-7.08661400,3.77952800
135.05230387,-13.77953000,3.70078700
135.08430387,-1.96850400,3.77952800
135.11630387,-10.62992000,3.70078700
135.14830387,-6.29921200,3.77952800
135.18030387,-6.69291300,3.77952800
135.21230387,-0.78740150,3.77952800
135.24430387,-10.62992000,3.70078700
135.27630387,-2.36220500,3.77952800
135.30830387,-11.81102000,3.77952800
135.34030386,0.00000000,3.77952800
135.37230386,-8.66141700,3.70078700
135.40430386,-5.11811000,3.77952800
135.43630386,-5.90551100,3.70078700
135.46830386,-1.57480300,3.70078700
135.50030386,-11.81102000,3.70078700
135.53230386,-2.36220500,3.77952800
135.56430386,-4.33070900,3.70078700
135.59630386,0.00000000,3.77952800
135.62830386,-5.11811000,3.77952800
135.66030386,-1.96850400,3.77952800
135.69230385,-1.57480300,3.77952800
135.72430385,0.78740150,3.77952800
135.75630385,-2.75590500,3.77952800
135.78830385,-0.78740150,3.77952800
135.82030385,0.00000000,3.70078700
135.85230385,-1.18110200,3.77952800
135.88430385,-5.11811000,3.77952800
135.91630385,-0.78740150,3.77952800
135.94830385,0.39370070,3.77952800
135.98030385,-5.11811000,3.77952800
136.01230385,-3.14960600,3.77952800
136.04430384,-4.33070900,3.77952800
136.07630384,-3.54330700,3.77952800
136.10830384,-5.51181100,3.77952800
136.14030384,-5.51181100,3.77952800
136.17230384,-5.90551100,3.77952800
136.20430384,-0.78740150,3.77952800
136.23630384,-9.44881800,3.77952800
136.26830384,-5.90551100,3.77952800
136.30030384,-5.90551100,3.77952800
136.33230384,-3.93700800,3.77952800
136.36430384,-11.02362000,3.70078700
136.39630383,-1.96850400,3.77952800
136.42830383,-11.02362000,3.77952800
136.46030383,-3.14960600,3.77952800
136.49230383,-11.41732000,3.77952800
136.52430383,-5.51181100,3.77952800
136.55630383,-5.90551100,3.77952800
136.58830383,-1.96850400,3.77952800
136.62030383,-13.38583000,3.70078700
136.65230383,2.36220500,3.77952800
136.68430383,-6.29921200,3.77952800
136.71630383,-0.39370070,3.77952800
136.74830382,-6.69291300,3.77952800
136.78030382,1.57480300,3.77952800
136.81230382,-2.75590500,3.70078700
136.84430382,-1.57480300,3.77952800
136.87630382,-8.66141700,3.70078700
136.90830382,0.00000000,3.77952800
136.94030382,-5.51181100,3.70078700
136.97230382,-2.75590500,3.77952800
137.00430382,-6.29921200,3.77952800
137.03630382,0.39370070,3.77952800
137.06830382,-4.33070900,3.77952800
137.10030381,-4.33070900,3.77952800
137.13230381,-1.18110200,3.77952800
137.16430381,1.96850400,3.77952800
137.19630381,-1.18110200,3.77952800
137.22830381,0.00000000,3.77952800
137.26030381,-0.78740150,3.77952800
137.29230381,0.39370070,3.77952800
137.32430381,0.00000000,3.77952800
137.35630381,-5.11811000,3.77952800
137.38830381,0.00000000,3.77952800
137.42030381,-3.54330700,3.77952800
137.45230380,-7.08661400,3.77952800
137.48430380,-8.66141700,3.77952800
137.51630380,-2.75590500,3.77952800
137.54830380,-7.08661400,3.77952800
137.58030380,-5.51181100,3.77952800
137.61230380,-7.48031400,3.77952800
137.64430380,-3.14960600,3.77952800
137.67630380,-5.90551100,3.77952800
137.70830380,-2.75590500,3.70078700
137.74030380,-5.90551100,3.77952800
137.77230380,3.54330700,3.77952800
137.80430379,-5.51181100,3.77952800
137.83630379,-3.14960600,3.77952800
137.86830379,-3.93700800,3.77952800
137.90030379,0.78740150,3.77952800
137.93230379,-5.11811000,3.77952800
137.96430379,0.39370070,3.70078700
137.99630379,-5.51181100,3.70078700
138.02830379,1.18110200,3.70078700
138.06030379,-4.33070900,3.77952800
138.09230379,0.39370070,3.77952800
138.12430379,-0.78740150,3.77952800
138.15630379,5.51181100,3.77952800
138.18830378,-3.93700800,3.77952800
138.22030378,2.36220500,3.77952800
138.25230378,1.57480300,3.77952800
138.28430378,3.93700800,3.77952800
138.31630378,1.57480300,3.77952800
138.34830378,5.90551100,3.77952800
138.38030378,1.96850400,3.77952800
138.41230378,2.75590500,3.77952800
138.44430378,-1.57480300,3.77952800
138.47630378,2.75590500,3.77952800
138.50830378,3.93700800,3.70078700
138.54030377,1.96850400,3.77952800
138.57230377,-2.36220500,3.70078700
138.60430377,2.36220500,3.77952800
138.63630377,3.54330700,3.77952800
138.66830377,-1.96850400,3.77952800
138.70030377,2.36220500,3.77952800
138.73230377,1.18110200,3.77952800
138.76430377,-0.39370070,3.77952800
138.79630377,-3.93700800,3.77952800
138.82830377,-1.96850400,3.77952800
138.86030377,-1.96850400,3.77952800
138.89230376,1.96850400,3.77952800
138.92430376,-6.69291300,3.77952800
138.95630376,-3.54330700,3.77952800
138.98830376,-4.33070900,3.77952800
139.02030376,-3.93700800,3.77952800
139.05230376,-8.66141700,3.77952800
139.08430376,1.57480300,3.77952800
139.11630376,-5.90551100,3.77952800
139.14830376,-1.18110200,3.77952800
139.18030376,-4.72440900,3.70078700
139.21230376,0.78740150,3.77952800
139.24430375,-1.96850400,3.77952800
139.27630375,4.33070900,3.77952800
139.30830375,-3.93700800,3.70078700
139.34030375,5.11811000,3.77952800
139.37230375,-3.93700800,3.77952800
139.40430375,0.78740150,3.77952800
139.43630375,-1.57480300,3.70078700
139.46830375,6.69291300,3.77952800
139.50030375,-3.54330700,3.77952800
139.53230375,1.18110200,3.77952800
139.56430375,-3.54330700,3.77952800
139.59630374,1.57480300,3.77952800
139.62830374,-1.96850400,3.77952800
139.66030374,1.96850400,3.77952800
139.69230374,0.39370070,3.77952800
139.72430374,5.90551100,3.77952800
139.75630374,0.39370070,3.77952800
139.78830374,2.36220500,3.77952800
139.82030374,5.11811000,3.77952800
139.85230374,6.29921200,3.77952800
139.88430374,0.78740150,3.77952800
139.91630374,2.75590500,3.77952800
139.94830373,1.57480300,3.70078700
139.98030373,1.57480300,3.77952800
140.01230373,1.57480300,3.77952800
140.04430373,-3.14960600,3.77952800
140.07630373,0.00000000,3.77952800
140.10830373,-3.14960600,3.77952800
140.14030373,-5.51181100,3.77952800
140.17230373,-5.11811000,3.77952800
140.20430373,1.18110200,3.77952800
140.23630373,-5.51181100,3.77952800
140.26830373,-1.57480300,3.77952800
140.30030372,-3.93700800,3.77952800
140.33230372,0.00000000,3.77952800
140.36430372,-6.69291300,3.77952800
140.39630372,-0.39370070,3.77952800
140.42830372,-4.33070900,3.77952800
140.46030372,0.39370070,3.77952800
140.49230372,-7.08661400,3.77952800
140.52430372,-3.93700800,3.77952800
140.55630372,-3.93700800,3.70078700
140.58830372,1.96850400,3.77952800
140.62030372,-7.08661400,3.77952800
140.65230371,1.96850400,3.77952800
140.68430371,-4.33070900,3.70078700
140.71630371,1.96850400,3.77952800
140.74830371,-1.18110200,3.70078700
140.78030371,2.36220500,3.77952800
140.81230371,1.57480300,3.77952800
140.84430371,6.29921200,3.77952800
140.87630371,-3.93700800,3.70078700
140.90830371,5.11811000,3.77952800
140.94030371,3.54330700,3.70078700
140.97230371,1.57480300,3.77952800
141.00430370,-1.18110200,3.77952800
141.03630370,4.33070900,3.77952800
141.06830370,0.39370070,3.77952800
141.10030370,2.75590500,3.77952800
141.13230370,1.96850400,3.77952800
141.16430370,3.54330700,3.77952800
141.19630370,3.93700800,3.77952800
141.22830370,3.14960600,3.77952800
141.26030370,1.57480300,3.77952800
141.29230370,5.90551100,3.77952800
141.32430370,5.11811000,3.77952800
141.35630369,0.00000000,3.77952800
141.38830369,4.72440900,3.77952800
141.42030369,1.96850400,3.77952800
141.45230369,-0.39370070,3.77952800
141.48430369,-2.75590500,3.77952800
141.51630369,-0.39370070,3.77952800
141.54830369,-2.36220500,3.77952800
141.58030369,-1.57480300,3.70078700
141.61230369,-5.90551100,3.77952800
141.64430369,0.78740150,3.77952800
141.67630369,-1.18110200,3.77952800
141.70830368,-1.18110200,3.77952800
141.74030368,-5.90551100,3.70078700
141.77230368,3.93700800,3.77952800
141.80430368,-3.54330700,3.70078700
141.83630368,1.57480300,3.77952800
141.86830368,-2.36220500,3.70078700
141.90030368,4.33070900,3.77952800
141.93230368,0.00000000,3.70078700
141.96430368,3.14960600,3.70078700
141.99630368,-2.36220500,3.77952800
142.02830368,6.69291300,3.77952800
142.06030367,-2.36220500,3.70078700
142.09230367,1.18110200,3.77952800
142.12430367,-3.14960600,3.70078700
142.15630367,5.90551100,3.77952800
142.18830367,0.00000000,3.77952800
142.22030367,2.36220500,3.77952800
142.25230367,3.14960600,3.77952800
142.28430367,4.72440900,3.77952800
142.31630367,1.57480300,3.77952800
142.34830367,5.11811000,3.77952800
142.38030367,4.33070900,3.70078700
142.41230366,9.44881800,3.77952800
142.44430366,2.75590500,3.77952800
142.47630366,3.93700800,3.77952800
142.50830366,6.29921200,3.77952800
142.54030366,5.11811000,3.77952800
142.57230366,1.96850400,3.77952800
142.60430366,5.51181100,3.77952800
142.63630366,5.51181100,3.77952800
142.66830366,0.39370070,3.77952800
142.70030366,1.18110200,3.77952800
142.73230366,-0.78740150,3.77952800
142.76430365,3.93700800,3.77952800
142.79630365,0.39370070,3.77952800
142.82830365,-1.96850400,3.70078700
142.86030365,-1.18110200,3.77952800
142.89230365,3.54330700,3.77952800
142.92430365,-3.93700800,3.77952800
142.95630365,0.39370070,3.77952800
142.98830365,0.00000000,3.70078700
143.02030365,1.96850400,3.77952800
143.05230365,-5.51181100,3.77952800
143.08430365,-0.39370070,3.77952800
143.11630364,-4.33070900,3.77952800
143.14830364,2.36220500,3.77952800
143.18030364,-6.29921200,3.70078700
143.21230364,0.00000000,3.77952800
143.24430364,0.78740150,3.77952800
143.27630364,1.57480300,3.77952800
143.30830364,-3.54330700,3.77952800
143.34030364,6.69291300,3.77952800
143.37230364,3.14960600,3.77952800
143.40430364,5.51181100,3.77952800
143.43630364,-2.36220500,3.70078700
143.46830363,6.69291300,3.77952800
143.50030363,1.18110200,3.77952800
143.53230363,6.29921200,3.77952800
143.56430363,0.00000000,3.70078700
143.59630363,4.72440900,3.77952800
143.62830363,1.96850400,3.70078700
143.66030363,1.57480300,3.77952800
143.69230363,0.00000000,3.70078700
143.72430363,7.87401500,3.77952800
143.75630363,3.14960600,3.77952800
143.78830363,3.14960600,3.77952800
143.82030362,2.75590500,3.70078700
143.85230362,5.90551100,3.77952800
143.88430362,4.72440900,3.77952800
143.91630362,5.90551100,3.77952800
143.94830362,5.11811000,3.77952800
143.98030362,5.90551100,3.77952800
144.01230362,3.14960600,3.77952800
144.04430362,-3.14960600,3.77952800
144.07630362,1.96850400,3.77952800
144.10830362,0.00000000,3.77952800
144.14030362,-2.75590500,3.77952800
144.17230361,-5.11811000,3.77952800
144.20430361,-1.57480300,3.77952800
144.23630361,-5.51181100,3.77952800
144.26830361,-2.36220500,3.77952800
144.30030361,-4.72440900,3.77952800
144.33230361,0.78740150,3.77952800
144.36430361,-3.14960600,3.77952800
144.39630361,-2.36220500,3.77952800
144.42830361,-5.11811000,3.77952800
144.46030361,4.72440900,3.77952800
144.49230361,-3.14960600,3.77952800
144.52430360,0.78740150,3.77952800
144.55630360,-2.75590500,3.70078700
144.58830360,2.75590500,3.70078700
144.62030360,-2.36220500,3.77952800
144.65230360,1.18110200,3.77952800
144.68430360,-6.69291300,3.70078700
144.71630360,5.51181100,3.77952800
144.74830360,-2.75590500,3.77952800
144.78030360,-1.57480300,3.77952800
144.81230360,-2.36220500,3.77952800
144.84430360,6.69291300,3.77952800
144.87630359,-5.51181100,3.70078700
144.90830359,5.11811000,3.77952800
144.94030359,3.54330700,3.70078700
144.97230359,1.18110200,3.77952800
145.00430359,-2.75590500,3.77952800
145.03630359,3.14960600,3.77952800
145.06830359,-1.18110200,3.70078700
145.10030359,3.14960600,3.77952800
145.13230359,-2.36220500,3.77952800
145.16430359,-2.36220500,3.77952800
145.19630359,0.39370070,3.77952800
145.22830359,-1.18110200,3.77952800
145.26030358,-4.72440900,3.77952800
145.29230358,0.39370070,3.77952800
145.32430358,0.78740150,3.77952800
145.35630358,-5.90551100,3.77952800
145.38830358,-1.57480300,3.77952800
145.42030358,-5.11811000,3.77952800
145.45230358,-2.36220500,3.77952800
145.48430358,-7.87401500,3.77952800
145.51630358,-8.26771600,3.77952800
145.54830358,-9.84251900,3.70078700
145.58030358,-4.72440900,3.77952800
145.61230357,-14.17323000,3.77952800
145.64430357,-7.08661400,3.77952800
145.67630357,-9.84251900,3.70078700
145.70830357,-10.23622000,3.77952800
145.74030357,-18.89764000,3.70078700
145.77230357,-5.11811000,3.77952800
145.80430357,-17.32283000,3.70078700
145.83630357,-6.29921200,3.77952800
145.86830357,-12.59842000,3.70078700
145.90030357,-8.66141700,3.77952800
145.93230357,-11.41732000,3.70078700
145.96430356,-3.54330700,3.77952800
145.99630356,-15.35433000,3.70078700
146.02830356,-1.57480300,3.77952800
146.06030356,-9.05511800,3.70078700
146.09230356,-8.66141700,3.70078700
146.12430356,-12.59842000,3.70078700
146.15630356,-3.93700800,3.77952800
146.18830356,-15.74803000,3.70078700
146.22030356,-5.90551100,3.77952800
146.25230356,-11.02362000,3.77952800
146.28430356,-5.90551100,3.77952800
146.31630355,-9.84251900,3.70078700
146.34830355,-7.87401500,3.77952800
146.38030355,-11.41732000,3.77952800
146.41230355,-2.75590500,3.77952800
146.44430355,-8.26771600,3.77952800
146.47630355,-6.69291300,3.77952800
146.50830355,-4.33070900,3.77952800
146.54030355,-5.11811000,3.77952800
146.57230355,-8.66141700,3.70078700
146.60430355,-7.08661400,3.77952800
146.63630355,-7.08661400,3.70078700
146.66830354,-8.66141700,3.77952800
146.70030354,-8.66141700,3.77952800
146.73230354,-14.96063000,3.70078700
146.76430354,-9.84251900,3.70078700
146.79630354,-13.77953000,3.77952800
146.82830354,-16.92913000,3.77952800
146.86030354,-15.35433000,3.70078700
146.89230354,-8.26771600,3.77952800
146.92430354,-17.71653000,3.77952800
146.95630354,-12.99213000,3.77952800
146.98830354,-16.14173000,3.77952800
147.02030353,-13.38583000,3.77952800
147.05230353,-16.53543000,3.77952800
147.08430353,-11.41732000,3.77952800
147.11630353,-19.29134000,3.70078700
147.14830353,-8.66141700,3.77952800
147.18030353,-18.50394000,3.70078700
147.21230353,-16.53543000,3.77952800
147.24430353,-17.71653000,3.70078700
147.27630353,-8.26771600,3.77952800
147.30830353,-24.40945000,3.77952800
147.34030353,-5.90551100,3.70078700
147.37230352,-13.77953000,3.77952800
147.40430352,-10.23622000,3.77952800
147.43630352,-15.74803000,3.70078700
147.46830352,-5.90551100,3.77952800
147.50030352,-14.17323000,3.70078700
147.53230352,-6.29921200,3.70078700
147.56430352,-14.56693000,3.70078700
147.59630352,-8.26771600,3.77952800
147.62830352,-9.84251900,3.70078700
147.66030352,-12.59842000,3.77952800
147.69230352,-12.20472000,3.70078700
147.72430351,-7.87401500,3.77952800
147.75630351,-11.81102000,3.77952800
147.78830351,-10.23622000,3.77952800
147.82030351,-9.44881800,3.77952800
147.85230351,-8.26771600,3.77952800
147.88430351,-6.69291300,3.77952800
147.91630351,-9.05511800,3.70078700
147.94830351,-8.26771600,3.77952800
147.98030351,-2.36220500,3.77952800
148.01230351,-2.75590500,3.77952800
148.04430351,-9.44881800,3.77952800
148.07630350,-7.08661400,3.77952800
148.10830350,-7.87401500,3.77952800
148.14030350,-10.62992000,3.77952800
148.17230350,-12.20472000,3.77952800
148.20430350,-8.26771600,3.77952800
148.23630350,-11.02362000,3.77952800
148.26830350,-9.44881800,3.77952800
148.30030350,-17.32283000,3.77952800
148.33230350,-7.48031400,3.77952800
148.36430350,-11.81102000,3.70078700
148.39630350,-9.84251900,3.70078700
148.42830349,-14.56693000,3.77952800
148.46030349,-3.54330700,3.77952800
148.49230349,-15.35433000,3.77952800
148.52430349,-5.11811000,3.77952800
148.55630349,-11.02362000,3.70078700
148.58830349,-1.57480300,3.77952800
148.62030349,-7.48031400,3.77952800
148.65230349,-5.11811000,3.77952800
148.68430349,-10.62992000,3.70078700
148.71630349,-1.96850400,3.77952800
148.74830349,-11.81102000,3.77952800
148.78030348,-4.72440900,3.77952800
148.81230348,-9.05511800,3.70078700
148.84430348,-1.57480300,3.77952800
148.87630348,-11.81102000,3.70078700
148.90830348,-3.14960600,3.77952800
148.94030348,-3.54330700,3.70078700
148.97230348,-1.57480300,3.77952800
149.00430348,-6.29921200,3.77952800
149.03630348,-1.96850400,3.77952800
149.06830348,-4.72440900,3.77952800
149.10030348,1.96850400,3.77952800
149.13230347,-5.90551100,3.77952800
149.16430347,0.39370070,3.77952800
149.19630347,-0.78740150,3.77952800
149.22830347,-5.90551100,3.77952800
149.26030347,-9.44881800,3.77952800
149.29230347,-2.36220500,3.77952800
149.32430347,-1.96850400,3.77952800
149.35630347,-5.90551100,3.77952800
149.38830347,-5.90551100,3.77952800
149.42030347,-9.05511800,3.77952800
149.45230347,-6.69291300,3.77952800
149.48430346,-9.84251900,3.77952800
149.51630346,-5.51181100,3.70078700
149.54830346,-6.69291300,3.77952800
149.58030346,-3.14960600,3.77952800
149.61230346,-13.77953000,3.77952800
149.64430346,-7.08661400,3.77952800
149.67630346,-9.44881800,3.77952800
149.70830346,-8.26771600,3.77952800
149.74030346,-12.59842000,3.77952800
149.77230346,-5.11811000,3.77952800
149.80430346,-16.53543000,3.70078700
149.83630345,-5.90551100,3.77952800
149.86830345,-16.14173000,3.77952800
149.90030345,-5.90551100,3.77952800
149.93230345,-7.87401500,3.70078700
149.96430345,-5.11811000,3.77952800
149.99630345,-14.96063000,3.77952800
150.02830345,0.39370070,3.77952800
150.06030345,-6.69291300,3.77952800
150.09230345,-4.33070900,3.77952800
150.12430345,-9.44881800,3.77952800
150.15630345,0.39370070,3.77952800
150.18830344,-7.48031400,3.77952800
150.22030344,-3.14960600,3.70078700
150.25230344,-7.87401500,3.77952800
150.28430344,-2.36220500,3.77952800
150.31630344,-7.48031400,3.70078700
150.34830344,-6.69291300,3.77952800
150.38030344,-9.84251900,3.70078700
150.41230344,1.18110200,3.77952800
150.44430344,-7.48031400,3.77952800
150.47630344,-2.75590500,3.77952800
150.50830344,-0.39370070,3.77952800
150.54030343,0.00000000,3.77952800
150.57230343,-3.93700800,3.70078700
150.60430343,-1.96850400,3.77952800
150.63630343,-2.36220500,3.77952800
150.66830343,-1.57480300,3.77952800
150.70030343,-5.51181100,3.77952800
150.73230343,-9.84251900,3.77952800
150.76430343,-2.75590500,3.77952800
150.79630343,-8.66141700,3.77952800
150.82830343,-10.62992000,3.77952800
150.86030343,-10.23622000,3.77952800
150.89230342,-5.90551100,3.77952800
150.92430342,-12.99213000,3.70078700
150.95630342,-8.66141700,3.77952800
150.98830342,-11.81102000,3.70078700
151.02030342,-4.72440900,3.77952800
151.05230342,-9.84251900,3.77952800
151.08430342,-6.29921200,3.70078700
151.11630342,-8.26771600,3.70078700
151.14830342,-1.18110200,3.77952800
151.18030342,-11.41732000,3.77952800
151.21230342,-5.51181100,3.77952800
151.24430341,-9.44881800,3.77952800
151.27630341,-2.75590500,3.77952800
151.30830341,-10.62992000,3.70078700
151.34030341,-3.14960600,3.77952800
151.37230341,-4.33070900,3.77952800
151.40430341,-4.33070900,3.70078700
151.43630341,-11.41732000,3.77952800
151.46830341,-2.75590500,3.77952800
151.50030341,-6.69291300,3.70078700
151.53230341,0.78740150,3.77952800
151.56430341,-9.05511800,3.77952800
151.59630340,1.18110200,3.77952800
151.62830340,-1.57480300,3.77952800
151.66030340,-2.36220500,3.77952800
151.69230340,-5.51181100,3.70078700
151.72430340,2.36220500,3.77952800
151.75630340,-5.11811000,3.70078700
151.78830340,-1.96850400,3.77952800
151.82030340,-5.90551100,3.70078700
151.85230340,-2.36220500,3.77952800
151.88430340,-0.78740150,3.77952800
151.91630340,-4.33070900,3.70078700
151.94830339,-3.93700800,3.77952800
151.98030339,-0.78740150,3.77952800
152.01230339,-4.33070900,3.77952800
152.04430339,-7.08661400,3.77952800
152.07630339,-1.96850400,3.77952800
152.10830339,-5.90551100,3.77952800
152.14030339,-5.51181100,3.77952800
152.17230339,-9.84251900,3.77952800
152.20430339,-6.69291300,3.77952800
152.23630339,-8.26771600,3.77952800
152.26830339,-7.08661400,3.77952800
152.30030339,-11.41732000,3.77952800
152.33230338,-7.08661400,3.70078700
152.36430338,-9.44881800,3.77952800
152.39630338,-10.62992000,3.70078700
152.42830338,-12.20472000,3.77952800
152.46030338,-1.96850400,3.77952800
152.49230338,-9.05511800,3.77952800
152.52430338,-3.93700800,3.77952800
152.55630338,-7.48031400,3.77952800
152.58830338,-1.96850400,3.77952800
152.62030338,-4.33070900,3.77952800
152.65230338,-0.78740150,3.77952800
152.68430337,-3.93700800,3.77952800
152.71630337,3.14960600,3.70078700
152.74830337,-5.51181100,3.70078700
152.78030337,-2.36220500,3.77952800
152.81230337,-1.57480300,3.70078700
152.84430337,1.96850400,3.77952800
152.87630337,-4.72440900,3.77952800
152.90830337,0.78740150,3.70078700
152.94030337,-2.36220500,3.77952800
152.97230337,0.00000000,3.77952800
153.00430337,-1.96850400,3.77952800
153.03630336,1.96850400,3.77952800
153.06830336,3.14960600,3.70078700
153.10030336,5.90551100,3.77952800
153.13230336,-1.96850400,3.77952800
153.16430336,3.93700800,3.77952800
153.19630336,4.72440900,3.77952800
153.22830336,3.93700800,3.77952800
153.26030336,2.36220500,3.77952800
153.29230336,3.93700800,3.77952800
153.32430336,1.96850400,3.77952800
153.35630336,-1.57480300,3.77952800
153.38830335,-0.39370070,3.77952800
153.42030335,-1.96850400,3.77952800
153.45230335,1.57480300,3.77952800
153.48430335,-5.11811000,3.77952800
153.51630335,-4.33070900,3.77952800
153.54830335,-2.36220500,3.77952800
153.58030335,0.00000000,3.77952800
153.61230335,-5.51181100,3.77952800
153.64430335,0.78740150,3.77952800
153.67630335,-3.14960600,3.77952800
153.70830335,-1.57480300,3.77952800
153.74030334,-5.11811000,3.77952800
153.77230334,0.00000000,3.77952800
153.80430334,-3.14960600,3.77952800
153.83630334,1.96850400,3.77952800
153.86830334,-6.29921200,3.77952800
153.90030334,0.00000000,3.77952800
153.93230334,-3.14960600,3.77952800
153.96430334,-0.78740150,3.77952800
153.99630334,-3.54330700,3.77952800
154.02830334,5.90551100,3.77952800
154.06030334,-1.18110200,3.77952800
154.09230333,1.57480300,3.77952800
154.12430333,-0.39370070,3.77952800
154.15630333,6.69291300,3.77952800
154.18830333,2.36220500,3.77952800
154.22030333,5.51181100,3.77952800
154.25230333,0.78740150,3.77952800
154.28430333,6.29921200,3.77952800
154.31630333,0.39370070,3.77952800
154.34830333,1.96850400,3.77952800
154.38030333,3.54330700,3.77952800
154.41230333,6.69291300,3.77952800
154.44430332,0.00000000,3.77952800
154.47630332,3.93700800,3.77952800
154.50830332,3.14960600,3.77952800
154.54030332,4.72440900,3.77952800
154.57230332,3.54330700,3.77952800
154.60430332,3.93700800,3.77952800
154.63630332,5.90551100,3.77952800
154.66830332,6.29921200,3.77952800
154.70030332,3.14960600,3.77952800
154.73230332,1.57480300,3.77952800
154.76430332,7.08661400,3.77952800
154.79630331,0.00000000,3.77952800
154.82830331,-1.96850400,3.77952800
154.86030331,-0.78740150,3.70078700
154.89230331,1.18110200,3.77952800
154.92430331,-3.54330700,3.77952800
154.95630331,-0.39370070,3.77952800
154.98830331,-3.14960600,3.77952800
155.02030331,1.96850400,3.77952800
155.05230331,-5.90551100,3.77952800
155.08430331,-0.39370070,3.77952800
155.11630331,-2.36220500,3.77952800
155.14830330,4.33070900,3.77952800
155.18030330,-4.33070900,3.77952800
155.21230330,3.14960600,3.77952800
155.24430330,-0.39370070,3.77952800
155.27630330,3.93700800,3.77952800
155.30830330,-3.93700800,3.77952800
155.34030330,4.33070900,3.77952800
155.37230330,-1.96850400,3.77952800
155.40430330,4.72440900,3.77952800
155.43630330,-1.96850400,3.77952800
155.46830330,1.18110200,3.77952800
155.50030329,1.57480300,3.77952800
155.53230329,2.36220500,3.77952800
155.56430329,-2.36220500,3.70078700
155.59630329,7.87401500,3.77952800
155.62830329,1.96850400,3.77952800
155.66030329,4.33070900,3.77952800
155.69230329,3.14960600,3.70078700
155.72430329,6.29921200,3.77952800
155.75630329,4.72440900,3.77952800
155.78830329,5.90551100,3.77952800
155.82030329,2.75590500,3.70078700
155.85230328,7.48031400,3.77952800
155.88430328,5.11811000,3.77952800
155.91630328,1.57480300,3.77952800
155.94830328,4.33070900,3.70078700
155.98030328,5.90551100,3.77952800
156.01230328,1.96850400,3.77952800
156.04430328,-0.78740150,3.77952800
156.07630328,3.14960600,3.77952800
156.10830328,-0.78740150,3.77952800
156.14030328,1.57480300,3.77952800
156.17230328,-1.18110200,3.77952800
156.20430327,1.57480300,3.77952800
156.23630327,0.78740150,3.77952800
156.26830327,-0.39370070,3.77952800
156.30030327,-4.33070900,3.77952800
156.33230327,3.14960600,3.77952800
156.36430327,-1.96850400,3.70078700
156.39630327,-1.57480300,3.70078700
156.42830327,-6.29921200,3.70078700
156.46030327,1.96850400,3.77952800
156.49230327,-3.93700800,3.77952800
156.52430327,-0.78740150,3.77952800
156.55630326,-2.36220500,3.77952800
156.58830326,3.14960600,3.77952800
156.62030326,0.00000000,3.77952800
156.65230326,1.18110200,3.77952800
156.68430326,-1.96850400,3.70078700
156.71630326,9.84251900,3.77952800
156.74830326,-0.39370070,3.77952800
156.78030326,5.90551100,3.77952800
156.81230326,3.54330700,3.77952800
156.84430326,4.72440900,3.77952800
156.87630326,-0.78740150,3.77952800
156.90830325,5.90551100,3.77952800
156.94030325,2.36220500,3.77952800
156.97230325,5.90551100,3.77952800
157.00430325,0.78740150,3.77952800
157.03630325,1.57480300,3.77952800
157.06830325,3.93700800,3.77952800
157.10030325,5.51181100,3.77952800
157.13230325,0.78740150,3.70078700
157.16430325,7.87401500,3.77952800
157.19630325,6.29921200,3.77952800
157.22830325,3.14960600,3.77952800
157.26030324,4.72440900,3.77952800
157.29230324,7.08661400,3.77952800
157.32430324,7.48031400,3.77952800
157.35630324,3.93700800,3.77952800
157.38830324,1.57480300,3.77952800
157.42030324,-0.39370070,3.77952800
157.45230324,1.96850400,3.77952800
157.48430324,-5.11811000,3.77952800
157.51630324,-1.57480300,3.77952800
157.54830324,0.00000000,3.77952800
157.58030324,-1.96850400,3.77952800
157.61230323,-5.90551100,3.77952800
157.64430323,-0.39370070,3.77952800
157.67630323,-1.18110200,3.70078700
157.70830323,2.36220500,3.77952800
157.74030323,-1.96850400,3.77952800
157.77230323,2.75590500,3.77952800
157.80430323,-2.75590500,3.77952800
157.83630323,3.93700800,3.77952800
157.86830323,-2.36220500,3.77952800
157.90030323,5.90551100,3.77952800
157.93230323,-1.18110200,3.77952800
157.96430322,0.78740150,3.77952800
157.99630322,-3.93700800,3.77952800
158.02830322,5.11811000,3.77952800
158.06030322,-3.14960600,3.70078700
158.09230322,4.33070900,3.77952800
158.12430322,0.00000000,3.77952800
158.15630322,5.51181100,3.77952800
158.18830322,0.78740150,3.77952800
158.22030322,3.54330700,3.77952800
158.25230322,1.57480300,3.77952800
158.28430322,10.23622000,3.77952800
158.31630321,1.96850400,3.77952800
158.34830321,3.54330700,3.70078700
158.38030321,5.51181100,3.70078700
158.41230321,6.29921200,3.77952800
158.44430321,3.54330700,3.77952800
158.47630321,5.90551100,3.77952800
158.50830321,3.54330700,3.70078700
158.54030321,4.72440900,3.77952800
158.57230321,1.57480300,3.77952800
158.60430321,2.36220500,3.77952800
158.63630321,5.90551100,3.77952800
158.66830320,5.90551100,3.77952800
158.70030320,2.75590500,3.77952800
158.73230320,1.57480300,3.77952800
158.76430320,4.33070900,3.77952800
158.79630320,-1.57480300,3.77952800
158.82830320,1.57480300,3.77952800
158.86030320,0.78740150,3.77952800
158.89230320,1.57480300,3.77952800
158.92430320,-2.75590500,3.77952800
158.95630320,-0.39370070,3.77952800
158.98830320,-3.93700800,3.77952800
159.02030319,2.36220500,3.77952800
159.05230319,-5.11811000,3.77952800
159.08430319,-2.36220500,3.77952800
159.11630319,-2.36220500,3.77952800
159.14830319,-0.39370070,3.77952800
159.18030319,-6.69291300,3.70078700
159.21230319,3.54330700,3.77952800
159.24430319,-0.39370070,3.77952800
159.27630319,4.72440900,3.77952800
159.30830319,-0.78740150,3.77952800
159.34030319,3.93700800,3.77952800
159.37230318,0.00000000,3.77952800
159.40430318,6.29921200,3.77952800
159.43630318,-0.78740150,3.77952800
159.46830318,4.72440900,3.77952800
159.50030318,2.36220500,3.77952800
159.53230318,2.36220500,3.77952800
159.56430318,-1.96850400,3.70078700
159.59630318,7.08661400,3.77952800
159.62830318,0.78740150,3.77952800
159.66030318,3.14960600,3.77952800
159.69230318,2.36220500,3.77952800
159.72430318,5.11811000,3.77952800
159.75630317,3.54330700,3.77952800
159.78830317,5.51181100,3.77952800
159.82030317,4.33070900,3.77952800
159.85230317,9.05511800,3.77952800
159.88430317,5.11811000,3.77952800
159.91630317,2.36220500,3.77952800
159.94830317,4.33070900,3.70078700
159.98030317,4.72440900,3.77952800
160.01230317,1.18110200,3.77952800
160.04430317,-0.39370070,3.77952800
160.07630317,1.96850400,3.77952800
160.10830316,-3.54330700,3.77952800
160.14030316,-1.96850400,3.77952800
160.17230316,-7.87401500,3.77952800
160.20430316,-3.93700800,3.77952800
160.23630316,-4.33070900,3.77952800
160.26830316,-3.93700800,3.77952800
160.30030316,-7.48031400,3.70078700
160.33230316,1.18110200,3.77952800
160.36430316,-6.69291300,3.77952800
160.39630316,-4.72440900,3.77952800
160.42830316,-9.05511800,3.77952800
160.46030315,-1.18110200,3.77952800
160.49230315,-12.59842000,3.70078700
160.52430315,-3.93700800,3.77952800
160.55630315,-10.23622000,3.77952800
160.58830315,-3.54330700,3.77952800
160.62030315,-11.02362000,3.70078700
160.65230315,-3.54330700,3.77952800
160.68430315,-9.84251900,3.77952800
160.71630315,0.39370070,3.77952800
160.74830315,-10.62992000,3.77952800
160.78030315,-3.54330700,3.77952800
160.81230314,-7.48031400,3.70078700
160.84430314,0.78740150,3.77952800
160.87630314,-9.44881800,3.77952800
160.90830314,-0.78740150,3.77952800
160.94030314,-4.33070900,3.70078700
160.97230314,-1.96850400,3.77952800
161.00430314,-10.23622000,3.70078700
161.03630314,-3.14960600,3.77952800
161.06830314,-6.29921200,3.70078700
161.10030314,-5.90551100,3.77952800
161.13230314,-9.44881800,3.77952800
161.16430313,-3.54330700,3.77952800
161.19630313,-4.72440900,3.77952800
161.22830313,-3.93700800,3.77952800
161.26030313,-5.11811000,3.77952800
161.29230313,-4.33070900,3.77952800
161.32430313,-3.93700800,3.77952800
161.35630313,-7.08661400,3.77952800
161.38830313,-6.29921200,3.77952800
161.42030313,-6.69291300,3.77952800
161.45230313,-6.29921200,3.77952800
161.48430313,-14.96063000,3.77952800
161.51630312,-11.41732000,3.77952800
161.54830312,-12.20472000,3.77952800
161.58030312,-11.41732000,3.70078700
161.61230312,-16.14173000,3.70078700
161.64430312,-10.23622000,3.77952800
161.67630312,-16.14173000,3.77952800
161.70830312,-12.99213000,3.77952800
161.74030312,-19.29134000,3.77952800
161.77230312,-8.26771600,3.77952800
161.80430312,-13.38583000,3.70078700
161.83630312,-8.66141700,3.77952800
161.86830311,-16.92913000,3.70078700
161.90030311,-7.87401500,3.77952800
161.93230311,-16.14173000,3.70078700
161.96430311,-7.08661400,3.77952800
161.99630311,-15.35433000,3.70078700
162.02830311,-5.51181100,3.77952800
162.06030311,-13.77953000,3.70078700
162.09230311,-11.02362000,3.77952800
162.12430311,-16.14173000,3.70078700
162.15630311,-4.72440900,3.77952800
162.18830311,-13.38583000,3.77952800
162.22030310,-9.05511800,3.77952800
162.25230310,-11.02362000,3.70078700
162.28430310,-6.69291300,3.77952800
162.31630310,-12.99213000,3.70078700
162.34830310,-5.11811000,3.77952800
162.38030310,-7.87401500,3.70078700
162.41230310,-4.33070900,3.77952800
162.44430310,-8.26771600,3.77952800
162.47630310,-7.87401500,3.77952800
162.50830310,-8.26771600,3.77952800
162.54030310,-3.54330700,3.77952800
162.57230309,-9.05511800,3.77952800
162.60430309,-9.84251900,3.77952800
162.63630309,-7.08661400,3.70078700
162.66830309,-9.84251900,3.77952800
162.70030309,-11.41732000,3.77952800
162.73230309,-10.23622000,3.70078700
162.76430309,-8.26771600,3.77952800
162.79630309,-14.96063000,3.77952800
162.82830309,-14.17323000,3.70078700
162.86030309,-13.77953000,3.77952800
162.89230309,-9.44881800,3.77952800
162.92430308,-11.81102000,3.70078700
162.95630308,-11.41732000,3.70078700
162.98830308,-11.81102000,3.77952800
163.02030308,-9.05511800,3.70078700
163.05230308,-16.92913000,3.77952800
163.08430308,-10.62992000,3.77952800
163.11630308,-12.59842000,3.77952800
163.14830308,-7.08661400,3.77952800
163.18030308,-15.35433000,3.70078700
163.21230308,-9.05511800,3.70078700
163.24430308,-12.20472000,3.77952800
163.27630307,-5.90551100,3.77952800
163.30830307,-12.20472000,3.77952800
163.34030307,-4.33070900,3.77952800
163.37230307,-9.05511800,3.70078700
163.40430307,-2.36220500,3.77952800
163.43630307,-10.62992000,3.70078700
163.46830307,-0.78740150,3.70078700
163.50030307,-3.54330700,3.70078700
163.53230307,-4.33070900,3.77952800
163.56430307,-8.26771600,3.70078700
163.59630307,-1.96850400,3.77952800
163.62830306,-7.87401500,3.77952800
163.66030306,-2.75590500,3.77952800
163.69230306,-7.08661400,3.70078700
163.72430306,-2.36220500,3.77952800
163.75630306,-2.75590500,3.77952800
163.78830306,-5.11811000,3.77952800
163.82030306,-5.51181100,3.77952800
163.85230306,1.96850400,3.77952800
163.88430306,-2.36220500,3.77952800
163.91630306,-1.96850400,3.77952800
163.94830306,0.00000000,3.77952800
163.98030305,-1.18110200,3.77952800
164.01230305,-1.57480300,3.77952800
164.04430305,-5.11811000,3.77952800
164.07630305,-3.54330700,3.77952800
164.10830305,-5.51181100,3.77952800
164.14030305,-6.69291300,3.77952800
164.17230305,-12.99213000,3.77952800
164.20430305,-7.87401500,3.77952800
164.23630305,-9.05511800,3.77952800
164.26830305,-11.02362000,3.77952800
164.30030305,-11.41732000,3.77952800
164.33230304,-4.33070900,3.77952800
164.36430304,-12.99213000,3.77952800
164.39630304,-4.72440900,3.77952800
164.42830304,-12.99213000,3.77952800
164.46030304,-3.54330700,3.77952800
164.49230304,-10.23622000,3.77952800
164.52430304,-7.08661400,3.77952800
164.55630304,-13.38583000,3.70078700
164.58830304,-1.57480300,3.77952800
164.62030304,-16.14173000,3.70078700
164.65230304,-5.90551100,3.77952800
164.68430303,-8.26771600,3.77952800
164.71630303,-4.33070900,3.77952800
164.74830303,-9.44881800,3.77952800
164.78030303,-5.51181100,3.77952800
164.81230303,-11.41732000,3.77952800
164.84430303,-1.18110200,3.77952800
164.87630303,-10.23622000,3.70078700
164.90830303,-2.36220500,3.77952800
164.94030303,-5.11811000,3.77952800
164.97230303,-0.78740150,3.77952800
165.00430303,-7.48031400,3.77952800
165.03630302,-2.36220500,3.77952800
165.06830302,-3.54330700,3.77952800
165.10030302,-2.75590500,3.77952800
165.13230302,-5.90551100,3.77952800
165.16430302,-1.96850400,3.77952800
165.19630302,-6.29921200,3.70078700
165.22830302,-3.93700800,3.77952800
165.26030302,-7.08661400,3.77952800
165.29230302,-4.33070900,3.77952800
165.32430302,-1.57480300,3.70078700
165.35630302,-6.29921200,3.77952800
165.38830301,-5.90551100,3.77952800
165.42030301,-4.33070900,3.77952800
165.45230301,-3.93700800,3.77952800
165.48430301,-9.44881800,3.77952800
165.51630301,-5.51181100,3.77952800
165.54830301,-8.66141700,3.77952800
165.58030301,-8.66141700,3.77952800
165.61230301,-12.20472000,3.77952800
165.64430301,-8.26771600,3.77952800
165.67630301,-10.62992000,3.77952800
165.70830301,-5.51181100,3.77952800
165.74030300,-16.53543000,3.70078700
165.77230300,-9.05511800,3.77952800
165.80430300,-11.02362000,3.77952800
165.83630300,-9.05511800,3.77952800
165.86830300,-13.77953000,3.70078700
165.90030300,-2.36220500,3.77952800
165.93230300,-10.23622000,3.70078700
165.96430300,-3.93700800,3.77952800
165.99630300,-8.66141700,3.77952800
166.02830300,-2.36220500,3.77952800
166.06030300,-2.75590500,3.77952800
166.09230299,-2.75590500,3.77952800
166.12430299,-10.62992000,3.70078700
166.15630299,1.18110200,3.77952800
166.18830299,-7.08661400,3.70078700
166.22030299,-4.72440900,3.77952800
166.25230299,-4.33070900,3.77952800
166.28430299,0.78740150,3.77952800
166.31630299,-8.66141700,3.70078700
166.34830299,-1.96850400,3.77952800
166.38030299,-4.72440900,3.77952800
166.41230299,0.78740150,3.77952800
166.44430298,-0.78740150,3.77952800
166.47630298,-1.18110200,3.77952800
166.50830298,-1.57480300,3.77952800
166.54030298,3.14960600,3.77952800
166.57230298,-3.93700800,3.77952800
166.60430298,0.00000000,3.77952800
166.63630298,1.96850400,3.77952800
166.66830298,-1.57480300,3.77952800
166.70030298,-3.93700800,3.77952800
166.73230298,-7.08661400,3.77952800
166.76430298,-4.33070900,3.77952800
166.79630298,-7.48031400,3.77952800
166.82830297,-6.29921200,3.77952800
166.86030297,-9.44881800,3.77952800
166.89230297,-5.51181100,3.77952800
166.92430297,-10.23622000,3.77952800
166.95630297,-10.23622000,3.70078700
166.98830297,-8.66141700,3.77952800
167.02030297,-1.18110200,3.77952800
167.05230297,-11.81102000,3.70078700
167.08430297,-4.72440900,3.77952800
167.11630297,-10.23622000,3.77952800
167.14830297,-5.11811000,3.77952800
167.18030296,-10.23622000,3.70078700
167.21230296,-5.90551100,3.77952800
167.24430296,-12.20472000,3.77952800
167.27630296,-3.14960600,3.77952800
167.30830296,-14.17323000,3.77952800
167.34030296,-6.69291300,3.77952800
167.37230296,-3.14960600,3.77952800
167.40430296,-2.36220500,3.77952800
167.43630296,-7.87401500,3.77952800
167.46830296,-0.78740150,3.77952800
167.50030296,-3.93700800,3.77952800
167.53230295,-0.78740150,3.77952800
167.56430295,-4.33070900,3.77952800
167.59630295,1.96850400,3.77952800
167.62830295,0.00000000,3.77952800
167.66030295,1.18110200,3.77952800
167.69230295,-6.29921200,3.70078700
167.72430295,0.78740150,3.77952800
167.75630295,0.00000000,3.77952800
167.78830295,-1.18110200,3.77952800
167.82030295,-1.57480300,3.77952800
167.85230295,2.36220500,3.70078700
167.88430294,-0.78740150,3.77952800
167.91630294,0.00000000,3.77952800
167.94830294,1.18110200,3.77952800
167.98030294,3.54330700,3.77952800
168.01230294,5.51181100,3.77952800
168.04430294,-1.96850400,3.77952800
168.07630294,-0.39370070,3.77952800
168.10830294,1.57480300,3.77952800
168.14030294,0.00000000,3.77952800
168.17230294,-5.51181100,3.77952800
168.20430294,0.00000000,3.77952800
168.23630293,-3.93700800,3.77952800
168.26830293,-4.72440900,3.77952800
168.30030293,-7.48031400,3.77952800
168.33230293,-2.36220500,3.77952800
168.36430293,-4.33070900,3.77952800
168.39630293,-3.54330700,3.77952800
168.42830293,-8.26771600,3.77952800
168.46030293,0.78740150,3.77952800
168.49230293,-5.51181100,3.70078700
168.52430293,-0.39370070,3.77952800
168.55630293,-4.72440900,3.70078700
168.58830292,5.90551100,3.77952800
168.62030292,-4.72440900,3.77952800
168.65230292,1.18110200,3.77952800
168.68430292,-2.75590500,3.70078700
168.71630292,2.75590500,3.77952800
168.74830292,-1.57480300,3.70078700
168.78030292,0.78740150,3.77952800
168.81230292,-3.54330700,3.70078700
168.84430292,4.72440900,3.77952800
168.87630292,-4.33070900,3.77952800
168.90830292,0.78740150,3.77952800
168.94030291,0.39370070,3.77952800
168.97230291,4.33070900,3.77952800
169.00430291,-1.96850400,3.70078700
169.03630291,3.93700800,3.77952800
169.06830291,4.33070900,3.77952800
169.10030291,4.33070900,3.77952800
169.13230291,3.14960600,3.77952800
169.16430291,4.72440900,3.77952800
169.19630291,4.72440900,3.77952800
169.22830291,6.29921200,3.77952800
169.26030291,0.39370070,3.77952800
169.29230290,3.14960600,3.77952800
169.32430290,5.90551100,3.77952800
169.35630290,0.78740150,3.77952800
169.38830290,1.18110200,3.77952800
169.42030290,1.18110200,3.77952800
169.45230290,0.78740150,3.77952800
169.48430290,-3.14960600,3.77952800
169.51630290,-0.78740150,3.77952800
169.54830290,-2.36220500,3.77952800
169.58030290,1.96850400,3.77952800
169.61230290,-2.75590500,3.77952800
169.64430289,-2.36220500,3.77952800
169.67630289,-1.57480300,3.77952800
169.70830289,0.78740150,3.77952800
169.74030289,-8.26771600,3.77952800
169.77230289,0.78740150,3.77952800
169.80430289,-3.54330700,3.77952800
169.83630289,-2.36220500,3.70078700
169.86830289,-4.33070900,3.70078700
169.90030289,-1.18110200,3.77952800
169.93230289,-5.11811000,3.77952800
169.96430289,3.54330700,3.77952800
169.99630288,-5.51181100,3.77952800
170.02830288,3.14960600,3.77952800
170.06030288,0.00000000,3.77952800
170.09230288,1.96850400,3.77952800
170.12430288,-2.75590500,3.77952800
170.15630288,7.87401500,3.77952800
170.18830288,3.14960600,3.77952800
170.22030288,2.36220500,3.77952800
170.25230288,0.00000000,3.77952800
170.28430288,4.33070900,3.77952800
170.31630288,0.00000000,3.77952800
170.34830287,3.14960600,3.77952800
170.38030287,-1.96850400,3.77952800
170.41230287,5.11811000,3.77952800
170.44430287,1.57480300,3.77952800
170.47630287,0.78740150,3.77952800
170.50830287,3.14960600,3.77952800
170.54030287,8.26771600,3.77952800
170.57230287,2.75590500,3.77952800
170.60430287,3.54330700,3.77952800
170.63630287,3.54330700,3.77952800
170.66830287,3.93700800,3.77952800
170.70030286,4.72440900,3.77952800
170.73230286,1.18110200,3.77952800
170.76430286,3.14960600,3.77952800
170.79630286,0.39370070,3.77952800
170.82830286,-3.14960600,3.77952800
170.86030286,-5.90551100,3.77952800
170.89230286,0.00000000,3.77952800
170.92430286,-2.75590500,3.77952800
170.95630286,-3.14960600,3.77952800
170.98830286,-3.54330700,3.77952800
171.02030286,0.78740150,3.77952800
171.05230285,-3.54330700,3.77952800
171.08430285,1.96850400,3.77952800
171.11630285,-0.39370070,3.77952800
171.14830285,5.11811000,3.77952800
171.18030285,-1.57480300,3.77952800
171.21230285,0.00000000,3.77952800
171.24430285,-0.78740150,3.77952800
171.27630285,5.90551100,3.77952800
171.30830285,-4.33070900,3.77952800
171.34030285,3.54330700,3.77952800
171.37230285,0.00000000,3.77952800
171.40430284,2.75590500,3.70078700
171.43630284,-2.36220500,3.77952800
171.46830284,3.93700800,3.77952800
171.50030284,0.39370070,3.77952800
171.53230284,7.48031400,3.77952800
171.56430284,-1.57480300,3.77952800
171.59630284,3.93700800,3.77952800
171.62830284,6.29921200,3.77952800
171.66030284,5.90551100,3.77952800
171.69230284,2.36220500,3.77952800
171.72430284,8.26771600,3.77952800
171.75630283,4.33070900,3.77952800
171.78830283,4.33070900,3.77952800
171.82030283,2.75590500,3.77952800
171.85230283,6.69291300,3.77952800
171.88430283,4.72440900,3.77952800
171.91630283,5.51181100,3.77952800
171.94830283,1.18110200,3.77952800
171.98030283,3.93700800,3.77952800
172.01230283,5.90551100,3.77952800
172.04430283,0.39370070,3.77952800
172.07630283,3.54330700,3.77952800
172.10830282,3.93700800,3.77952800
172.14030282,1.57480300,3.77952800
172.17230282,-2.75590500,3.77952800
172.20430282,1.96850400,3.77952800
172.23630282,-0.39370070,3.77952800
172.26830282,1.96850400,3.77952800
172.30030282,-3.54330700,3.77952800
172.33230282,-2.36220500,3.77952800
172.36430282,-2.75590500,3.77952800
172.39630282,-2.36220500,3.77952800
172.42830282,-7.48031400,3.77952800
172.46030281,2.75590500,3.77952800
172.49230281,-4.72440900,3.77952800
172.52430281,-0.78740150,3.77952800
172.55630281,-4.33070900,3.77952800
172.58830281,2.75590500,3.77952800
172.62030281,-1.96850400,3.70078700
172.65230281,3.93700800,3.77952800
172.68430281,-1.18110200,3.77952800
172.71630281,5.11811000,3.77952800
172.74830281,1.96850400,3.77952800
172.78030281,1.96850400,3.77952800
172.81230280,-0.39370070,3.77952800
172.84430280,8.26771600,3.77952800
172.87630280,-2.75590500,3.70078700
172.90830280,1.96850400,3.77952800
172.94030280,1.57480300,3.77952800
172.97230280,3.54330700,3.77952800
173.00430280,-1.18110200,3.77952800
173.03630280,4.72440900,3.77952800
173.06830280,1.96850400,3.77952800
173.10030280,5.90551100,3.77952800
173.13230280,1.96850400,3.77952800
173.16430279,3.54330700,3.77952800
173.19630279,5.90551100,3.77952800
173.22830279,7.87401500,3.77952800
173.26030279,1.57480300,3.70078700
173.29230279,5.90551100,3.77952800
173.32430279,6.29921200,3.77952800
173.35630279,1.57480300,3.77952800
173.38830279,1.57480300,3.77952800
173.42030279,-0.39370070,3.77952800
173.45230279,1.18110200,3.77952800
173.48430279,-2.36220500,3.77952800
173.51630278,-2.36220500,3.77952800
173.54830278,-3.93700800,3.77952800
173.58030278,2.36220500,3.77952800
173.61230278,-4.33070900,3.77952800
173.64430278,-2.36220500,3.77952800
173.67630278,-1.18110200,3.77952800
173.70830278,0.78740150,3.70078700
173.74030278,-8.26771600,3.77952800
173.77230278,1.96850400,3.77952800
173.80430278,-0.78740150,3.70078700
173.83630278,0.78740150,3.77952800
173.86830278,-4.33070900,3.77952800
173.90030277,0.00000000,3.77952800
173.93230277,-4.33070900,3.77952800
173.96430277,1.96850400,3.77952800
173.99630277,-10.62992000,3.70078700
174.02830277,3.93700800,3.77952800
174.06030277,-2.36220500,3.70078700
174.09230277,1.18110200,3.77952800
174.12430277,-0.39370070,3.77952800
174.15630277,3.54330700,3.77952800
174.18830277,-0.39370070,3.77952800
174.22030277,4.72440900,3.77952800
174.25230276,-1.18110200,3.70078700
174.28430276,6.29921200,3.77952800
174.31630276,1.57480300,3.70078700
174.34830276,2.75590500,3.77952800
174.38030276,-1.57480300,3.77952800
174.41230276,6.69291300,3.77952800
174.44430276,1.96850400,3.77952800
174.47630276,0.39370070,3.77952800
174.50830276,2.75590500,3.70078700
174.54030276,3.14960600,3.77952800
174.57230276,0.00000000,3.70078700
174.60430275,3.14960600,3.77952800
174.63630275,2.75590500,3.77952800
174.66830275,5.11811000,3.77952800
174.70030275,5.11811000,3.77952800
174.73230275,-0.78740150,3.77952800
174.76430275,3.54330700,3.77952800
174.79630275,2.36220500,3.77952800
174.82830275,0.39370070,3.77952800
174.86030275,-3.93700800,3.77952800
174.89230275,0.39370070,3.77952800
174.92430275,-6.69291300,3.77952800
174.95630274,-3.14960600,3.77952800
174.98830274,-6.29921200,3.77952800
175.02030274,-1.18110200,3.77952800
175.05230274,-5.90551100,3.77952800
175.08430274,-5.11811000,3.77952800
175.11630274,-12.99213000,3.77952800
175.14830274,0.78740150,3.77952800
175.18030274,-10.62992000,3.77952800
175.21230274,-1.57480300,3.77952800
175.24430274,-3.54330700,3.70078700
175.27630274,-0.78740150,3.77952800
175.30830273,-10.62992000,3.70078700
175.34030273,0.00000000,3.77952800
175.37230273,-8.26771600,3.70078700
175.40430273,1.57480300,3.77952800
175.43630273,-6.29921200,3.70078700
175.46830273,-5.11811000,3.77952800
175.50030273,-8.66141700,3.70078700
175.53230273,0.39370070,3.77952800
175.56430273,-11.41732000,3.70078700
175.59630273,-1.57480300,3.77952800
175.62830273,-2.36220500,3.77952800
175.66030272,-3.93700800,3.77952800
175.69230272,-7.87401500,3.77952800
175.72430272,-0.39370070,3.77952800
175.75630272,-3.93700800,3.70078700
175.78830272,0.78740150,3.77952800
175.82030272,-2.36220500,3.77952800
175.85230272,-1.96850400,3.70078700
175.88430272,-1.96850400,3.77952800
175.91630272,-2.75590500,3.77952800
175.94830272,-5.90551100,3.70078700
175.98030272,-1.18110200,3.77952800
176.01230271,-1.96850400,3.77952800
176.04430271,-9.44881800,3.77952800
176.07630271,-6.29921200,3.77952800
176.10830271,-7.08661400,3.77952800
176.14030271,-6.29921200,3.77952800
176.17230271,-9.44881800,3.77952800
176.20430271,-7.48031400,3.70078700
176.23630271,-10.62992000,3.77952800
176.26830271,-6.69291300,3.77952800
176.30030271,-14.96063000,3.77952800
176.33230271,-5.90551100,3.70078700
176.36430270,-8.66141700,3.77952800
176.39630270,-9.84251900,3.70078700
176.42830270,-18.11024000,3.70078700
176.46030270,-6.29921200,3.77952800
176.49230270,-15.74803000,3.70078700
176.52430270,-9.05511800,3.77952800
176.55630270,-13.77953000,3.70078700
176.58830270,-9.84251900,3.70078700
176.62030270,-14.96063000,3.70078700
176.65230270,-7.48031400,3.77952800
176.68430270,-17.71653000,3.70078700
176.71630269,-1.96850400,3.70078700
176.74830269,-7.87401500,3.70078700
176.78030269,-8.26771600,3.77952800
176.81230269,-11.02362000,3.70078700
176.84430269,-2.36220500,3.70078700
176.87630269,-13.77953000,3.70078700
176.90830269,-3.54330700,3.77952800
176.94030269,-7.08661400,3.70078700
176.97230269,-5.51181100,3.70078700
177.00430269,-10.62992000,3.70078700
177.03630269,-7.87401500,3.77952800
177.06830268,-12.99213000,3.70078700
177.10030268,-3.93700800,3.70078700
177.13230268,-9.05511800,3.77952800
177.16430268,-9.84251900,3.70078700
177.19630268,-5.90551100,3.77952800
177.22830268,-5.90551100,3.77952800
177.26030268,-9.44881800,3.77952800
177.29230268,-4.33070900,3.77952800
177.32430268,-3.93700800,3.77952800
177.35630268,-6.69291300,3.77952800
177.38830268,-6.69291300,3.70078700
177.42030267,-10.62992000,3.70078700
177.45230267,-6.69291300,3.70078700
177.48430267,-11.81102000,3.70078700
177.51630267,-13.77953000,3.70078700
177.54830267,-14.96063000,3.70078700
177.58030267,-10.23622000,3.77952800
177.61230267,-19.68504000,3.77952800
177.64430267,-14.17323000,3.77952800
177.67630267,-14.56693000,3.70078700
177.70830267,-12.99213000,3.77952800
177.74030267,-20.47244000,3.70078700
177.77230266,-10.23622000,3.70078700
177.80430266,-18.89764000,3.70078700
177.83630266,-8.26771600,3.77952800
177.86830266,-14.56693000,3.70078700
177.90030266,-11.41732000,3.77952800
177.93230266,-11.41732000,3.70078700
177.96430266,-9.05511800,3.77952800
177.99630266,-17.71653000,3.77952800
178.02830266,-6.69291300,3.77952800
178.06030266,-9.05511800,3.70078700
178.09230266,-9.44881800,3.77952800
178.12430265,-12.59842000,3.77952800
178.15630265,-5.90551100,3.77952800
178.18830265,-12.20472000,3.77952800
178.22030265,-4.33070900,3.77952800
178.25230265,-9.84251900,3.70078700
178.28430265,-2.36220500,3.77952800
178.31630265,-3.93700800,3.77952800
178.34830265,-4.72440900,3.70078700
178.38030265,-8.66141700,3.77952800
178.41230265,0.39370070,3.77952800
178.44430265,-5.51181100,3.70078700
178.47630264,-4.33070900,3.77952800
178.50830264,-3.93700800,3.70078700
178.54030264,-2.75590500,3.77952800
178.57230264,-4.33070900,3.77952800
178.60430264,-5.11811000,3.77952800
178.63630264,-5.51181100,3.77952800
178.66830264,-2.36220500,3.77952800
178.70030264,-3.54330700,3.77952800
178.73230264,-8.26771600,3.77952800
178.76430264,-3.14960600,3.70078700
178.79630264,-6.29921200,3.77952800
178.82830263,-7.87401500,3.77952800
178.86030263,-8.66141700,3.77952800
178.89230263,-3.54330700,3.70078700
178.92430263,-9.44881800,3.77952800
178.95630263,-5.90551100,3.77952800
178.98830263,-11.41732000,3.70078700
179.02030263,-7.08661400,3.77952800
179.05230263,-10.62992000,3.77952800
179.08430263,-8.66141700,3.77952800
179.11630263,-13.38583000,3.77952800
179.14830263,-2.36220500,3.77952800
179.18030262,-14.96063000,3.77952800
179.21230262,-7.48031400,3.77952800
179.24430262,-10.23622000,3.70078700
179.27630262,-2.75590500,3.77952800
179.30830262,-10.23622000,3.77952800
179.34030262,-3.14960600,3.77952800
179.37230262,-10.23622000,3.70078700
179.40430262,0.00000000,3.77952800
179.43630262,-12.59842000,3.70078700
179.46830262,-2.36220500,3.77952800
179.50030262,-5.90551100,3.70078700
179.53230261,-0.39370070,3.70078700
179.56430261,-9.05511800,3.70078700
179.59630261,-4.33070900,3.77952800
179.62830261,-8.66141700,3.70078700
179.66030261,-3.93700800,3.77952800
179.69230261,-9.84251900,3.70078700
179.72430261,-1.18110200,3.77952800
179.75630261,-5.11811000,3.77952800
179.78830261,-2.75590500,3.70078700
179.82030261,-4.72440900,3.77952800
179.85230261,-1.57480300,3.77952800
179.88430260,-0.78740150,3.77952800
179.91630260,-1.96850400,3.77952800
179.94830260,-5.11811000,3.77952800
179.98030260,0.00000000,3.77952800
180.01230260,-2.36220500,3.77952800
180.04430260,-6.29921200,3.77952800
180.07630260,-2.36220500,3.77952800
180.10830260,-6.69291300,3.77952800
180.14030260,-7.08661400,3.77952800
180.17230260,-11.41732000,3.77952800
180.20430260,-9.84251900,3.70078700
180.23630259,-9.44881800,3.77952800
180.26830259,-5.51181100,3.77952800
180.30030259,-12.99213000,3.77952800
180.33230259,-7.08661400,3.70078700
180.36430259,-9.05511800,3.77952800
180.39630259,-7.48031400,3.77952800
180.42830259,-11.41732000,3.70078700
180.46030259,-0.39370070,3.70078700
180.49230259,-11.81102000,3.77952800
180.52430259,-5.51181100,3.77952800
180.55630259,-14.17323000,3.70078700
180.58830258,-4.72440900,3.77952800
180.62030258,-9.05511800,3.77952800
180.65230258,-5.90551100,3.77952800
180.68430258,-15.35433000,3.70078700
180.71630258,-1.57480300,3.77952800
180.74830258,-14.17323000,3.70078700
180.78030258,-5.51181100,3.77952800
180.81230258,-7.48031400,3.70078700
180.84430258,0.00000000,3.77952800
180.87630258,-6.69291300,3.70078700
180.90830258,-3.54330700,3.77952800
180.94030258,-8.26771600,3.70078700
180.97230257,0.00000000,3.77952800
181.00430257,-6.29921200,3.77952800
181.03630257,-2.36220500,3.77952800
181.06830257,-4.72440900,3.70078700
181.10030257,-1.57480300,3.77952800
181.13230257,-7.48031400,3.77952800
181.16430257,-4.72440900,3.77952800
181.19630257,-1.96850400,3.77952800
181.22830257,-1.96850400,3.77952800
181.26030257,-5.90551100,3.77952800
181.29230257,-2.36220500,3.77952800
181.32430256,-2.36220500,3.70078700
181.35630256,-2.75590500,3.77952800
181.38830256,-1.18110200,3.70078700
181.42030256,-3.14960600,3.77952800
181.45230256,-0.78740150,3.77952800
181.48430256,-6.69291300,3.70078700
181.51630256,-8.26771600,3.77952800
181.54830256,-7.08661400,3.77952800
181.58030256,-3.14960600,3.77952800
181.61230256,-11.02362000,3.77952800
181.64430256,-5.90551100,3.77952800
181.67630255,-11.02362000,3.77952800
181.70830255,-8.66141700,3.77952800
181.74030255,-13.38583000,3.70078700
181.77230255,-6.69291300,3.77952800
181.80430255,-13.38583000,3.77952800
181.83630255,-2.36220500,3.77952800
181.86830255,-15.74803000,3.70078700
181.90030255,-5.11811000,3.77952800
181.93230255,-8.66141700,3.70078700
181.96430255,-3.14960600,3.77952800
181.99630255,-9.84251900,3.70078700
182.02830254,-0.78740150,3.77952800
182.06030254,-11.81102000,3.70078700
182.09230254,-3.14960600,3.77952800
182.12430254,-13.38583000,3.70078700
182.15630254,-2.36220500,3.77952800
182.18830254,-8.66141700,3.70078700
182.22030254,-4.72440900,3.77952800
182.25230254,-9.44881800,3.77952800
182.28430254,-3.14960600,3.70078700
182.31630254,-7.08661400,3.70078700
182.34830254,-4.33070900,3.77952800
182.38030253,-5.51181100,3.70078700
182.41230253,0.78740150,3.77952800
182.44430253,-4.33070900,3.77952800
182.47630253,-3.14960600,3.77952800
182.50830253,-1.18110200,3.70078700
182.54030253,1.18110200,3.77952800
182.57230253,0.00000000,3.77952800
182.60430253,-1.96850400,3.77952800
182.63630253,-3.14960600,3.70078700
182.66830253,0.39370070,3.77952800
182.70030253,-3.54330700,3.70078700
182.73230252,-6.29921200,3.77952800
182.76430252,-0.39370070,3.70078700
182.79630252,-5.11811000,3.77952800
182.82830252,-7.08661400,3.77952800
182.86030252,-6.69291300,3.77952800
182.89230252,-3.93700800,3.70078700
182.92430252,-6.69291300,3.77952800
182.95630252,-3.93700800,3.77952800
182.98830252,-5.90551100,3.70078700
183.02030252,-3.14960600,3.77952800
183.05230252,-6.69291300,3.77952800
183.08430251,-4.33070900,3.77952800
183.11630251,-4.72440900,3.77952800
183.14830251,0.78740150,3.77952800
183.18030251,-10.23622000,3.77952800
183.21230251,-3.14960600,3.77952800
183.24430251,-6.29921200,3.77952800
183.27630251,-1.57480300,3.77952800
183.30830251,-7.48031400,3.77952800
183.34030251,0.00000000,3.77952800
183.37230251,-5.51181100,3.77952800
183.40430251,3.54330700,3.77952800
183.43630250,-1.57480300,3.77952800
183.46830250,-0.39370070,3.77952800
183.50030250,1.57480300,3.77952800
183.53230250,4.33070900,3.77952800
183.56430250,-3.93700800,3.77952800
183.59630250,5.11811000,3.77952800
183.62830250,-1.18110200,3.77952800
183.66030250,2.36220500,3.70078700
183.69230250,-2.75590500,3.70078700
183.72430250,1.96850400,3.77952800
183.75630250,1.57480300,3.77952800
183.78830249,1.57480300,3.77952800
183.82030249,-2.36220500,3.70078700
183.85230249,2.75590500,3.77952800
183.88430249,3.14960600,3.77952800
183.91630249,1.96850400,3.77952800
183.94830249,1.18110200,3.77952800
183.98030249,7.08661400,3.77952800
184.01230249,3.54330700,3.77952800
184.04430249,0.78740150,3.77952800
184.07630249,3.54330700,3.70078700
184.10830249,0.00000000,3.77952800
184.14030248,0.00000000,3.77952800
184.17230248,-3.54330700,3.77952800
184.20430248,-2.36220500,3.77952800
184.23630248,-1.96850400,3.77952800
184.26830248,-1.96850400,3.77952800
184.30030248,-8.26771600,3.77952800
184.33230248,0.00000000,3.70078700
184.36430248,-1.96850400,3.77952800
184.39630248,-3.14960600,3.77952800
184.42830248,-5.90551100,3.77952800
184.46030248,2.36220500,3.77952800
184.49230247,-4.33070900,3.77952800
184.52430247,1.96850400,3.77952800
184.55630247,-6.29921200,3.77952800
184.58830247,4.33070900,3.77952800
184.62030247,-1.96850400,3.70078700
184.65230247,-0.78740150,3.77952800
184.68430247,-5.11811000,3.70078700
184.71630247,5.11811000,3.77952800
184.74830247,-4.33070900,3.70078700
184.78030247,0.00000000,3.77952800
184.81230247,0.00000000,3.70078700
184.84430246,1.57480300,3.77952800
184.87630246,-3.14960600,3.77952800
184.90830246,3.14960600,3.77952800
184.94030246,1.18110200,3.77952800
184.97230246,6.29921200,3.77952800
185.00430246,-0.39370070,3.70078700
185.03630246,3.14960600,3.77952800
185.06830246,2.75590500,3.77952800
185.10030246,7.87401500,3.77952800
185.13230246,-0.39370070,3.70078700
185.16430246,4.33070900,3.77952800
185.19630245,3.93700800,3.70078700
185.22830245,1.96850400,3.77952800
185.26030245,0.78740150,3.77952800
185.29230245,3.54330700,3.77952800
185.32430245,3.93700800,3.77952800
185.35630245,3.54330700,3.77952800
185.38830245,0.78740150,3.77952800
185.42030245,-0.39370070,3.77952800
185.45230245,4.33070900,3.77952800
185.48430245,-0.39370070,3.77952800
185.51630245,-0.39370070,3.77952800
185.54830244,0.39370070,3.77952800
185.58030244,0.39370070,3.77952800
185.61230244,-5.11811000,3.77952800
185.64430244,0.00000000,3.77952800
185.67630244,-1.18110200,3.77952800
185.70830244,1.18110200,3.77952800
185.74030244,-4.33070900,3.77952800
185.77230244,-2.36220500,3.77952800
185.80430244,-5.51181100,3.77952800
185.83630244,1.18110200,3.77952800
185.86830244,-7.48031400,3.77952800
185.90030243,1.57480300,3.77952800
185.93230243,2.75590500,3.77952800
185.96430243,0.00000000,3.77952800
185.99630243,-2.36220500,3.70078700
186.02830243,5.90551100,3.77952800
186.06030243,0.39370070,3.77952800
186.09230243,7.48031400,3.77952800
186.12430243,-0.39370070,3.77952800
186.15630243,4.72440900,3.77952800
186.18830243,1.57480300,3.77952800
186.22030243,3.93700800,3.70078700
186.25230242,-1.18110200,3.77952800
186.28430242,8.26771600,3.77952800
186.31630242,2.75590500,3.70078700
186.34830242,0.39370070,3.77952800
186.38030242,0.39370070,3.70078700
186.41230242,5.90551100,3.77952800
186.44430242,2.75590500,3.77952800
186.47630242,6.29921200,3.77952800
186.50830242,3.93700800,3.77952800
186.54030242,7.48031400,3.77952800
186.57230242,5.90551100,3.77952800
186.60430241,4.33070900,3.77952800
186.63630241,6.29921200,3.77952800
186.66830241,8.66141700,3.77952800
186.70030241,4.72440900,3.77952800
186.73230241,1.18110200,3.77952800
186.76430241,5.51181100,3.77952800
186.79630241,1.18110200,3.77952800
186.82830241,1.96850400,3.77952800
186.86030241,-0.78740150,3.77952800
186.89230241,0.00000000,3.77952800
186.92430241,-2.36220500,3.77952800
186.95630240,-1.57480300,3.77952800
186.98830240,-4.33070900,3.77952800
187.02030240,4.33070900,3.77952800
187.05230240,0.00000000,3.77952800
187.08430240,-0.78740150,3.77952800
187.11630240,-1.18110200,3.77952800
187.14830240,5.11811000,3.77952800
187.18030240,-4.33070900,3.77952800
187.21230240,3.14960600,3.77952800
187.24430240,-2.36220500,3.77952800
187.27630240,3.93700800,3.77952800
187.30830239,-4.72440900,3.70078700
187.34030239,1.57480300,3.77952800
187.37230239,-2.36220500,3.77952800
187.40430239,5.90551100,3.77952800
187.43630239,-1.57480300,3.70078700
187.46830239,1.96850400,3.77952800
187.50030239,1.96850400,3.77952800
187.53230239,5.90551100,3.77952800
187.56430239,-1.57480300,3.70078700
187.59630239,9.05511800,3.77952800
187.62830239,4.72440900,3.77952800
187.66030238,6.29921200,3.77952800
187.69230238,2.36220500,3.70078700
187.72430238,4.33070900,3.77952800
187.75630238,3.93700800,3.77952800
187.78830238,5.90551100,3.77952800
187.82030238,0.78740150,3.70078700
187.85230238,5.51181100,3.77952800
187.88430238,4.72440900,3.77952800
187.91630238,2.75590500,3.77952800
187.94830238,2.75590500,3.77952800
187.98030238,7.08661400,3.77952800
188.01230237,5.11811000,3.77952800
188.04430237,3.14960600,3.77952800
188.07630237,5.51181100,3.77952800
188.10830237,2.75590500,3.77952800
188.14030237,5.51181100,3.77952800
188.17230237,-0.39370070,3.77952800
188.20430237,1.18110200,3.77952800
188.23630237,1.18110200,3.77952800
188.26830237,0.00000000,3.77952800
188.30030237,-6.69291300,3.70078700
188.33230237,0.39370070,3.77952800
188.36430237,-3.93700800,3.77952800
188.39630236,-1.18110200,3.77952800
188.42830236,-3.93700800,3.77952800
188.46030236,-0.39370070,3.77952800
188.49230236,-3.14960600,3.70078700
188.52430236,1.57480300,3.77952800
188.55630236,-7.08661400,3.70078700
188.58830236,4.72440900,3.77952800
188.62030236,-1.57480300,3.77952800
188.65230236,3.54330700,3.77952800
188.68430236,-3.14960600,3.70078700
188.71630236,7.48031400,3.77952800
188.74830235,-1.96850400,3.77952800
188.78030235,2.75590500,3.77952800
188.81230235,-2.36220500,3.77952800
188.84430235,3.93700800,3.70078700
188.87630235,-3.14960600,3.70078700
188.90830235,1.18110200,3.77952800
188.94030235,-2.36220500,3.77952800
188.97230235,5.51181100,3.77952800
189.00430235,-0.39370070,3.77952800
189.03630235,1.96850400,3.77952800
189.06830235,1.96850400,3.70078700
189.10030234,6.29921200,3.77952800
189.13230234,-0.39370070,3.77952800
189.16430234,3.93700800,3.77952800
189.19630234,4.33070900,3.77952800
189.22830234,4.72440900,3.77952800
189.26030234,1.96850400,3.77952800
189.29230234,1.96850400,3.77952800
189.32430234,2.36220500,3.70078700
189.35630234,3.14960600,3.77952800
189.38830234,-0.39370070,3.77952800
189.42030234,-1.57480300,3.77952800
189.45230233,2.36220500,3.77952800
189.48430233,-4.72440900,3.77952800
189.51630233,-5.11811000,3.77952800
189.54830233,-2.36220500,3.77952800
189.58030233,-0.78740150,3.77952800
189.61230233,-3.14960600,3.77952800
189.64430233,-0.39370070,3.77952800
189.67630233,-4.33070900,3.77952800
189.70830233,1.18110200,3.77952800
189.74030233,-8.66141700,3.70078700
189.77230233,-1.96850400,3.77952800
189.80430232,-3.54330700,3.70078700
189.83630232,1.96850400,3.77952800
189.86830232,-13.38583000,3.77952800
189.90030232,0.00000000,3.77952800
189.93230232,-6.29921200,3.70078700
189.96430232,-1.57480300,3.77952800
189.99630232,-8.66141700,3.70078700
190.02830232,1.18110200,3.77952800
190.06030232,-7.48031400,3.70078700
190.09230232,3.54330700,3.77952800
190.12430232,-4.72440900,3.70078700
190.15630231,-1.18110200,3.70078700
190.18830231,1.18110200,3.70078700
190.22030231,1.96850400,3.77952800
190.25230231,-7.08661400,3.70078700
190.28430231,3.93700800,3.77952800
190.31630231,-1.57480300,3.77952800
190.34830231,-2.75590500,3.77952800
190.38030231,-4.33070900,3.70078700
190.41230231,1.57480300,3.77952800
190.44430231,-3.93700800,3.70078700
190.47630231,-1.57480300,3.77952800
190.50830230,-5.51181100,3.77952800
190.54030230,1.96850400,3.70078700
190.57230230,-1.18110200,3.77952800
190.60430230,-1.18110200,3.77952800
190.63630230,-1.18110200,3.77952800
190.66830230,2.75590500,3.77952800
190.70030230,-1.57480300,3.77952800
190.73230230,-2.36220500,3.77952800
190.76430230,1.18110200,3.77952800
190.79630230,-4.33070900,3.77952800
190.82830230,-6.29921200,3.77952800
190.86030229,-11.02362000,3.77952800
190.89230229,-8.26771600,3.77952800
190.92430229,-8.26771600,3.70078700
190.95630229,-7.08661400,3.77952800
190.98830229,-14.96063000,3.77952800
191.02030229,-4.33070900,3.77952800
191.05230229,-12.99213000,3.77952800
191.08430229,-11.81102000,3.77952800
191.11630229,-13.77953000,3.77952800
191.14830229,-2.36220500,3.77952800
191.18030229,-13.77953000,3.77952800
191.21230228,-5.51181100,3.77952800
191.24430228,-11.02362000,3.70078700
191.27630228,-6.29921200,3.70078700
191.30830228,-12.59842000,3.70078700
191.34030228,-6.29921200,3.77952800
191.37230228,-17.32283000,3.70078700
191.40430228,-4.33070900,3.70078700
191.43630228,-13.77953000,3.70078700
191.46830228,-11.41732000,3.70078700
191.50030228,-12.59842000,3.70078700
191.53230228,-2.75590500,3.77952800
191.56430227,-14.96063000,3.77952800
191.59630227,-5.51181100,3.70078700
191.62830227,-9.84251900,3.77952800
191.66030227,-4.72440900,3.77952800
191.69230227,-10.62992000,3.70078700
191.72430227,-5.11811000,3.77952800
191.75630227,-6.69291300,3.77952800
191.78830227,-4.33070900,3.77952800
191.82030227,-8.66141700,3.77952800
191.85230227,-5.51181100,3.77952800
191.88430227,-4.72440900,3.77952800
191.91630226,-7.48031400,3.77952800
191.94830226,-11.02362000,3.70078700
191.98030226,-8.26771600,3.77952800
192.01230226,-8.26771600,3.70078700
192.04430226,-8.66141700,3.77952800
192.07630226,-6.29921200,3.77952800
192.10830226,-9.84251900,3.77952800
192.14030226,-4.72440900,3.77952800
192.17230226,-16.14173000,3.70078700
192.20430226,-13.38583000,3.77952800
192.23630226,-11.02362000,3.70078700
192.26830225,-9.84251900,3.77952800
192.30030225,-16.53543000,3.70078700
192.33230225,-9.44881800,3.70078700
192.36430225,-15.74803000,3.77952800
192.39630225,-12.99213000,3.77952800
192.42830225,-19.29134000,3.70078700
192.46030225,-12.20472000,3.77952800
192.49230225,-18.50394000,3.70078700
192.52430225,-11.41732000,3.77952800
192.55630225,-22.04724000,3.70078700
192.58830225,-12.99213000,3.70078700
192.62030224,-17.32283000,3.70078700
192.65230224,-9.05511800,3.77952800
192.68430224,-18.50394000,3.70078700
192.71630224,-5.51181100,3.77952800
192.74830224,-13.77953000,3.77952800
192.78030224,-9.84251900,3.70078700
192.81230224,-17.32283000,3.70078700
192.84430224,-5.90551100,3.70078700
192.87630224,-12.20472000,3.70078700
192.90830224,-9.44881800,3.77952800
192.94030224,-14.56693000,3.70078700
192.97230223,-6.69291300,3.70078700
193.00430223,-12.20472000,3.70078700
193.03630223,-11.41732000,3.77952800
193.06830223,-10.23622000,3.77952800
193.10030223,-5.90551100,3.77952800
193.13230223,-9.05511800,3.77952800
193.16430223,-4.72440900,3.77952800
193.19630223,-5.11811000,3.70078700
193.22830223,0.00000000,3.77952800
193.26030223,-3.93700800,3.77952800
193.29230223,-4.33070900,3.77952800
193.32430222,-4.33070900,3.70078700
193.35630222,-1.96850400,3.70078700
193.38830222,-7.48031400,3.77952800
193.42030222,-8.66141700,3.77952800
193.45230222,-4.33070900,3.77952800
193.48430222,-10.23622000,3.77952800
193.51630222,-9.44881800,3.77952800
193.54830222,-11.02362000,3.77952800
193.58030222,-8.66141700,3.77952800
193.61230222,-10.62992000,3.77952800
193.64430222,-9.05511800,3.77952800
193.67630221,-11.81102000,3.77952800
193.70830221,-3.93700800,3.77952800
193.74030221,-10.62992000,3.70078700
193.77230221,-7.87401500,3.70078700
193.80430221,-9.84251900,3.70078700
193.83630221,-2.36220500,3.77952800
193.86830221,-12.99213000,3.77952800
193.90030221,-5.51181100,3.77952800
193.93230221,-12.20472000,3.70078700
193.96430221,-4.33070900,3.77952800
193.99630221,-13.77953000,3.70078700
194.02830220,-5.90551100,3.77952800
194.06030220,-7.08661400,3.70078700
194.09230220,-0.78740150,3.70078700
194.12430220,-9.05511800,3.77952800
194.15630220,-3.54330700,3.77952800
194.18830220,-7.08661400,3.77952800
194.22030220,0.00000000,3.77952800
194.25230220,-9.05511800,3.70078700
194.28430220,1.96850400,3.77952800
194.31630220,-3.14960600,3.77952800
194.34830220,-0.78740150,3.77952800
194.38030219,-3.93700800,3.77952800
194.41230219,-2.36220500,3.77952800
194.44430219,-1.96850400,3.70078700
194.47630219,-1.96850400,3.77952800
194.50830219,-8.66141700,3.70078700
194.54030219,0.00000000,3.77952800
194.57230219,-3.14960600,3.70078700
194.60430219,-4.72440900,3.77952800
194.63630219,-2.36220500,3.77952800
194.66830219,0.00000000,3.77952800
194.70030219,-1.96850400,3.70078700
194.73230218,-3.54330700,3.77952800
194.76430218,-3.93700800,3.77952800
194.79630218,-4.72440900,3.77952800
194.82830218,-2.36220500,3.70078700
194.86030218,-9.84251900,3.77952800
194.89230218,-7.48031400,3.77952800
194.92430218,-7.48031400,3.70078700
194.95630218,-8.66141700,3.77952800
194.98830218,-13.77953000,3.70078700
195.02030218,-5.11811000,3.77952800
195.05230218,-11.81102000,3.77952800
195.08430217,-8.66141700,3.77952800
195.11630217,-14.17323000,3.70078700
195.14830217,-7.08661400,3.77952800
195.18030217,-9.84251900,3.77952800
195.21230217,-3.54330700,3.70078700
195.24430217,-10.62992000,3.70078700
195.27630217,-1.96850400,3.70078700
195.30830217,-10.23622000,3.70078700
195.34030217,-5.11811000,3.77952800
195.37230217,-9.05511800,3.70078700
195.40430217,0.78740150,3.77952800
195.43630217,-8.26771600,3.70078700
195.46830216,-3.93700800,3.77952800
195.50030216,-11.41732000,3.70078700
195.53230216,-2.36220500,3.77952800
195.56430216,-11.41732000,3.70078700
195.59630216,-2.75590500,3.77952800
195.62830216,-8.66141700,3.70078700
195.66030216,-0.39370070,3.77952800
195.69230216,-7.08661400,3.77952800
195.72430216,-5.51181100,3.77952800
195.75630216,-3.93700800,3.77952800
195.78830216,1.57480300,3.77952800
195.82030215,-6.29921200,3.77952800
195.85230215,-0.39370070,3.77952800
195.88430215,-3.14960600,3.77952800
195.91630215,-2.36220500,3.77952800
195.94830215,-3.14960600,3.70078700
195.98030215,-4.33070900,3.70078700
196.01230215,-1.18110200,3.77952800
196.04430215,-2.36220500,3.77952800
196.07630215,-8.26771600,3.77952800
196.10830215,-7.48031400,3.77952800
196.14030215,-2.36220500,3.77952800
196.17230214,-8.66141700,3.70078700
196.20430214,-7.08661400,3.77952800
196.23630214,-7.48031400,3.77952800
196.26830214,-5.51181100,3.77952800
196.30030214,-8.66141700,3.77952800
196.33230214,-5.90551100,3.77952800
196.36430214,-6.29921200,3.77952800
196.39630214,-1.96850400,3.77952800
196.42830214,-11.02362000,3.77952800
196.46030214,-6.69291300,3.77952800
196.49230214,-9.05511800,3.70078700
196.52430213,-3.54330700,3.77952800
196.55630213,-11.81102000,3.70078700
196.58830213,-2.36220500,3.77952800
196.62030213,-9.05511800,3.77952800
196.65230213,-3.54330700,3.77952800
196.68430213,-13.38583000,3.77952800
196.71630213,-0.39370070,3.77952800
196.74830213,-7.08661400,3.77952800
196.78030213,1.57480300,3.77952800
196.81230213,-7.08661400,3.70078700
196.84430213,-0.78740150,3.77952800
196.87630212,-6.29921200,3.77952800
196.90830212,-0.39370070,3.77952800
196.94030212,-8.26771600,3.70078700
196.97230212,3.14960600,3.77952800
197.00430212,-6.69291300,3.77952800
197.03630212,-5.51181100,3.70078700
197.06830212,-5.90551100,3.70078700
197.10030212,-1.96850400,3.77952800
197.13230212,-4.33070900,3.70078700
197.16430212,-0.39370070,3.77952800
197.19630212,-5.51181100,3.77952800
197.22830211,0.78740150,3.70078700
197.26030211,-2.36220500,3.77952800
197.29230211,-3.54330700,3.77952800
197.32430211,0.00000000,3.77952800
197.35630211,0.78740150,3.77952800
197.38830211,-3.54330700,3.77952800
197.42030211,-4.33070900,3.77952800
197.45230211,-2.36220500,3.77952800
197.48430211,-5.90551100,3.77952800
197.51630211,-5.90551100,3.77952800
197.54830211,-10.23622000,3.77952800
197.58030210,-7.87401500,3.70078700
197.61230210,-8.26771600,3.77952800
197.64430210,-9.05511800,3.77952800
197.67630210,-10.62992000,3.70078700
197.70830210,-1.18110200,3.77952800
197.74030210,-7.48031400,3.70078700
197.77230210,-5.90551100,3.77952800
197.80430210,-7.48031400,3.77952800
197.83630210,-1.96850400,3.77952800
197.86830210,-7.08661400,3.77952800
197.90030210,-1.57480300,3.77952800
197.93230209,-6.29921200,3.70078700
197.96430209,0.39370070,3.77952800
197.99630209,-6.69291300,3.77952800
198.02830209,-3.54330700,3.77952800
198.06030209,-1.18110200,3.77952800
198.09230209,1.57480300,3.77952800
198.12430209,-7.08661400,3.77952800
198.15630209,-0.39370070,3.70078700
198.18830209,-1.18110200,3.77952800
198.22030209,1.57480300,3.77952800
198.25230209,-3.54330700,3.70078700
198.28430208,4.33070900,3.77952800
198.31630208,1.18110200,3.77952800
198.34830208,5.51181100,3.77952800
198.38030208,-1.18110200,3.70078700
198.41230208,3.14960600,3.77952800
198.44430208,3.93700800,3.77952800
198.47630208,3.93700800,3.77952800
198.50830208,-0.78740150,3.70078700
198.54030208,4.72440900,3.77952800
198.57230208,1.96850400,3.77952800
198.60430208,1.57480300,3.70078700
198.63630207,1.96850400,3.77952800
198.66830207,2.75590500,3.77952800
198.70030207,3.14960600,3.77952800
198.73230207,1.18110200,3.77952800
198.76430207,0.39370070,3.77952800
198.79630207,0.39370070,3.77952800
198.82830207,2.75590500,3.77952800
198.86030207,-4.33070900,3.77952800
198.89230207,-0.39370070,3.77952800
198.92430207,0.00000000,3.77952800
198.95630207,-2.36220500,3.77952800
198.98830206,-6.29921200,3.77952800
199.02030206,-1.96850400,3.77952800
199.05230206,-5.11811000,3.70078700
199.08430206,-1.57480300,3.77952800
199.11630206,-9.05511800,3.77952800
199.14830206,-1.57480300,3.77952800
199.18030206,-1.96850400,3.70078700
199.21230206,-2.36220500,3.77952800
199.24430206,-6.69291300,3.77952800
199.27630206,3.54330700,3.77952800
199.30830206,-1.57480300,3.70078700
199.34030205,1.57480300,3.77952800
199.37230205,-2.36220500,3.70078700
199.40430205,5.90551100,3.77952800
199.43630205,0.39370070,3.77952800
199.46830205,3.54330700,3.77952800
199.50030205,-3.14960600,3.70078700
199.53230205,5.90551100,3.77952800
199.56430205,-0.39370070,3.77952800
199.59630205,0.39370070,3.77952800
199.62830205,-2.36220500,3.77952800
199.66030205,6.69291300,3.77952800
199.69230204,-1.57480300,3.77952800
199.72430204,2.36220500,3.77952800
199.75630204,1.96850400,3.77952800
199.78830204,4.72440900,3.77952800
199.82030204,1.57480300,3.70078700
199.85230204,5.11811000,3.77952800
199.88430204,5.51181100,3.77952800
199.91630204,8.26771600,3.77952800
199.94830204,4.33070900,3.77952800
199.98030204,3.54330700,3.77952800
200.01230204,5.51181100,3.77952800
200.04430203,5.51181100,3.77952800
200.07630203,1.57480300,3.77952800
200.10830203,1.96850400,3.77952800
200.14030203,2.36220500,3.77952800
200.17230203,-3.93700800,3.77952800
200.20430203,-1.96850400,3.77952800
200.23630203,-3.14960600,3.77952800
200.26830203,1.18110200,3.77952800
200.30030203,-1.96850400,3.77952800
200.33230203,-1.57480300,3.77952800
200.36430203,-3.93700800,3.77952800
200.39630202,1.57480300,3.77952800
200.42830202,-5.90551100,3.70078700
200.46030202,0.00000000,3.77952800
200.49230202,-2.75590500,3.70078700
200.52430202,1.96850400,3.77952800
200.55630202,-8.26771600,3.77952800
200.58830202,-0.39370070,3.77952800
200.62030202,-5.51181100,3.70078700
200.65230202,1.57480300,3.77952800
200.68430202,-3.93700800,3.70078700
200.71630202,-1.18110200,3.77952800
200.74830201,-3.14960600,3.77952800
200.78030201,3.54330700,3.77952800
200.81230201,-5.90551100,3.77952800
200.84430201,5.51181100,3.77952800
200.87630201,2.36220500,3.77952800
200.90830201,2.36220500,3.77952800
200.94030201,-2.36220500,3.77952800
200.97230201,5.51181100,3.77952800
201.00430201,2.75590500,3.77952800
201.03630201,3.54330700,3.77952800
201.06830201,-1.57480300,3.77952800
201.10030200,3.93700800,3.77952800
201.13230200,0.78740150,3.77952800
201.16430200,1.18110200,3.77952800
201.19630200,-0.39370070,3.77952800
201.22830200,6.69291300,3.77952800
201.26030200,2.36220500,3.77952800
201.29230200,0.78740150,3.77952800
201.32430200,3.54330700,3.70078700
201.35630200,5.51181100,3.77952800
201.38830200,4.33070900,3.77952800
201.42030200,3.54330700,3.77952800
201.45230199,4.33070900,3.77952800
201.48430199,0.78740150,3.77952800
201.51630199,-0.39370070,3.77952800
201.54830199,-5.11811000,3.77952800
201.58030199,0.00000000,3.77952800
201.61230199,-0.78740150,3.77952800
201.64430199,-2.75590500,3.77952800
201.67630199,-5.90551100,3.77952800
201.70830199,-0.78740150,3.70078700
201.74030199,-6.29921200,3.77952800
201.77230199,-1.57480300,3.70078700
201.80430198,-1.96850400,3.77952800
201.83630198,1.57480300,3.77952800
201.86830198,-5.11811000,3.77952800
201.90030198,1.57480300,3.77952800
201.93230198,-2.75590500,3.77952800
201.96430198,5.90551100,3.77952800
201.99630198,-1.18110200,3.77952800
202.02830198,1.57480300,3.77952800
202.06030198,-1.96850400,3.70078700
202.09230198,3.54330700,3.77952800
202.12430198,-5.11811000,3.77952800
202.15630197,3.54330700,3.77952800
202.18830197,0.78740150,3.77952800
202.22030197,3.54330700,3.77952800
202.25230197,-1.18110200,3.77952800
202.28430197,1.57480300,3.77952800
202.31630197,-0.39370070,3.70078700
202.34830197,8.26771600,3.77952800
202.38030197,0.00000000,3.70078700
202.41230197,5.51181100,3.77952800
202.44430197,4.33070900,3.77952800
202.47630197,3.93700800,3.77952800
202.50830197,1.57480300,3.77952800
202.54030196,7.87401500,3.77952800
202.57230196,4.33070900,3.77952800
202.60430196,5.11811000,3.77952800
202.63630196,0.78740150,3.77952800
202.66830196,2.36220500,3.77952800
202.70030196,3.93700800,3.77952800
202.73230196,1.57480300,3.77952800
202.76430196,1.57480300,3.77952800
202.79630196,2.36220500,3.77952800
202.82830196,2.36220500,3.77952800
202.86030196,-5.11811000,3.77952800
202.89230195,0.00000000,3.77952800
202.92430195,0.39370070,3.77952800
202.95630195,0.39370070,3.77952800
202.98830195,-2.36220500,3.77952800
203.02030195,0.39370070,3.77952800
203.05230195,-2.36220500,3.70078700
203.08430195,0.00000000,3.77952800
203.11630195,-7.87401500,3.70078700
203.14830195,0.78740150,3.77952800
203.18030195,-2.75590500,3.77952800
203.21230195,-2.36220500,3.77952800
203.24430194,-8.26771600,3.77952800
203.27630194,3.54330700,3.77952800
203.30830194,-2.75590500,3.77952800
203.34030194,1.96850400,3.70078700
203.37230194,-1.96850400,3.77952800
203.40430194,4.33070900,3.77952800
203.43630194,-2.36220500,3.77952800
203.46830194,3.93700800,3.77952800
203.50030194,-2.75590500,3.77952800
203.53230194,7.08661400,3.77952800
203.56430194,1.57480300,3.77952800
203.59630193,1.18110200,3.77952800
203.62830193,0.78740150,3.77952800
203.66030193,6.29921200,3.77952800
203.69230193,-3.14960600,3.70078700
203.72430193,3.14960600,3.77952800
203.75630193,0.00000000,3.77952800
203.78830193,3.54330700,3.77952800
203.82030193,0.39370070,3.77952800
203.85230193,3.14960600,3.77952800
203.88430193,4.33070900,3.77952800
203.91630193,8.26771600,3.77952800
203.94830192,3.54330700,3.77952800
203.98030192,3.54330700,3.70078700
204.01230192,7.08661400,3.77952800
204.04430192,4.33070900,3.77952800
204.07630192,2.36220500,3.70078700
204.10830192,3.14960600,3.77952800
204.14030192,3.93700800,3.77952800
204.17230192,-1.96850400,3.77952800
204.20430192,-0.78740150,3.77952800
204.23630192,-4.72440900,3.77952800
204.26830192,-0.39370070,3.77952800
204.30030191,-4.33070900,3.77952800
204.33230191,-4.72440900,3.77952800
204.36430191,-2.36220500,3.77952800
204.39630191,1.57480300,3.70078700
204.42830191,-5.51181100,3.70078700
204.46030191,0.78740150,3.70078700
204.49230191,-1.18110200,3.70078700
204.52430191,1.57480300,3.77952800
204.55630191,-5.90551100,3.77952800
204.58830191,1.57480300,3.77952800
204.62030191,-2.75590500,3.70078700
204.65230190,1.18110200,3.77952800
204.68430190,-3.93700800,3.77952800
204.71630190,1.96850400,3.77952800
204.74830190,-0.39370070,3.77952800
204.78030190,3.54330700,3.77952800
204.81230190,-5.90551100,3.77952800
204.84430190,4.33070900,3.77952800
204.87630190,2.36220500,3.77952800
204.90830190,2.75590500,3.77952800
204.94030190,-0.78740150,3.70078700
204.97230190,7.48031400,3.77952800
205.00430189,3.54330700,3.77952800
205.03630189,4.33070900,3.77952800
205.06830189,0.00000000,3.70078700
205.10030189,6.29921200,3.77952800
205.13230189,1.57480300,3.70078700
205.16430189,1.57480300,3.77952800
205.19630189,0.78740150,3.77952800
205.22830189,3.93700800,3.77952800
205.26030189,-0.78740150,3.77952800
205.29230189,1.57480300,3.77952800
205.32430189,2.36220500,3.70078700
205.35630188,1.96850400,3.77952800
205.38830188,1.18110200,3.77952800
205.42030188,-1.96850400,3.77952800
205.45230188,1.18110200,3.77952800
205.48430188,0.39370070,3.77952800
205.51630188,-0.78740150,3.70078700
205.54830188,-6.69291300,3.77952800
205.58030188,-1.96850400,3.77952800
205.61230188,-7.08661400,3.77952800
205.64430188,-7.08661400,3.77952800
205.67630188,-9.05511800,3.77952800
205.70830187,-2.75590500,3.77952800
205.74030187,-11.02362000,3.77952800
205.77230187,-8.66141700,3.77952800
205.80430187,-13.77953000,3.77952800
205.83630187,-3.54330700,3.77952800
205.86830187,-10.62992000,3.70078700
205.90030187,-5.11811000,3.77952800
205.93230187,-7.87401500,3.77952800
205.96430187,-2.36220500,3.70078700
205.99630187,-12.20472000,3.70078700
206.02830187,-2.75590500,3.77952800
206.06030186,-8.66141700,3.70078700
206.09230186,0.39370070,3.77952800
206.12430186,-8.66141700,3.70078700
206.15630186,-3.93700800,3.77952800
206.18830186,-10.62992000,3.70078700
206.22030186,-1.57480300,3.77952800
206.25230186,-11.02362000,3.77952800
206.28430186,-2.75590500,3.70078700
206.31630186,-4.33070900,3.77952800
206.34830186,-4.72440900,3.70078700
206.38030186,-11.81102000,3.70078700
206.41230185,-0.39370070,3.77952800
206.44430185,-3.93700800,3.77952800
206.47630185,-2.36220500,3.77952800
206.50830185,-3.93700800,3.70078700
206.54030185,-2.75590500,3.77952800
206.57230185,-5.51181100,3.70078700
206.60430185,-2.75590500,3.77952800
206.63630185,-6.29921200,3.77952800
206.66830185,-1.96850400,3.77952800
206.70030185,-2.75590500,3.77952800
206.73230185,-9.44881800,3.77952800
206.76430184,-7.87401500,3.77952800
206.79630184,-7.48031400,3.77952800
206.82830184,-7.87401500,3.77952800
206.86030184,-12.99213000,3.77952800
206.89230184,-9.05511800,3.77952800
206.92430184,-13.38583000,3.77952800
206.95630184,-10.23622000,3.70078700
206.98830184,-14.17323000,3.77952800
207.02030184,-8.26771600,3.70078700
207.05230184,-11.41732000,3.77952800
207.08430184,-10.62992000,3.77952800
207.11630183,-20.47244000,3.77952800
207.14830183,-9.44881800,3.77952800
207.18030183,-18.89764000,3.70078700
207.21230183,-10.62992000,3.77952800
207.24430183,-16.92913000,3.70078700
207.27630183,-10.62992000,3.77952800
207.30830183,-20.86614000,3.70078700
207.34030183,-11.02362000,3.77952800
207.37230183,-20.86614000,3.70078700
207.40430183,-7.08661400,3.77952800
207.43630183,-12.99213000,3.70078700
207.46830182,-11.81102000,3.77952800
207.50030182,-16.53543000,3.70078700
207.53230182,-3.54330700,3.77952800
207.56430182,-16.92913000,3.70078700
207.59630182,-7.87401500,3.77952800
207.62830182,-8.66141700,3.70078700
207.66030182,-8.66141700,3.70078700
207.69230182,-16.53543000,3.70078700
207.72430182,-9.44881800,3.77952800
207.75630182,-14.17323000,3.70078700
207.78830182,-7.48031400,3.70078700
207.82030181,-11.02362000,3.70078700
207.85230181,-11.41732000,3.77952800
207.88430181,-10.62992000,3.77952800
207.91630181,-7.87401500,3.77952800
207.94830181,-12.99213000,3.77952800
207.98030181,-7.48031400,3.70078700
208.01230181,-5.51181100,3.70078700
208.04430181,-9.44881800,3.77952800
208.07630181,-8.66141700,3.77952800
208.10830181,-8.26771600,3.77952800
208.14030181,-7.08661400,3.77952800
208.17230180,-11.02362000,3.77952800
208.20430180,-11.81102000,3.77952800
208.23630180,-14.17323000,3.77952800
208.26830180,-9.84251900,3.77952800
208.30030180,-16.53543000,3.77952800
208.33230180,-12.59842000,3.77952800
208.36430180,-12.20472000,3.70078700
208.39630180,-9.05511800,3.70078700
208.42830180,-16.92913000,3.77952800
208.46030180,-8.26771600,3.77952800
208.49230180,-12.59842000,3.77952800
208.52430179,-6.69291300,3.77952800
208.55630179,-13.77953000,3.70078700
208.58830179,-4.72440900,3.77952800
208.62030179,-10.23622000,3.70078700
208.65230179,-5.11811000,3.77952800
208.68430179,-12.99213000,3.70078700
208.71630179,-4.33070900,3.70078700
208.74830179,-10.23622000,3.70078700
208.78030179,-5.90551100,3.77952800
208.81230179,-14.56693000,3.70078700
208.84430179,-2.36220500,3.77952800
208.87630178,-9.44881800,3.70078700
208.90830178,-5.11811000,3.77952800
208.94030178,-5.90551100,3.70078700
208.97230178,-1.96850400,3.70078700
209.00430178,-5.90551100,3.77952800
209.03630178,-2.75590500,3.77952800
209.06830178,-7.87401500,3.70078700
209.10030178,1.18110200,3.77952800
209.13230178,-4.33070900,3.70078700
209.16430178,-4.33070900,3.77952800
209.19630178,-1.57480300,3.77952800
209.22830177,-0.78740150,3.77952800
209.26030177,-7.08661400,3.77952800
209.29230177,-3.14960600,3.77952800
209.32430177,-4.72440900,3.70078700
209.35630177,-3.54330700,3.77952800
209.38830177,-4.72440900,3.77952800
209.42030177,-7.48031400,3.77952800
209.45230177,-2.75590500,3.77952800
209.48430177,-5.11811000,3.77952800
209.51630177,-7.08661400,3.77952800
209.54830177,-8.26771600,3.77952800
209.58030177,-1.96850400,3.77952800
209.61230176,-9.44881800,3.77952800
209.64430176,-8.26771600,3.77952800
209.67630176,-9.44881800,3.77952800
209.70830176,-6.69291300,3.77952800
209.74030176,-12.59842000,3.77952800
209.77230176,-6.29921200,3.77952800
209.80430176,-13.38583000,3.77952800
209.83630176,-3.93700800,3.77952800
209.86830176,-15.74803000,3.77952800
209.90030176,-9.05511800,3.77952800
209.93230176,-11.02362000,3.77952800
209.96430175,-3.93700800,3.77952800
209.99630175,-13.77953000,3.70078700
210.02830175,-2.36220500,3.77952800
210.06030175,-10.62992000,3.70078700
210.09230175,-1.96850400,3.77952800
210.12430175,-8.66141700,3.77952800
210.15630175,-1.96850400,3.70078700
210.18830175,-5.11811000,3.77952800
210.22030175,-2.36220500,3.70078700
210.25230175,-12.20472000,3.70078700
210.28430175,-3.14960600,3.77952800
210.31630174,-5.51181100,3.77952800
210.34830174,-3.93700800,3.77952800
210.38030174,-11.02362000,3.70078700
210.41230174,0.39370070,3.77952800
210.44430174,-6.69291300,3.77952800
210.47630174,-4.33070900,3.77952800
210.50830174,-4.72440900,3.70078700
210.54030174,-0.39370070,3.77952800
210.57230174,-1.96850400,3.77952800
210.60430174,-0.78740150,3.77952800
210.63630174,-4.72440900,3.77952800
210.66830173,0.00000000,3.77952800
210.70030173,-1.96850400,3.77952800
210.73230173,-6.29921200,3.77952800
210.76430173,-2.75590500,3.77952800
210.79630173,-4.33070900,3.77952800
210.82830173,-7.87401500,3.77952800
210.86030173,-11.02362000,3.77952800
210.89230173,-7.48031400,3.77952800
210.92430173,-8.26771600,3.77952800
210.95630173,-8.66141700,3.77952800
210.98830173,-11.81102000,3.77952800
211.02030172,-9.05511800,3.77952800
211.05230172,-10.23622000,3.77952800
211.08430172,-6.69291300,3.77952800
211.11630172,-10.62992000,3.77952800
211.14830172,-0.39370070,3.77952800
211.18030172,-8.66141700,3.77952800
211.21230172,-7.48031400,3.77952800
211.24430172,-7.87401500,3.77952800
211.27630172,-3.93700800,3.77952800
211.30830172,-10.23622000,3.77952800
211.34030172,-3.14960600,3.77952800
211.37230171,-8.66141700,3.70078700
211.40430171,-2.36220500,3.70078700
211.43630171,-8.66141700,3.77952800
211.46830171,-3.93700800,3.70078700
211.50030171,-7.08661400,3.70078700
211.53230171,3.93700800,3.77952800
211.56430171,-7.48031400,3.70078700
211.59630171,-1.18110200,3.77952800
211.62830171,-1.57480300,3.77952800
211.66030171,0.39370070,3.77952800
211.69230171,-5.11811000,3.70078700
211.72430170,2.36220500,3.77952800
211.75630170,-5.51181100,3.70078700
211.78830170,0.78740150,3.77952800
211.82030170,-6.69291300,3.77952800
211.85230170,-2.36220500,3.77952800
211.88430170,0.78740150,3.77952800
211.91630170,-1.57480300,3.77952800
211.94830170,-5.90551100,3.70078700
211.98030170,0.00000000,3.70078700
212.01230170,-1.96850400,3.70078700
212.04430170,-1.96850400,3.77952800
212.07630169,-0.39370070,3.77952800
212.10830169,-1.57480300,3.77952800
212.14030169,-1.18110200,3.77952800
212.17230169,-6.69291300,3.77952800
212.20430169,-6.29921200,3.77952800
212.23630169,-6.69291300,3.77952800
212.26830169,-2.75590500,3.77952800
212.30030169,-11.41732000,3.77952800
212.33230169,-7.87401500,3.70078700
212.36430169,-10.23622000,3.70078700
212.39630169,-9.84251900,3.70078700
212.42830168,-14.56693000,3.77952800
212.46030168,-5.11811000,3.77952800
212.49230168,-11.41732000,3.70078700
212.52430168,-6.69291300,3.70078700
212.55630168,-10.23622000,3.70078700
212.58830168,-5.90551100,3.70078700
212.62030168,-4.33070900,3.77952800
212.65230168,-2.75590500,3.77952800
212.68430168,-8.26771600,3.77952800
212.71630168,0.78740150,3.70078700
212.74830168,-6.69291300,3.70078700
212.78030167,-3.54330700,3.77952800
212.81230167,-5.51181100,3.70078700
212.84430167,0.78740150,3.77952800
212.87630167,-5.11811000,3.77952800
212.90830167,-1.96850400,3.77952800
212.94030167,-5.51181100,3.77952800
212.97230167,0.00000000,3.77952800
213.00430167,-2.36220500,3.77952800
213.03630167,-0.39370070,3.77952800
213.06830167,-0.78740150,3.77952800
213.10030167,4.33070900,3.77952800
213.13230166,-0.39370070,3.77952800
213.16430166,0.78740150,3.77952800
213.19630166,5.11811000,3.77952800
213.22830166,4.72440900,3.77952800
213.26030166,1.57480300,3.77952800
213.29230166,3.14960600,3.77952800
213.32430166,1.96850400,3.77952800
213.35630166,3.14960600,3.77952800
213.38830166,1.18110200,3.77952800
213.42030166,0.00000000,3.77952800
213.45230166,3.54330700,3.77952800
213.48430165,-0.39370070,3.77952800
213.51630165,-2.75590500,3.77952800
213.54830165,-2.75590500,3.77952800
213.58030165,1.57480300,3.77952800
213.61230165,-3.54330700,3.77952800
213.64430165,-2.36220500,3.77952800
213.67630165,-2.75590500,3.77952800
213.70830165,0.39370070,3.77952800
213.74030165,-3.93700800,3.77952800
213.77230165,-1.57480300,3.77952800
213.80430165,-5.51181100,3.77952800
213.83630164,1.96850400,3.77952800
213.86830164,-5.90551100,3.70078700
213.90030164,-4.33070900,3.70078700
213.93230164,-3.14960600,3.77952800
213.96430164,0.39370070,3.77952800
213.99630164,-5.90551100,3.77952800
214.02830164,1.96850400,3.70078700
214.06030164,-3.14960600,3.77952800
214.09230164,3.14960600,3.77952800
214.12430164,-2.36220500,3.77952800
214.15630164,3.54330700,3.77952800
214.18830163,1.18110200,3.70078700
214.22030163,5.51181100,3.77952800
214.25230163,-3.54330700,3.77952800
214.28430163,5.90551100,3.77952800
214.31630163,3.14960600,3.70078700
214.34830163,0.78740150,3.77952800
214.38030163,-1.57480300,3.77952800
214.41230163,5.11811000,3.77952800
214.44430163,-0.78740150,3.70078700
214.47630163,2.36220500,3.77952800
214.50830163,0.78740150,3.77952800
214.54030162,4.33070900,3.77952800
214.57230162,4.33070900,3.77952800
214.60430162,3.93700800,3.77952800
214.63630162,2.75590500,3.77952800
214.66830162,8.26771600,3.77952800
214.70030162,4.72440900,3.77952800
214.73230162,1.57480300,3.77952800
214.76430162,5.11811000,3.77952800
214.79630162,2.75590500,3.77952800
214.82830162,1.18110200,3.77952800
214.86030162,-1.18110200,3.77952800
214.89230161,-0.39370070,3.77952800
214.92430161,-3.54330700,3.77952800
214.95630161,-2.75590500,3.77952800
214.98830161,-7.48031400,3.77952800
215.02030161,-1.18110200,3.77952800
215.05230161,-2.36220500,3.77952800
215.08430161,-4.33070900,3.77952800
215.11630161,-5.90551100,3.77952800
215.14830161,3.14960600,3.70078700
215.18030161,-5.90551100,3.77952800
215.21230161,1.57480300,3.77952800
215.24430160,-1.96850400,3.77952800
215.27630160,1.57480300,3.70078700
215.30830160,-5.11811000,3.70078700
215.34030160,-0.39370070,3.77952800
215.37230160,-5.51181100,3.70078700
215.40430160,5.51181100,3.77952800
215.43630160,-2.75590500,3.70078700
215.46830160,-0.39370070,3.77952800
215.50030160,-3.14960600,3.77952800
215.53230160,3.14960600,3.77952800
215.56430160,-5.90551100,3.70078700
215.59630159,3.93700800,3.77952800
215.62830159,0.39370070,3.70078700
215.66030159,4.72440900,3.77952800
215.69230159,1.18110200,3.77952800
215.72430159,2.75590500,3.77952800
215.75630159,2.36220500,3.77952800
215.78830159,6.69291300,3.77952800
215.82030159,-0.78740150,3.70078700
215.85230159,3.93700800,3.77952800
215.88430159,3.93700800,3.77952800
215.91630159,1.57480300,3.77952800
215.94830158,0.39370070,3.77952800
215.98030158,5.51181100,3.77952800
216.01230158,3.54330700,3.77952800
216.04430158,1.18110200,3.77952800
216.07630158,1.18110200,3.70078700
216.10830158,0.39370070,3.77952800
216.14030158,5.11811000,3.77952800
216.17230158,1.18110200,3.77952800
216.20430158,1.96850400,3.77952800
216.23630158,1.18110200,3.77952800
216.26830158,0.78740150,3.77952800
216.30030157,-5.11811000,3.77952800
216.33230157,0.00000000,3.77952800
216.36430157,-0.78740150,3.77952800
216.39630157,-0.78740150,3.77952800
216.42830157,-5.90551100,3.77952800
216.46030157,-2.36220500,3.77952800
216.49230157,-4.72440900,3.77952800
216.52430157,0.78740150,3.77952800
216.55630157,-6.29921200,3.77952800
216.58830157,1.57480300,3.77952800
216.62030157,-0.39370070,3.70078700
216.65230157,-0.78740150,3.77952800
216.68430156,-7.08661400,3.77952800
216.71630156,7.08661400,3.70078700
216.74830156,2.75590500,3.77952800
216.78030156,3.14960600,3.77952800
216.81230156,-0.39370070,3.77952800
216.84430156,4.33070900,3.77952800
216.87630156,1.18110200,3.77952800
216.90830156,3.14960600,3.77952800
216.94030156,-2.36220500,3.77952800
216.97230156,7.48031400,3.77952800
217.00430156,-0.78740150,3.77952800
217.03630155,0.00000000,3.77952800
217.06830155,0.00000000,3.70078700
217.10030155,7.08661400,3.77952800
217.13230155,1.18110200,3.70078700
217.16430155,5.11811000,3.77952800
217.19630155,5.51181100,3.77952800
217.22830155,4.72440900,3.77952800
217.26030155,3.54330700,3.77952800
217.29230155,5.11811000,3.77952800
217.32430155,6.69291300,3.77952800
217.35630155,8.26771600,3.77952800
217.38830154,1.96850400,3.77952800
217.42030154,1.57480300,3.77952800
217.45230154,5.51181100,3.77952800
217.48430154,-0.78740150,3.77952800
217.51630154,-1.18110200,3.77952800
217.54830154,-2.36220500,3.77952800
217.58030154,-1.18110200,3.77952800
217.61230154,-4.72440900,3.77952800
217.64430154,-2.36220500,3.77952800
217.67630154,-3.93700800,3.77952800
217.70830154,2.75590500,3.77952800
217.74030153,-2.36220500,3.77952800
217.77230153,-3.14960600,3.77952800
217.80430153,-4.72440900,3.77952800
217.83630153,2.75590500,3.77952800
217.86830153,-6.29921200,3.77952800
217.90030153,1.18110200,3.77952800
217.93230153,-1.57480300,3.77952800
217.96430153,0.39370070,3.77952800
217.99630153,-6.29921200,3.77952800
218.02830153,0.39370070,3.77952800
218.06030153,-5.51181100,3.77952800
218.09230152,3.54330700,3.77952800
218.12430152,-3.93700800,3.77952800
218.15630152,1.18110200,3.70078700
218.18830152,0.00000000,3.70078700
218.22030152,4.33070900,3.77952800
218.25230152,-2.36220500,3.77952800
218.28430152,7.48031400,3.77952800
218.31630152,0.39370070,3.77952800
218.34830152,2.75590500,3.77952800
218.38030152,-0.78740150,3.77952800
218.41230152,3.93700800,3.77952800
218.44430151,1.57480300,3.77952800
218.47630151,3.93700800,3.77952800
218.50830151,-0.39370070,3.70078700
218.54030151,3.93700800,3.77952800
218.57230151,2.36220500,3.77952800
218.60430151,0.00000000,3.77952800
218.63630151,1.96850400,3.70078700
218.66830151,6.29921200,3.77952800
218.70030151,3.54330700,3.77952800
218.73230151,1.96850400,3.77952800
218.76430151,5.11811000,3.77952800
218.79630150,2.36220500,3.77952800
218.82830150,2.75590500,3.77952800
218.86030150,-1.96850400,3.77952800
218.89230150,-0.78740150,3.77952800
218.92430150,-1.18110200,3.77952800
218.95630150,-2.36220500,3.77952800
218.98830150,-7.08661400,3.77952800
219.02030150,-1.57480300,3.77952800
219.05230150,-3.93700800,3.77952800
219.08430150,-3.54330700,3.77952800
219.11630150,-5.11811000,3.77952800
219.14830149,0.39370070,3.77952800
219.18030149,-7.87401500,3.70078700
219.21230149,0.00000000,3.77952800
219.24430149,-6.69291300,3.77952800
219.27630149,3.54330700,3.77952800
219.30830149,0.78740150,3.70078700
219.34030149,-0.78740150,3.77952800
219.37230149,-0.78740150,3.77952800
219.40430149,5.90551100,3.77952800
219.43630149,-4.72440900,3.70078700
219.46830149,1.96850400,3.77952800
219.50030148,-1.96850400,3.77952800
219.53230148,3.54330700,3.77952800
219.56430148,-2.75590500,3.70078700
219.59630148,2.36220500,3.77952800
219.62830148,-0.78740150,3.70078700
219.66030148,5.90551100,3.77952800
219.69230148,-0.78740150,3.77952800
219.72430148,2.75590500,3.77952800
219.75630148,3.14960600,3.77952800
219.78830148,5.11811000,3.77952800
219.82030148,-2.36220500,3.77952800
219.85230147,6.69291300,3.77952800
219.88430147,6.29921200,3.70078700
219.91630147,4.72440900,3.77952800
219.94830147,3.14960600,3.77952800
219.98030147,3.14960600,3.77952800
220.01230147,3.54330700,3.77952800
220.04430147,3.14960600,3.77952800
220.07630147,1.57480300,3.77952800
220.10830147,0.78740150,3.77952800
220.14030147,4.72440900,3.77952800
220.17230147,-3.93700800,3.77952800
220.20430146,-1.96850400,3.77952800
220.23630146,-1.18110200,3.77952800
220.26830146,-1.18110200,3.77952800
220.30030146,-6.69291300,3.77952800
220.33230146,-0.78740150,3.77952800
220.36430146,-6.69291300,3.77952800
220.39630146,-1.57480300,3.77952800
220.42830146,-7.87401500,3.70078700
220.46030146,-5.51181100,3.77952800
220.49230146,-8.66141700,3.77952800
220.52430146,-2.36220500,3.77952800
220.55630145,-16.14173000,3.77952800
220.58830145,-3.93700800,3.77952800
220.62030145,-8.66141700,3.70078700
220.65230145,-6.69291300,3.77952800
220.68430145,-12.59842000,3.77952800
220.71630145,-0.78740150,3.77952800
220.74830145,-12.99213000,3.70078700
220.78030145,-0.78740150,3.77952800
220.81230145,-8.66141700,3.77952800
220.84430145,-1.96850400,3.70078700
220.87630145,-7.08661400,3.77952800
220.90830144,-2.75590500,3.77952800
220.94030144,-12.59842000,3.70078700
220.97230144,0.78740150,3.70078700
221.00430144,-6.69291300,3.77952800
221.03630144,-5.11811000,3.77952800
221.06830144,-7.08661400,3.70078700
221.10030144,-3.54330700,3.70078700
221.13230144,-11.02362000,3.70078700
221.16430144,-5.90551100,3.77952800
221.19630144,-6.29921200,3.77952800
221.22830144,-1.96850400,3.77952800
221.26030143,-4.72440900,3.70078700
221.29230143,-5.11811000,3.77952800
221.32430143,-4.72440900,3.77952800
221.35630143,-1.96850400,3.70078700
221.38830143,-5.90551100,3.77952800
221.42030143,-5.11811000,3.77952800
221.45230143,-2.36220500,3.70078700
221.48430143,-9.44881800,3.77952800
221.51630143,-8.66141700,3.70078700
221.54830143,-12.59842000,3.77952800
221.58030143,-10.23622000,3.77952800
221.61230142,-12.20472000,3.77952800
221.64430142,-11.81102000,3.77952800
221.67630142,-16.92913000,3.70078700
221.70830142,-9.05511800,3.77952800
221.74030142,-14.96063000,3.70078700
221.77230142,-12.59842000,3.77952800
221.80430142,-13.77953000,3.70078700
221.83630142,-5.90551100,3.77952800
221.86830142,-18.50394000,3.70078700
221.90030142,-8.26771600,3.77952800
221.93230142,-13.38583000,3.70078700
221.96430141,-8.66141700,3.77952800
221.99630141,-16.14173000,3.70078700
222.02830141,-8.66141700,3.70078700
222.06030141,-16.92913000,3.70078700
222.09230141,-6.69291300,3.77952800
222.12430141,-17.71653000,3.70078700
222.15630141,-10.23622000,3.70078700
222.18830141,-12.59842000,3.70078700
222.22030141,-7.08661400,3.77952800
222.25230141,-18.11024000,3.70078700
222.28430141,-6.69291300,3.70078700
222.31630140,-10.62992000,3.70078700
222.34830140,-7.08661400,3.77952800
222.38030140,-11.41732000,3.70078700
222.41230140,-5.11811000,3.70078700
222.44430140,-9.84251900,3.70078700
222.47630140,-7.08661400,3.77952800
222.50830140,-11.81102000,3.70078700
222.54030140,-5.51181100,3.70078700
222.57230140,-8.26771600,3.77952800
222.60430140,-9.84251900,3.77952800
222.63630140,-11.02362000,3.70078700
222.66830139,-8.26771600,3.77952800
222.70030139,-9.84251900,3.77952800
222.73230139,-9.05511800,3.77952800
222.76430139,-8.26771600,3.77952800
222.79630139,-9.05511800,3.77952800
222.82830139,-7.87401500,3.77952800
222.86030139,-15.35433000,3.77952800
222.89230139,-12.20472000,3.70078700
222.92430139,-11.41732000,3.77952800
222.95630139,-11.41732000,3.77952800
222.98830139,-16.92913000,3.77952800
223.02030138,-10.62992000,3.77952800
223.05230138,-16.14173000,3.70078700
223.08430138,-15.74803000,3.70078700
223.11630138,-17.32283000,3.70078700
223.14830138,-12.59842000,3.70078700
223.18030138,-16.53543000,3.77952800
223.21230138,-11.81102000,3.77952800
223.24430138,-16.92913000,3.70078700
223.27630138,-7.87401500,3.77952800
223.30830138,-12.20472000,3.70078700
223.34030138,-9.05511800,3.77952800
223.37230137,-13.77953000,3.70078700
223.40430137,-2.75590500,3.77952800
223.43630137,-12.59842000,3.70078700
223.46830137,-5.11811000,3.77952800
223.50030137,-7.87401500,3.77952800
223.53230137,-3.54330700,3.77952800
223.56430137,-10.23622000,3.70078700
223.59630137,-6.29921200,3.70078700
223.62830137,-11.41732000,3.70078700
223.66030137,-1.57480300,3.77952800
223.69230137,-10.23622000,3.70078700
223.72430136,-6.69291300,3.77952800
223.75630136,-3.54330700,3.77952800
223.78830136,-3.54330700,3.77952800
223.82030136,-8.26771600,3.77952800
223.85230136,-1.57480300,3.77952800
223.88430136,-4.33070900,3.77952800
223.91630136,-0.39370070,3.77952800
223.94830136,-3.93700800,3.77952800
223.98030136,-3.54330700,3.70078700
224.01230136,-0.78740150,3.77952800
224.04430136,-2.75590500,3.77952800
224.07630136,-5.90551100,3.70078700
224.10830135,-3.93700800,3.77952800
224.14030135,-1.57480300,3.77952800
224.17230135,-9.84251900,3.77952800
224.20430135,-7.87401500,3.70078700
224.23630135,-9.44881800,3.77952800
224.26830135,-8.66141700,3.77952800
224.30030135,-11.81102000,3.77952800
224.33230135,-7.08661400,3.77952800
224.36430135,-10.23622000,3.77952800
224.39630135,-2.75590500,3.77952800
224.42830135,-11.81102000,3.77952800
224.46030134,-7.48031400,3.77952800
224.49230134,-8.26771600,3.70078700
224.52430134,-5.90551100,3.77952800
224.55630134,-14.17323000,3.70078700
224.58830134,-3.93700800,3.77952800
224.62030134,-13.77953000,3.70078700
224.65230134,-5.90551100,3.70078700
224.68430134,-13.77953000,3.77952800
224.71630134,-4.72440900,3.77952800
224.74830134,-7.87401500,3.70078700
224.78030134,-3.93700800,3.70078700
224.81230133,-14.96063000,3.77952800
224.84430133,-1.96850400,3.70078700
224.87630133,-10.62992000,3.70078700
224.90830133,-2.36220500,3.77952800
224.94030133,-7.87401500,3.70078700
224.97230133,1.57480300,3.77952800
225.00430133,-5.51181100,3.77952800
225.03630133,-4.33070900,3.70078700
225.06830133,-8.26771600,3.70078700
225.10030133,-1.96850400,3.77952800
225.13230133,-6.29921200,3.77952800
225.16430132,-3.93700800,3.77952800
225.19630132,-7.48031400,3.70078700
225.22830132,-1.96850400,3.77952800
225.26030132,-5.11811000,3.70078700
225.29230132,-5.90551100,3.77952800
225.32430132,-2.36220500,3.77952800
225.35630132,-0.39370070,3.77952800
225.38830132,-5.51181100,3.77952800
225.42030132,-4.33070900,3.77952800
225.45230132,-1.57480300,3.70078700
225.48430132,-3.54330700,3.77952800
225.51630131,-3.14960600,3.70078700
225.54830131,-8.26771600,3.77952800
225.58030131,-5.90551100,3.77952800
225.61230131,-9.44881800,3.77952800
225.64430131,-11.02362000,3.77952800
225.67630131,-11.81102000,3.77952800
225.70830131,-3.54330700,3.77952800
225.74030131,-11.41732000,3.77952800
225.77230131,-10.23622000,3.70078700
225.80430131,-10.23622000,3.70078700
225.83630131,-6.29921200,3.77952800
225.86830130,-11.41732000,3.77952800
225.90030130,-2.75590500,3.77952800
225.93230130,-11.41732000,3.77952800
225.96430130,-0.78740150,3.77952800
225.99630130,-10.62992000,3.77952800
226.02830130,-5.51181100,3.70078700
226.06030130,-5.11811000,3.77952800
226.09230130,0.00000000,3.77952800
226.12430130,-12.20472000,3.70078700
226.15630130,-1.96850400,3.70078700
226.18830130,-10.23622000,3.70078700
226.22030129,-3.93700800,3.77952800
226.25230129,-7.87401500,3.70078700
226.28430129,-2.36220500,3.77952800
226.31630129,-3.93700800,3.77952800
226.34830129,-1.18110200,3.77952800
226.38030129,-8.66141700,3.77952800
226.41230129,0.00000000,3.70078700
226.44430129,0.00000000,3.70078700
226.47630129,0.78740150,3.77952800
226.50830129,-2.75590500,3.70078700
226.54030129,2.36220500,3.77952800
226.57230128,-2.36220500,3.70078700
226.60430128,0.00000000,3.77952800
226.63630128,-1.18110200,3.70078700
226.66830128,0.78740150,3.77952800
226.70030128,0.78740150,3.77952800
226.73230128,-2.36220500,3.77952800
226.76430128,-4.72440900,3.77952800
226.79630128,-1.96850400,3.77952800
226.82830128,-0.39370070,3.77952800
226.86030128,-6.69291300,3.77952800
226.89230128,-3.14960600,3.77952800
226.92430127,-4.72440900,3.77952800
226.95630127,-6.69291300,3.77952800
226.98830127,-9.84251900,3.70078700
227.02030127,-2.36220500,3.77952800
227.05230127,-7.48031400,3.77952800
227.08430127,-3.93700800,3.77952800
227.11630127,-12.59842000,3.70078700
227.14830127,-6.29921200,3.70078700
227.18030127,-9.84251900,3.70078700
227.21230127,-6.69291300,3.77952800
227.24430127,-14.96063000,3.70078700
227.27630126,-1.57480300,3.77952800
227.30830126,-13.77953000,3.77952800
227.34030126,-8.26771600,3.77952800
227.37230126,-11.02362000,3.70078700
227.40430126,-1.57480300,3.70078700
227.43630126,-7.08661400,3.70078700
227.46830126,-1.96850400,3.77952800
227.50030126,-10.62992000,3.70078700
227.53230126,0.39370070,3.77952800
227.56430126,-7.87401500,3.70078700
227.59630126,-3.93700800,3.77952800
227.62830125,-3.14960600,3.70078700
227.66030125,0.78740150,3.77952800
227.69230125,-7.08661400,3.70078700
227.72430125,-3.54330700,3.77952800
227.75630125,-2.36220500,3.70078700
227.78830125,-1.57480300,3.77952800
227.82030125,-4.72440900,3.70078700
227.85230125,-0.39370070,3.77952800
227.88430125,-2.36220500,3.77952800
227.91630125,0.78740150,3.77952800
227.94830125,-1.96850400,3.77952800
227.98030124,0.39370070,3.77952800
228.01230124,4.33070900,3.77952800
228.04430124,2.75590500,3.77952800
228.07630124,-0.39370070,3.77952800
228.10830124,1.96850400,3.77952800
228.14030124,2.36220500,3.77952800
228.17230124,-3.54330700,3.77952800
228.20430124,-1.96850400,3.70078700
228.23630124,-4.33070900,3.77952800
228.26830124,-1.96850400,3.77952800
228.30030124,-5.51181100,3.77952800
228.33230123,-5.11811000,3.70078700
228.36430123,-3.93700800,3.77952800
228.39630123,1.96850400,3.77952800
228.42830123,-5.90551100,3.77952800
228.46030123,-1.96850400,3.77952800
228.49230123,-2.36220500,3.77952800
228.52430123,0.78740150,3.77952800
228.55630123,-7.48031400,3.77952800
228.58830123,3.93700800,3.77952800
228.62030123,-2.75590500,3.70078700
228.65230123,1.96850400,3.77952800
228.68430122,-3.54330700,3.77952800
228.71630122,0.00000000,3.77952800
228.74830122,-2.36220500,3.77952800
228.78030122,1.57480300,3.77952800
228.81230122,-7.48031400,3.77952800
228.84430122,5.11811000,3.70078700
228.87630122,0.00000000,3.77952800
228.90830122,1.18110200,3.77952800
228.94030122,1.57480300,3.77952800
228.97230122,5.51181100,3.77952800
229.00430122,0.78740150,3.77952800
229.03630121,5.90551100,3.77952800
229.06830121,1.57480300,3.70078700
229.10030121,7.48031400,3.77952800
229.13230121,3.54330700,3.77952800
229.16430121,3.93700800,3.77952800
229.19630121,2.75590500,3.70078700
229.22830121,7.87401500,3.77952800
229.26030121,2.36220500,3.77952800
229.29230121,1.57480300,3.77952800
229.32430121,3.93700800,3.77952800
229.35630121,3.93700800,3.77952800
229.38830120,2.36220500,3.77952800
229.42030120,4.33070900,3.77952800
229.45230120,5.51181100,3.77952800
229.48430120,4.33070900,3.77952800
229.51630120,3.54330700,3.77952800
229.54830120,-1.18110200,3.77952800
229.58030120,3.54330700,3.77952800
229.61230120,0.39370070,3.77952800
229.64430120,-1.57480300,3.77952800
229.67630120,-2.36220500,3.70078700
229.70830120,1.57480300,3.77952800
229.74030119,-6.29921200,3.77952800
229.77230119,-0.78740150,3.77952800
229.80430119,-3.14960600,3.70078700
229.83630119,-0.39370070,3.77952800
229.86830119,-4.72440900,3.70078700
229.90030119,-1.96850400,3.77952800
229.93230119,-5.51181100,3.77952800
229.96430119,5.11811000,3.77952800
229.99630119,0.00000000,3.70078700
230.02830119,1.18110200,3.77952800
230.06030119,2.75590500,3.70078700
230.09230118,5.11811000,3.70078700
230.12430118,0.00000000,3.77952800
230.15630118,5.90551100,3.77952800
230.18830118,1.18110200,3.70078700
230.22030118,7.08661400,3.77952800
230.25230118,-0.39370070,3.70078700
230.28430118,3.93700800,3.77952800
230.31630118,1.96850400,3.70078700
230.34830118,5.90551100,3.77952800
230.38030118,-1.57480300,3.77952800
230.41230118,6.29921200,3.77952800
230.44430117,5.11811000,3.77952800
230.47630117,2.36220500,3.77952800
230.50830117,2.75590500,3.70078700
230.54030117,9.84251900,3.77952800
230.57230117,7.08661400,3.77952800
230.60430117,7.48031400,3.77952800
230.63630117,5.51181100,3.77952800
230.66830117,7.48031400,3.77952800
230.70030117,6.29921200,3.77952800
230.73230117,3.93700800,3.77952800
230.76430117,4.72440900,3.77952800
230.79630116,5.90551100,3.77952800
230.82830116,3.93700800,3.77952800
230.86030116,-3.14960600,3.70078700
230.89230116,2.75590500,3.77952800
230.92430116,1.57480300,3.77952800
230.95630116,0.78740150,3.77952800
230.98830116,-0.78740150,3.77952800
231.02030116,1.96850400,3.77952800
231.05230116,-1.18110200,3.77952800
231.08430116,2.36220500,3.77952800
231.11630116,-0.39370070,3.70078700
231.14830116,3.93700800,3.77952800
231.18030115,2.36220500,3.77952800
231.21230115,1.18110200,3.77952800
231.24430115,-5.11811000,3.70078700
231.27630115,5.90551100,3.70078700
231.30830115,-2.36220500,3.77952800
231.34030115,3.14960600,3.77952800
231.37230115,2.75590500,3.77952800
231.40430115,4.72440900,3.77952800
231.43630115,-1.96850400,3.70078700
231.46830115,4.72440900,3.77952800
231.50030115,0.78740150,3.77952800
231.53230114,9.84251900,3.70078700
231.56430114,1.96850400,3.70078700
231.59630114,5.11811000,3.77952800
231.62830114,4.33070900,3.77952800
231.66030114,9.44881800,3.77952800
231.69230114,2.36220500,3.70078700
231.72430114,8.66141700,3.77952800
231.75630114,5.11811000,3.70078700
231.78830114,6.29921200,3.77952800
231.82030114,3.93700800,3.77952800
231.85230114,3.93700800,3.70078700
231.88430113,5.11811000,3.70078700
231.91630113,9.05511800,3.77952800
231.94830113,3.93700800,3.77952800
231.98030113,6.69291300,3.77952800
232.01230113,7.87401500,3.77952800
232.04430113,6.69291300,3.77952800
232.07630113,5.11811000,3.77952800
232.10830113,9.05511800,3.77952800
232.14030113,7.87401500,3.77952800
232.17230113,2.36220500,3.77952800
232.20430113,3.93700800,3.77952800
232.23630112,1.18110200,3.77952800
232.26830112,4.33070900,3.77952800
232.30030112,0.00000000,3.77952800
232.33230112,-1.57480300,3.77952800
232.36430112,-1.18110200,3.77952800
232.39630112,1.18110200,3.77952800
232.42830112,-4.72440900,3.70078700
232.46030112,2.36220500,3.77952800
232.49230112,-0.78740150,3.77952800
232.52430112,2.36220500,3.77952800
232.55630112,-2.36220500,3.77952800
232.58830111,2.36220500,3.70078700
232.62030111,0.00000000,3.77952800
232.65230111,5.51181100,3.77952800
232.68430111,-0.78740150,3.70078700
232.71630111,5.51181100,3.77952800
232.74830111,0.39370070,3.70078700
232.78030111,3.93700800,3.77952800
232.81230111,-1.96850400,3.77952800
232.84430111,6.29921200,3.77952800
232.87630111,1.96850400,3.77952800
232.90830111,2.75590500,3.77952800
232.94030110,0.78740150,3.77952800
232.97230110,5.51181100,3.77952800
233.00430110,2.36220500,3.70078700
233.03630110,5.90551100,3.77952800
233.06830110,-0.39370070,3.70078700
233.10030110,11.41732000,3.77952800
233.13230110,4.33070900,3.70078700
233.16430110,6.69291300,3.77952800
233.19630110,6.29921200,3.77952800
233.22830110,11.02362000,3.77952800
233.26030110,3.93700800,3.77952800
233.29230109,5.90551100,3.77952800
233.32430109,8.26771600,3.77952800
233.35630109,6.29921200,3.77952800
233.38830109,3.93700800,3.77952800
233.42030109,4.33070900,3.77952800
233.45230109,4.33070900,3.77952800
233.48430109,3.93700800,3.77952800
233.51630109,1.57480300,3.77952800
233.54830109,-2.36220500,3.77952800
233.58030109,7.87401500,3.77952800
233.61230109,-0.39370070,3.77952800
233.64430108,-0.39370070,3.77952800
233.67630108,1.96850400,3.77952800
233.70830108,3.54330700,3.77952800
233.74030108,-4.33070900,3.77952800
233.77230108,0.39370070,3.77952800
233.80430108,-3.54330700,3.77952800
233.83630108,1.18110200,3.77952800
233.86830108,-3.54330700,3.77952800
233.90030108,-1.18110200,3.77952800
233.93230108,-3.54330700,3.70078700
233.96430108,3.93700800,3.77952800
233.99630107,-8.26771600,3.70078700
234.02830107,1.18110200,3.77952800
234.06030107,0.39370070,3.70078700
234.09230107,4.72440900,3.77952800
234.12430107,-1.96850400,3.77952800
234.15630107,5.90551100,3.77952800
234.18830107,0.39370070,3.77952800
234.22030107,6.29921200,3.77952800
234.25230107,-1.57480300,3.70078700
234.28430107,5.11811000,3.77952800
234.31630107,1.18110200,3.70078700
234.34830106,5.90551100,3.77952800
234.38030106,-3.93700800,3.70078700
234.41230106,2.75590500,3.77952800
234.44430106,3.54330700,3.77952800
234.47630106,1.18110200,3.77952800
234.50830106,1.96850400,3.70078700
234.54030106,6.69291300,3.77952800
234.57230106,3.93700800,3.70078700
234.60430106,4.33070900,3.77952800
234.63630106,3.14960600,3.77952800
234.66830106,5.90551100,3.70078700
234.70030105,7.48031400,3.77952800
234.73230105,3.54330700,3.77952800
234.76430105,4.33070900,3.77952800
234.79630105,5.90551100,3.77952800
234.82830105,2.36220500,3.77952800
234.86030105,-2.75590500,3.77952800
234.89230105,1.96850400,3.77952800
234.92430105,-1.96850400,3.77952800
234.95630105,-3.93700800,3.77952800
234.98830105,-1.96850400,3.77952800
235.02030105,-2.36220500,3.77952800
235.05230104,-2.75590500,3.77952800
235.08430104,1.96850400,3.77952800
235.11630104,-7.48031400,3.77952800
235.14830104,3.54330700,3.77952800
235.18030104,-5.90551100,3.77952800
235.21230104,-1.18110200,3.77952800
235.24430104,-7.87401500,3.70078700
235.27630104,5.51181100,3.77952800
235.30830104,-5.11811000,3.77952800
235.34030104,-3.54330700,3.77952800
235.37230104,-7.48031400,3.70078700
235.40430103,1.96850400,3.77952800
235.43630103,-10.23622000,3.70078700
235.46830103,0.00000000,3.77952800
235.50030103,-8.26771600,3.70078700
235.53230103,0.78740150,3.77952800
235.56430103,-7.87401500,3.70078700
235.59630103,-1.57480300,3.77952800
235.62830103,-2.36220500,3.77952800
235.66030103,7.08661400,3.77952800
235.69230103,-5.51181100,3.70078700
235.72430103,-0.39370070,3.77952800
235.75630102,-2.36220500,3.77952800
235.78830102,0.78740150,3.77952800
235.82030102,-3.93700800,3.70078700
235.85230102,0.00000000,3.70078700
235.88430102,-1.18110200,3.77952800
235.91630102,-1.96850400,3.77952800
235.94830102,-7.08661400,3.70078700
235.98030102,-2.36220500,3.77952800
236.01230102,0.00000000,3.77952800
236.04430102,-3.54330700,3.77952800
236.07630102,-4.33070900,3.70078700
236.10830101,-1.96850400,3.77952800
236.14030101,-1.96850400,3.77952800
236.17230101,-5.11811000,3.77952800
236.20430101,-2.36220500,3.77952800
236.23630101,-6.69291300,3.77952800
236.26830101,-5.90551100,3.77952800
236.30030101,-13.77953000,3.77952800
236.33230101,-9.84251900,3.70078700
236.36430101,-11.02362000,3.70078700
236.39630101,-5.51181100,3.70078700
236.42830101,-15.74803000,3.77952800
236.46030100,-9.44881800,3.70078700
236.49230100,-15.74803000,3.77952800
236.52430100,-9.44881800,3.77952800
236.55630100,-21.25984000,3.70078700
236.58830100,-5.90551100,3.77952800
236.62030100,-12.99213000,3.70078700
236.65230100,-8.66141700,3.77952800
236.68430100,-16.53543000,3.70078700
236.71630100,-5.90551100,3.77952800
236.74830100,-11.02362000,3.70078700
236.78030100,-5.11811000,3.70078700
236.81230099,-11.81102000,3.70078700
236.84430099,-4.33070900,3.70078700
236.87630099,-13.77953000,3.70078700
236.90830099,-8.26771600,3.77952800
236.94030099,-14.56693000,3.70078700
236.97230099,-3.93700800,3.77952800
237.00430099,-9.84251900,3.70078700
237.03630099,-9.84251900,3.70078700
237.06830099,-13.77953000,3.70078700
237.10030099,-4.33070900,3.77952800
237.13230099,-11.02362000,3.70078700
237.16430098,-7.87401500,3.77952800
237.19630098,-5.11811000,3.70078700
237.22830098,-3.54330700,3.77952800
237.26030098,-11.02362000,3.70078700
237.29230098,-5.51181100,3.77952800
237.32430098,-5.11811000,3.70078700
237.35630098,-3.54330700,3.77952800
237.38830098,-9.44881800,3.70078700
237.42030098,-10.62992000,3.77952800
237.45230098,-9.05511800,3.77952800
237.48430098,-11.02362000,3.77952800
237.51630097,-12.99213000,3.70078700
237.54830097,-14.56693000,3.70078700
237.58030097,-9.05511800,3.77952800
237.61230097,-16.92913000,3.77952800
237.64430097,-14.56693000,3.77952800
237.67630097,-15.35433000,3.77952800
237.70830097,-9.84251900,3.77952800
237.74030097,-17.32283000,3.77952800
237.77230097,-12.99213000,3.77952800
237.80430097,-19.29134000,3.70078700
237.83630097,-10.62992000,3.70078700
237.86830096,-19.29134000,3.70078700
237.90030096,-12.99213000,3.77952800
237.93230096,-16.53543000,3.70078700
237.96430096,-12.59842000,3.77952800
237.99630096,-25.19685000,3.70078700
238.02830096,-11.81102000,3.77952800
238.06030096,-18.11024000,3.70078700
238.09230096,-11.02362000,3.77952800
238.12430096,-14.56693000,3.77952800
238.15630096,-9.05511800,3.77952800
238.18830096,-12.99213000,3.70078700
238.22030096,-7.87401500,3.77952800
238.25230095,-14.17323000,3.70078700
238.28430095,-7.08661400,3.77952800
238.31630095,-5.11811000,3.70078700
238.34830095,-6.29921200,3.70078700
238.38030095,-12.59842000,3.77952800
238.41230095,-3.54330700,3.70078700
238.44430095,-9.05511800,3.70078700
238.47630095,-7.08661400,3.70078700
238.50830095,-9.05511800,3.70078700
238.54030095,-5.11811000,3.77952800
238.57230095,-7.87401500,3.70078700
238.60430094,-6.69291300,3.70078700
238.63630094,-8.26771600,3.70078700
238.66830094,-1.96850400,3.77952800
238.70030094,-2.75590500,3.77952800
238.73230094,-5.51181100,3.77952800
238.76430094,-4.33070900,3.77952800
238.79630094,-2.75590500,3.77952800
238.82830094,-5.90551100,3.77952800
238.86030094,-9.44881800,3.70078700
238.89230094,-3.93700800,3.70078700
238.92430094,-8.66141700,3.70078700
238.95630093,-8.66141700,3.77952800
238.98830093,-12.59842000,3.77952800
239.02030093,-9.44881800,3.77952800
239.05230093,-11.02362000,3.70078700
239.08430093,-9.44881800,3.77952800
239.11630093,-14.56693000,3.77952800
239.14830093,-4.33070900,3.77952800
239.18030093,-13.38583000,3.77952800
239.21230093,-7.87401500,3.70078700
239.24430093,-10.23622000,3.70078700
239.27630093,-2.36220500,3.70078700
239.30830092,-9.84251900,3.70078700
239.34030092,-4.72440900,3.77952800
239.37230092,-12.20472000,3.70078700
239.40430092,-1.96850400,3.77952800
239.43630092,-12.20472000,3.77952800
239.46830092,-3.93700800,3.77952800
239.50030092,-10.23622000,3.70078700
239.53230092,-0.78740150,3.77952800
239.56430092,-9.05511800,3.70078700
239.59630092,-5.51181100,3.77952800
239.62830092,-8.26771600,3.70078700
239.66030091,-1.96850400,3.77952800
239.69230091,-11.81102000,3.77952800
239.72430091,0.39370070,3.70078700
239.75630091,-6.29921200,3.70078700
239.78830091,0.00000000,3.77952800
239.82030091,-4.33070900,3.77952800
239.85230091,-3.54330700,3.77952800
239.88430091,-3.54330700,3.70078700
239.91630091,-0.39370070,3.77952800
239.94830091,-8.66141700,3.70078700
239.98030091,-1.96850400,3.77952800
240.01230090,-3.54330700,3.77952800
240.04430090,-6.69291300,3.77952800
240.07630090,-5.90551100,3.77952800
240.10830090,-3.93700800,3.77952800
240.14030090,-3.54330700,3.70078700
240.17230090,-7.48031400,3.77952800
240.20430090,-6.69291300,3.77952800
240.23630090,-8.66141700,3.77952800
240.26830090,-4.33070900,3.77952800
240.30030090,-10.62992000,3.77952800
240.33230090,-8.66141700,3.77952800
240.36430089,-7.87401500,3.70078700
240.39630089,-6.69291300,3.77952800
240.42830089,-13.38583000,3.77952800
240.46030089,-6.69291300,3.77952800
240.49230089,-11.81102000,3.77952800
240.52430089,-7.48031400,3.77952800
240.55630089,-14.96063000,3.70078700
240.58830089,-8.26771600,3.77952800
240.62030089,-11.81102000,3.70078700
240.65230089,-5.51181100,3.70078700
240.68430089,-14.17323000,3.70078700
240.71630088,-1.57480300,3.77952800
240.74830088,-11.81102000,3.70078700
240.78030088,-3.93700800,3.77952800
240.81230088,-12.59842000,3.70078700
240.84430088,0.39370070,3.77952800
240.87630088,-6.69291300,3.70078700
240.90830088,-4.33070900,3.77952800
240.94030088,-11.41732000,3.70078700
240.97230088,-2.36220500,3.77952800
241.00430088,-11.41732000,3.70078700
241.03630088,-3.93700800,3.77952800
241.06830087,-9.44881800,3.70078700
241.10030087,-1.57480300,3.77952800
241.13230087,-7.08661400,3.77952800
241.16430087,-8.26771600,3.77952800
241.19630087,-5.90551100,3.70078700
241.22830087,-0.39370070,3.77952800
241.26030087,-5.11811000,3.77952800
241.29230087,-0.78740150,3.77952800
241.32430087,-2.36220500,3.77952800
241.35630087,-1.96850400,3.77952800
241.38830087,-3.14960600,3.77952800
241.42030086,-4.33070900,3.77952800
241.45230086,-1.18110200,3.70078700
241.48430086,-1.96850400,3.77952800
241.51630086,-7.48031400,3.77952800
241.54830086,-9.84251900,3.77952800
241.58030086,-5.51181100,3.77952800
241.61230086,-10.23622000,3.77952800
241.64430086,-7.87401500,3.77952800
241.67630086,-8.66141700,3.77952800
241.70830086,-7.08661400,3.77952800
241.74030086,-11.81102000,3.77952800
241.77230085,-7.08661400,3.77952800
241.80430085,-9.84251900,3.77952800
241.83630085,-0.39370070,3.70078700
241.86830085,-10.62992000,3.77952800
241.90030085,-6.29921200,3.77952800
241.93230085,-11.41732000,3.70078700
241.96430085,-3.54330700,3.77952800
241.99630085,-13.38583000,3.70078700
242.02830085,-4.33070900,3.70078700
242.06030085,-11.41732000,3.70078700
242.09230085,-3.93700800,3.77952800
242.12430084,-14.96063000,3.77952800
242.15630084,-3.54330700,3.77952800
242.18830084,-9.44881800,3.77952800
242.22030084,-0.78740150,3.77952800
242.25230084,-8.26771600,3.70078700
242.28430084,-3.14960600,3.77952800
242.31630084,-7.87401500,3.70078700
242.34830084,-1.18110200,3.77952800
242.38030084,-10.62992000,3.70078700
242.41230084,2.36220500,3.77952800
242.44430084,-5.51181100,3.70078700
242.47630083,-4.33070900,3.77952800
242.50830083,-7.08661400,3.77952800
242.54030083,-4.33070900,3.77952800
242.57230083,-4.72440900,3.77952800
242.60430083,-2.36220500,3.77952800
242.63630083,-6.69291300,3.77952800
242.66830083,-1.57480300,3.77952800
242.70030083,-3.14960600,3.77952800
242.73230083,-6.29921200,3.77952800
242.76430083,-1.96850400,3.77952800
242.79630083,0.00000000,3.77952800
242.82830082,-2.36220500,3.77952800
242.86030082,-5.90551100,3.77952800
242.89230082,-2.75590500,3.77952800
242.92430082,-5.90551100,3.70078700
242.95630082,-3.93700800,3.77952800
242.98830082,-7.87401500,3.77952800
243.02030082,-5.51181100,3.70078700
243.05230082,-7.08661400,3.70078700
243.08430082,-8.66141700,3.77952800
243.11630082,-11.41732000,3.77952800
243.14830082,-3.54330700,3.70078700
243.18030081,-7.48031400,3.70078700
243.21230081,-5.11811000,3.77952800
243.24430081,-5.90551100,3.77952800
243.27630081,-2.36220500,3.70078700
243.30830081,-7.08661400,3.70078700
243.34030081,0.00000000,3.77952800
243.37230081,-3.14960600,3.77952800
243.40430081,1.96850400,3.70078700
243.43630081,-5.11811000,3.77952800
243.46830081,-0.78740150,3.77952800
243.50030081,-4.33070900,3.70078700
243.53230080,4.72440900,3.77952800
243.56430080,-5.51181100,3.70078700
243.59630080,-0.39370070,3.77952800
243.62830080,-3.93700800,3.70078700
243.66030080,1.18110200,3.77952800
243.69230080,-4.33070900,3.70078700
243.72430080,1.57480300,3.77952800
243.75630080,0.39370070,3.77952800
243.78830080,4.33070900,3.77952800
243.82030080,-1.18110200,3.77952800
243.85230080,1.18110200,3.77952800
243.88430079,2.75590500,3.70078700
243.91630079,5.11811000,3.77952800
243.94830079,-0.39370070,3.77952800
243.98030079,4.33070900,3.77952800
244.01230079,3.54330700,3.70078700
244.04430079,0.39370070,3.77952800
244.07630079,0.00000000,3.77952800
244.10830079,1.57480300,3.77952800
244.14030079,1.96850400,3.77952800
244.17230079,-0.78740150,3.77952800
244.20430079,-2.36220500,3.77952800
244.23630078,-2.75590500,3.77952800
244.26830078,0.78740150,3.77952800
244.30030078,-5.90551100,3.77952800
244.33230078,-1.96850400,3.77952800
244.36430078,-0.78740150,3.77952800
244.39630078,-0.78740150,3.77952800
244.42830078,-5.51181100,3.77952800
244.46030078,-1.57480300,3.77952800
244.49230078,-3.93700800,3.77952800
244.52430078,-0.39370070,3.77952800
244.55630078,-7.08661400,3.77952800
244.58830077,-1.57480300,3.77952800
244.62030077,-2.75590500,3.77952800
244.65230077,-0.39370070,3.77952800
244.68430077,-9.44881800,3.70078700
244.71630077,1.96850400,3.77952800
244.74830077,-2.75590500,3.77952800
244.78030077,0.39370070,3.77952800
244.81230077,-5.51181100,3.70078700
244.84430077,5.11811000,3.77952800
244.87630077,-1.18110200,3.77952800
244.90830077,3.54330700,3.77952800
244.94030076,-3.54330700,3.77952800
244.97230076,4.72440900,3.77952800
245.00430076,0.78740150,3.77952800
245.03630076,0.78740150,3.77952800
245.06830076,-4.33070900,3.77952800
245.10030076,5.11811000,3.77952800
245.13230076,-0.78740150,3.77952800
245.16430076,-0.39370070,3.77952800
245.19630076,0.39370070,3.77952800
245.22830076,3.93700800,3.77952800
245.26030076,0.00000000,3.77952800
245.29230076,3.14960600,3.77952800
245.32430075,1.96850400,3.77952800
245.35630075,6.69291300,3.77952800
245.38830075,3.93700800,3.77952800
245.42030075,1.57480300,3.77952800
245.45230075,5.51181100,3.77952800
245.48430075,3.54330700,3.77952800
245.51630075,-0.39370070,3.77952800
245.54830075,-1.96850400,3.77952800
245.58030075,1.18110200,3.77952800
245.61230075,-5.11811000,3.77952800
245.64430075,-3.54330700,3.77952800
245.67630074,-6.29921200,3.70078700
245.70830074,-1.96850400,3.77952800
245.74030074,-4.72440900,3.77952800
245.77230074,-3.93700800,3.77952800
245.80430074,-7.48031400,3.70078700
245.83630074,-0.39370070,3.77952800
245.86830074,-5.51181100,3.77952800
245.90030074,-1.96850400,3.77952800
245.93230074,-1.57480300,3.77952800
245.96430074,3.93700800,3.77952800
245.99630074,-4.72440900,3.77952800
246.02830073,0.39370070,3.77952800
246.06030073,-5.11811000,3.70078700
246.09230073,2.75590500,3.77952800
246.12430073,-4.72440900,3.77952800
246.15630073,-0.39370070,3.77952800
246.18830073,-0.39370070,3.77952800
246.22030073,2.36220500,3.77952800
246.25230073,-3.93700800,3.77952800
246.28430073,3.54330700,3.77952800
246.31630073,0.78740150,3.70078700
246.34830073,5.11811000,3.77952800
246.38030072,-1.96850400,3.77952800
246.41230072,4.72440900,3.77952800
246.44430072,2.36220500,3.77952800
246.47630072,5.90551100,3.77952800
246.50830072,1.96850400,3.77952800
246.54030072,4.72440900,3.77952800
246.57230072,4.33070900,3.77952800
246.60430072,2.36220500,3.77952800
246.63630072,-0.78740150,3.77952800
246.66830072,4.72440900,3.77952800
246.70030072,4.33070900,3.77952800
246.73230071,1.57480300,3.77952800
246.76430071,1.96850400,3.77952800
246.79630071,3.14960600,3.77952800
246.82830071,3.54330700,3.77952800
246.86030071,0.78740150,3.77952800
246.89230071,1.96850400,3.77952800
246.92430071,1.18110200,3.77952800
246.95630071,1.96850400,3.77952800
246.98830071,-4.33070900,3.70078700
247.02030071,-1.18110200,3.77952800
247.05230071,1.18110200,3.77952800
247.08430070,0.39370070,3.70078700
247.11630070,-5.11811000,3.77952800
247.14830070,1.18110200,3.77952800
247.18030070,-4.72440900,3.70078700
247.21230070,-1.96850400,3.77952800
247.24430070,-6.29921200,3.70078700
247.27630070,1.96850400,3.77952800
247.30830070,0.00000000,3.77952800
247.34030070,0.78740150,3.77952800
247.37230070,-3.93700800,3.77952800
247.40430070,6.69291300,3.77952800
247.43630069,0.00000000,3.77952800
247.46830069,4.72440900,3.77952800
247.50030069,-1.57480300,3.77952800
247.53230069,7.87401500,3.77952800
247.56430069,-3.54330700,3.70078700
247.59630069,3.14960600,3.77952800
247.62830069,2.36220500,3.77952800
247.66030069,4.33070900,3.70078700
247.69230069,0.78740150,3.77952800
247.72430069,2.36220500,3.77952800
247.75630069,-0.78740150,3.77952800
247.78830068,7.48031400,3.77952800
247.82030068,0.78740150,3.77952800
247.85230068,4.72440900,3.77952800
247.88430068,4.72440900,3.77952800
247.91630068,6.69291300,3.77952800
247.94830068,2.75590500,3.70078700
247.98030068,6.29921200,3.77952800
248.01230068,6.69291300,3.77952800
248.04430068,7.08661400,3.77952800
248.07630068,4.33070900,3.77952800
248.10830068,2.36220500,3.77952800
248.14030067,5.11811000,3.77952800
248.17230067,2.75590500,3.77952800
248.20430067,0.39370070,3.77952800
248.23630067,0.39370070,3.77952800
248.26830067,3.14960600,3.77952800
248.30030067,-4.33070900,3.77952800
248.33230067,-1.57480300,3.77952800
248.36430067,-1.96850400,3.77952800
248.39630067,1.57480300,3.77952800
248.42830067,-2.36220500,3.77952800
248.46030067,0.78740150,3.77952800
248.49230066,-2.75590500,3.77952800
248.52430066,3.14960600,3.77952800
248.55630066,-4.72440900,3.77952800
248.58830066,-0.78740150,3.77952800
248.62030066,-1.96850400,3.77952800
248.65230066,1.96850400,3.77952800
248.68430066,-8.66141700,3.77952800
248.71630066,1.18110200,3.77952800
248.74830066,-1.96850400,3.70078700
248.78030066,1.57480300,3.77952800
248.81230066,-2.75590500,3.70078700
248.84430065,3.54330700,3.77952800
248.87630065,-3.93700800,3.70078700
248.90830065,5.51181100,3.77952800
248.94030065,-3.54330700,3.70078700
248.97230065,5.90551100,3.77952800
249.00430065,3.93700800,3.70078700
249.03630065,3.14960600,3.77952800
249.06830065,-0.39370070,3.70078700
249.10030065,5.90551100,3.77952800
249.13230065,0.00000000,3.77952800
249.16430065,1.96850400,3.77952800
249.19630064,1.57480300,3.77952800
249.22830064,2.75590500,3.77952800
249.26030064,1.57480300,3.70078700
249.29230064,1.96850400,3.77952800
249.32430064,0.00000000,3.70078700
249.35630064,6.69291300,3.77952800
249.38830064,4.33070900,3.77952800
249.42030064,1.18110200,3.77952800
249.45230064,4.72440900,3.77952800
249.48430064,3.54330700,3.77952800
249.51630064,1.96850400,3.77952800
249.54830063,-0.39370070,3.77952800
249.58030063,1.96850400,3.70078700
249.61230063,-1.96850400,3.77952800
249.64430063,-0.78740150,3.77952800
249.67630063,-6.29921200,3.77952800
249.70830063,-2.36220500,3.77952800
249.74030063,-3.54330700,3.77952800
249.77230063,-4.33070900,3.77952800
249.80430063,-7.48031400,3.77952800
249.83630063,0.39370070,3.77952800
249.86830063,-5.11811000,3.77952800
249.90030062,-1.57480300,3.77952800
249.93230062,-3.14960600,3.77952800
249.96430062,3.54330700,3.77952800
249.99630062,-4.33070900,3.77952800
250.02830062,1.96850400,3.77952800
250.06030062,-1.57480300,3.77952800
250.09230062,3.93700800,3.77952800
250.12430062,-6.29921200,3.70078700
250.15630062,1.57480300,3.77952800
250.18830062,-0.78740150,3.70078700
250.22030062,3.93700800,3.77952800
250.25230061,-7.48031400,3.77952800
250.28430061,2.75590500,3.77952800
250.31630061,-4.33070900,3.70078700
250.34830061,3.14960600,3.77952800
250.38030061,-1.96850400,3.77952800
250.41230061,2.36220500,3.77952800
250.44430061,0.00000000,3.77952800
250.47630061,5.90551100,3.77952800
250.50830061,-4.33070900,3.77952800
250.54030061,2.36220500,3.77952800
250.57230061,3.54330700,3.77952800
250.60430060,0.39370070,3.77952800
250.63630060,-2.36220500,3.77952800
250.66830060,1.96850400,3.77952800
250.70030060,-1.57480300,3.77952800
250.73230060,-1.96850400,3.77952800
250.76430060,-1.18110200,3.77952800
250.79630060,-1.96850400,3.77952800
250.82830060,-0.39370070,3.77952800
250.86030060,-5.51181100,3.77952800
250.89230060,-5.11811000,3.77952800
250.92430060,-5.90551100,3.77952800
250.95630059,-3.54330700,3.77952800
250.98830059,-10.62992000,3.77952800
251.02030059,-4.72440900,3.77952800
251.05230059,-7.08661400,3.77952800
251.08430059,-6.69291300,3.77952800
251.11630059,-11.81102000,3.77952800
251.14830059,-7.48031400,3.77952800
251.18030059,-13.77953000,3.77952800
251.21230059,-5.90551100,3.77952800
251.24430059,-17.71653000,3.70078700
251.27630059,-7.87401500,3.77952800
251.30830058,-10.62992000,3.77952800
251.34030058,-8.66141700,3.70078700
251.37230058,-16.14173000,3.70078700
251.40430058,-2.36220500,3.77952800
251.43630058,-12.59842000,3.70078700
251.46830058,-6.29921200,3.77952800
251.50030058,-10.23622000,3.77952800
251.53230058,-2.75590500,3.70078700
251.56430058,-10.62992000,3.70078700
251.59630058,-2.75590500,3.77952800
251.62830058,-15.74803000,3.70078700
251.66030057,-3.54330700,3.77952800
251.69230057,-8.26771600,3.70078700
251.72430057,-9.44881800,3.70078700
251.75630057,-10.62992000,3.70078700
251.78830057,-2.75590500,3.77952800
251.82030057,-13.77953000,3.70078700
251.85230057,-8.26771600,3.77952800
251.88430057,-5.90551100,3.70078700
251.91630057,-4.72440900,3.70078700
251.94830057,-6.69291300,3.70078700
251.98030057,-4.33070900,3.70078700
252.01230056,-6.69291300,3.70078700
252.04430056,-4.33070900,3.70078700
252.07630056,-6.29921200,3.77952800
252.10830056,-7.08661400,3.77952800
252.14030056,-1.96850400,3.77952800
252.17230056,-7.87401500,3.77952800
252.20430056,-11.41732000,3.77952800
252.23630056,-12.99213000,3.77952800
252.26830056,-9.84251900,3.77952800
252.30030056,-15.74803000,3.70078700
252.33230056,-11.41732000,3.77952800
252.36430055,-15.74803000,3.77952800
252.39630055,-10.62992000,3.77952800
252.42830055,-16.14173000,3.77952800
252.46030055,-14.56693000,3.70078700
252.49230055,-16.14173000,3.77952800
252.52430055,-6.29921200,3.77952800
252.55630055,-19.29134000,3.70078700
252.58830055,-11.41732000,3.77952800
252.62030055,-14.96063000,3.70078700
252.65230055,-11.81102000,3.70078700
252.68430055,-20.07874000,3.70078700
252.71630055,-7.87401500,3.77952800
252.74830054,-20.86614000,3.77952800
252.78030054,-8.66141700,3.70078700
252.81230054,-18.11024000,3.70078700
252.84430054,-12.99213000,3.70078700
252.87630054,-16.14173000,3.70078700
252.90830054,-6.29921200,3.77952800
252.94030054,-20.86614000,3.70078700
252.97230054,-6.29921200,3.77952800
253.00430054,-11.41732000,3.70078700
253.03630054,-10.62992000,3.70078700
253.06830054,-14.96063000,3.70078700
253.10030053,-4.33070900,3.77952800
253.13230053,-12.20472000,3.70078700
253.16430053,-10.23622000,3.70078700
253.19630053,-12.99213000,3.70078700
253.22830053,-9.44881800,3.70078700
253.26030053,-9.05511800,3.70078700
253.29230053,-9.84251900,3.77952800
253.32430053,-11.41732000,3.70078700
253.35630053,-5.90551100,3.77952800
253.38830053,-9.44881800,3.77952800
253.42030053,-10.23622000,3.77952800
253.45230052,-4.33070900,3.77952800
253.48430052,-5.11811000,3.77952800
253.51630052,-7.08661400,3.77952800
253.54830052,-10.23622000,3.77952800
253.58030052,-8.26771600,3.77952800
253.61230052,-10.23622000,3.77952800
253.64430052,-8.26771600,3.77952800
253.67630052,-14.56693000,3.77952800
253.70830052,-8.66141700,3.77952800
253.74030052,-12.99213000,3.70078700
253.77230052,-12.99213000,3.77952800
253.80430051,-15.35433000,3.77952800
253.83630051,-6.69291300,3.70078700
253.86830051,-14.56693000,3.70078700
253.90030051,-9.84251900,3.77952800
253.93230051,-13.77953000,3.77952800
253.96430051,-7.08661400,3.77952800
253.99630051,-12.59842000,3.70078700
254.02830051,-5.51181100,3.70078700
254.06030051,-10.23622000,3.70078700
254.09230051,-2.36220500,3.77952800
254.12430051,-8.26771600,3.70078700
254.15630050,-7.08661400,3.70078700
254.18830050,-9.05511800,3.77952800
254.22030050,-1.57480300,3.77952800
254.25230050,-12.99213000,3.70078700
254.28430050,-3.54330700,3.77952800
254.31630050,-9.05511800,3.70078700
254.34830050,-4.72440900,3.77952800
254.38030050,-7.08661400,3.70078700
254.41230050,-3.93700800,3.77952800
254.44430050,-6.69291300,3.70078700
254.47630050,0.78740150,3.77952800
254.50830049,-10.23622000,3.70078700
254.54030049,-2.36220500,3.77952800
254.57230049,-1.57480300,3.77952800
254.60430049,-2.36220500,3.77952800
254.63630049,-3.54330700,3.77952800
254.66830049,-0.39370070,3.70078700
254.70030049,-2.36220500,3.77952800
254.73230049,-2.75590500,3.77952800
254.76430049,-4.72440900,3.70078700
254.79630049,-4.33070900,3.77952800
254.82830049,-2.75590500,3.70078700
254.86030048,-9.44881800,3.77952800
254.89230048,-8.66141700,3.77952800
254.92430048,-7.08661400,3.77952800
254.95630048,-5.51181100,3.77952800
254.98830048,-12.59842000,3.77952800
255.02030048,-5.11811000,3.77952800
255.05230048,-8.66141700,3.77952800
255.08430048,-8.66141700,3.77952800
255.11630048,-12.20472000,3.77952800
255.14830048,-7.48031400,3.70078700
255.18030048,-11.02362000,3.70078700
255.21230047,-5.51181100,3.77952800
255.24430047,-17.71653000,3.70078700
255.27630047,-5.51181100,3.77952800
255.30830047,-12.20472000,3.77952800
255.34030047,-8.66141700,3.77952800
255.37230047,-14.17323000,3.77952800
255.40430047,-3.93700800,3.70078700
255.43630047,-12.20472000,3.70078700
255.46830047,-5.11811000,3.77952800
255.50030047,-8.66141700,3.70078700
255.53230047,-2.36220500,3.77952800
255.56430046,-9.44881800,3.70078700
255.59630046,-1.57480300,3.77952800
255.62830046,-8.26771600,3.70078700
255.66030046,-0.39370070,3.77952800
255.69230046,-4.72440900,3.77952800
255.72430046,-5.51181100,3.70078700
255.75630046,-6.69291300,3.70078700
255.78830046,0.00000000,3.77952800
255.82030046,-10.23622000,3.77952800
255.85230046,-2.36220500,3.77952800
255.88430046,-5.51181100,3.70078700
255.91630045,-3.14960600,3.77952800
255.94830045,-4.72440900,3.70078700
255.98030045,-3.93700800,3.77952800
256.01230045,-3.14960600,3.70078700
256.04430045,1.18110200,3.77952800
256.07630045,-4.33070900,3.70078700
256.10830045,-3.14960600,3.77952800
256.14030045,0.78740150,3.77952800
256.17230045,-5.11811000,3.70078700
256.20430045,-6.69291300,3.70078700
256.23630045,-6.69291300,3.77952800
256.26830044,-5.51181100,3.77952800
256.30030044,-11.02362000,3.77952800
256.33230044,-9.05511800,3.70078700
256.36430044,-11.81102000,3.70078700
256.39630044,-6.69291300,3.77952800
256.42830044,-11.02362000,3.77952800
256.46030044,-10.62992000,3.77952800
256.49230044,-10.23622000,3.77952800
256.52430044,-3.93700800,3.77952800
256.55630044,-12.20472000,3.77952800
256.58830044,-5.11811000,3.70078700
256.62030043,-6.69291300,3.77952800
256.65230043,-3.54330700,3.77952800
256.68430043,-12.99213000,3.70078700
256.71630043,-1.96850400,3.77952800
256.74830043,-9.05511800,3.77952800
256.78030043,-1.96850400,3.77952800
256.81230043,-9.05511800,3.70078700
256.84430043,-4.72440900,3.70078700
256.87630043,-9.05511800,3.70078700
256.90830043,-3.14960600,3.77952800
256.94030043,-13.38583000,3.70078700
256.97230042,1.96850400,3.77952800
257.00430042,-5.90551100,3.70078700
257.03630042,-2.75590500,3.77952800
257.06830042,-4.72440900,3.70078700
257.10030042,-0.78740150,3.77952800
257.13230042,-5.90551100,3.77952800
257.16430042,0.78740150,3.77952800
257.19630042,-6.29921200,3.70078700
257.22830042,0.78740150,3.77952800
257.26030042,-4.33070900,3.70078700
257.29230042,-6.29921200,3.77952800
257.32430041,-5.11811000,3.70078700
257.35630041,-0.78740150,3.77952800
257.38830041,-5.51181100,3.77952800
257.42030041,-4.33070900,3.77952800
257.45230041,-3.54330700,3.77952800
257.48430041,-4.72440900,3.77952800
257.51630041,-4.33070900,3.70078700
257.54830041,-6.69291300,3.77952800
257.58030041,-4.72440900,3.70078700
257.61230041,-5.90551100,3.77952800
257.64430041,-7.48031400,3.77952800
257.67630040,-12.99213000,3.77952800
257.70830040,-5.51181100,3.70078700
257.74030040,-7.87401500,3.70078700
257.77230040,-10.23622000,3.77952800
257.80430040,-9.84251900,3.70078700
257.83630040,-7.08661400,3.77952800
257.86830040,-14.17323000,3.77952800
257.90030040,-7.48031400,3.77952800
257.93230040,-10.23622000,3.77952800
257.96430040,-2.36220500,3.77952800
257.99630040,-7.87401500,3.70078700
258.02830039,-5.51181100,3.77952800
258.06030039,-6.69291300,3.70078700
258.09230039,1.18110200,3.77952800
258.12430039,-5.51181100,3.70078700
258.15630039,-1.57480300,3.70078700
258.18830039,-0.78740150,3.70078700
258.22030039,0.00000000,3.77952800
258.25230039,-5.90551100,3.77952800
258.28430039,0.78740150,3.77952800
258.31630039,-1.96850400,3.77952800
258.34830039,2.36220500,3.77952800
258.38030038,-3.54330700,3.77952800
258.41230038,-1.57480300,3.77952800
258.44430038,0.00000000,3.77952800
258.47630038,1.96850400,3.77952800
258.50830038,-2.36220500,3.70078700
258.54030038,5.51181100,3.70078700
258.57230038,3.54330700,3.77952800
258.60430038,1.57480300,3.77952800
258.63630038,1.96850400,3.77952800
258.66830038,6.29921200,3.77952800
258.70030038,4.72440900,3.70078700
258.73230037,4.72440900,3.77952800
258.76430037,1.57480300,3.70078700
258.79630037,1.96850400,3.77952800
258.82830037,2.36220500,3.77952800
258.86030037,-3.14960600,3.77952800
258.89230037,0.00000000,3.77952800
258.92430037,0.00000000,3.77952800
258.95630037,-1.57480300,3.77952800
258.98830037,-7.87401500,3.77952800
259.02030037,-1.96850400,3.77952800
259.05230037,-3.54330700,3.77952800
259.08430036,-2.75590500,3.70078700
259.11630036,-3.93700800,3.77952800
259.14830036,0.00000000,3.77952800
259.18030036,-2.75590500,3.77952800
259.21230036,-0.39370070,3.77952800
259.24430036,-7.08661400,3.70078700
259.27630036,2.75590500,3.77952800
259.30830036,-1.96850400,3.77952800
259.34030036,-2.75590500,3.70078700
259.37230036,-8.66141700,3.77952800
259.40430036,2.36220500,3.77952800
259.43630035,-1.96850400,3.77952800
259.46830035,0.39370070,3.77952800
259.50030035,-1.96850400,3.70078700
259.53230035,4.33070900,3.77952800
259.56430035,-1.18110200,3.77952800
259.59630035,2.36220500,3.77952800
259.62830035,-1.57480300,3.70078700
259.66030035,8.66141700,3.77952800
259.69230035,1.96850400,3.77952800
259.72430035,3.14960600,3.77952800
259.75630035,2.36220500,3.77952800
259.78830035,5.90551100,3.77952800
259.82030034,-0.39370070,3.77952800
259.85230034,4.33070900,3.77952800
259.88430034,2.75590500,3.77952800
259.91630034,3.93700800,3.77952800
259.94830034,0.00000000,3.77952800
259.98030034,1.96850400,3.77952800
260.01230034,4.72440900,3.77952800
260.04430034,6.69291300,3.77952800
260.07630034,2.36220500,3.77952800
260.10830034,5.51181100,3.77952800
260.14030034,7.48031400,3.77952800
260.17230033,1.96850400,3.77952800
260.20430033,2.75590500,3.77952800
260.23630033,3.14960600,3.77952800
260.26830033,2.36220500,3.77952800
260.30030033,-1.57480300,3.77952800
260.33230033,0.00000000,3.77952800
260.36430033,-3.14960600,3.77952800
260.39630033,0.39370070,3.77952800
260.42830033,-5.90551100,3.77952800
260.46030033,-3.54330700,3.77952800
260.49230033,-3.54330700,3.77952800
260.52430032,0.78740150,3.77952800
260.55630032,-6.69291300,3.77952800
260.58830032,2.36220500,3.77952800
260.62030032,-1.57480300,3.70078700
260.65230032,1.96850400,3.77952800
260.68430032,-3.14960600,3.70078700
260.71630032,3.14960600,3.77952800
260.74830032,-3.54330700,3.77952800
260.78030032,4.33070900,3.77952800
260.81230032,-4.72440900,3.70078700
260.84430032,3.93700800,3.77952800
260.87630031,-0.78740150,3.77952800
260.90830031,0.78740150,3.70078700
260.94030031,-2.75590500,3.77952800
260.97230031,5.11811000,3.77952800
261.00430031,-1.96850400,3.70078700
261.03630031,2.36220500,3.77952800
261.06830031,0.00000000,3.77952800
261.10030031,5.90551100,3.77952800
261.13230031,2.36220500,3.77952800
261.16430031,5.51181100,3.77952800
261.19630031,2.36220500,3.70078700
261.22830030,7.87401500,3.77952800
261.26030030,3.93700800,3.77952800
261.29230030,2.36220500,3.77952800
261.32430030,4.72440900,3.77952800
261.35630030,6.69291300,3.77952800
261.38830030,1.57480300,3.70078700
261.42030030,3.54330700,3.77952800
261.45230030,4.72440900,3.77952800
261.48430030,2.75590500,3.77952800
261.51630030,2.75590500,3.77952800
261.54830030,-1.18110200,3.77952800
261.58030029,2.75590500,3.77952800
261.61230029,0.78740150,3.77952800
261.64430029,-0.39370070,3.77952800
261.67630029,-1.57480300,3.77952800
261.70830029,4.33070900,3.77952800
261.74030029,-2.36220500,3.77952800
261.77230029,-1.96850400,3.77952800
261.80430029,-0.78740150,3.77952800
261.83630029,0.78740150,3.77952800
261.86830029,-7.48031400,3.77952800
261.90030029,0.00000000,3.77952800
261.93230028,-2.75590500,3.77952800
261.96430028,0.39370070,3.77952800
261.99630028,-3.14960600,3.77952800
262.02830028,0.39370070,3.70078700
262.06030028,1.57480300,3.70078700
262.09230028,5.11811000,3.77952800
262.12430028,-6.29921200,3.77952800
262.15630028,5.90551100,3.77952800
262.18830028,2.36220500,3.77952800
262.22030028,6.29921200,3.77952800
262.25230028,1.57480300,3.70078700
262.28430027,6.29921200,3.77952800
262.31630027,0.78740150,3.70078700
262.34830027,5.51181100,3.77952800
262.38030027,-1.57480300,3.77952800
262.41230027,5.11811000,3.77952800
262.44430027,4.72440900,3.77952800
262.47630027,3.54330700,3.77952800
262.50830027,-1.57480300,3.77952800
262.54030027,6.69291300,3.70078700
262.57230027,2.36220500,3.77952800
262.60430027,4.72440900,3.77952800
262.63630026,5.51181100,3.77952800
262.66830026,7.08661400,3.77952800
262.70030026,5.11811000,3.77952800
262.73230026,4.33070900,3.77952800
262.76430026,3.93700800,3.77952800
262.79630026,7.87401500,3.77952800
262.82830026,7.08661400,3.77952800
262.86030026,0.00000000,3.77952800
262.89230026,2.75590500,3.77952800
262.92430026,0.78740150,3.77952800
262.95630026,-2.75590500,3.77952800
262.98830025,-3.93700800,3.77952800
263.02030025,1.57480300,3.77952800
263.05230025,-3.14960600,3.77952800
263.08430025,-1.57480300,3.77952800
263.11630025,-4.33070900,3.77952800
263.14830025,0.78740150,3.77952800
263.18030025,0.39370070,3.77952800
263.21230025,1.96850400,3.77952800
263.24430025,-5.90551100,3.70078700
263.27630025,5.51181100,3.77952800
263.30830025,-2.36220500,3.77952800
263.34030024,-0.78740150,3.77952800
263.37230024,-1.57480300,3.70078700
263.40430024,5.90551100,3.77952800
263.43630024,-3.14960600,3.70078700
263.46830024,0.78740150,3.77952800
263.50030024,-4.33070900,3.77952800
263.53230024,3.93700800,3.77952800
263.56430024,-1.57480300,3.77952800
263.59630024,3.14960600,3.77952800
263.62830024,0.00000000,3.70078700
263.66030024,7.08661400,3.77952800
263.69230023,-2.75590500,3.70078700
263.72430023,5.51181100,3.77952800
263.75630023,4.33070900,3.77952800
263.78830023,5.90551100,3.77952800
263.82030023,1.57480300,3.77952800
263.85230023,3.93700800,3.77952800
263.88430023,1.57480300,3.70078700
263.91630023,4.72440900,3.77952800
263.94830023,1.96850400,3.70078700
263.98030023,4.33070900,3.77952800
264.01230023,3.93700800,3.70078700
264.04430022,2.75590500,3.77952800
264.07630022,-1.18110200,3.77952800
264.10830022,5.51181100,3.77952800
264.14030022,6.29921200,3.77952800
264.17230022,1.18110200,3.77952800
264.20430022,3.93700800,3.77952800
264.23630022,1.18110200,3.77952800
264.26830022,1.57480300,3.77952800
264.30030022,-0.78740150,3.77952800
264.33230022,0.78740150,3.77952800
264.36430022,-1.96850400,3.77952800
264.39630021,1.18110200,3.77952800
264.42830021,-8.26771600,3.77952800
264.46030021,-3.93700800,3.70078700
264.49230021,-2.36220500,3.77952800
264.52430021,-1.57480300,3.77952800
264.55630021,-6.29921200,3.70078700
264.58830021,0.39370070,3.77952800
264.62030021,-5.90551100,3.77952800
264.65230021,0.39370070,3.77952800
264.68430021,-4.33070900,3.77952800
264.71630021,3.54330700,3.77952800
264.74830020,0.39370070,3.70078700
264.78030020,3.14960600,3.77952800
264.81230020,-5.11811000,3.70078700
264.84430020,5.51181100,3.77952800
264.87630020,-0.39370070,3.70078700
264.90830020,0.78740150,3.77952800
264.94030020,0.39370070,3.77952800
264.97230020,4.72440900,3.77952800
265.00430020,-4.33070900,3.70078700
265.03630020,1.96850400,3.77952800
265.06830020,-0.78740150,3.70078700
265.10030019,5.11811000,3.77952800
265.13230019,3.54330700,3.77952800
265.16430019,2.36220500,3.77952800
265.19630019,0.78740150,3.70078700
265.22830019,7.87401500,3.77952800
265.26030019,2.75590500,3.77952800
265.29230019,3.54330700,3.77952800
265.32430019,6.69291300,3.77952800
265.35630019,5.51181100,3.77952800
265.38830019,0.00000000,3.70078700
265.42030019,2.75590500,3.77952800
265.45230018,3.14960600,3.77952800
265.48430018,0.78740150,3.77952800
265.51630018,1.18110200,3.77952800
265.54830018,-3.93700800,3.77952800
265.58030018,0.39370070,3.77952800
265.61230018,-4.33070900,3.77952800
265.64430018,-5.90551100,3.70078700
265.67630018,-5.90551100,3.77952800
265.70830018,0.39370070,3.77952800
265.74030018,-9.05511800,3.77952800
265.77230018,-3.54330700,3.77952800
265.80430017,-6.69291300,3.77952800
265.83630017,-4.33070900,3.77952800
265.86830017,-11.81102000,3.77952800
265.90030017,-3.54330700,3.77952800
265.93230017,-13.77953000,3.70078700
265.96430017,-1.96850400,3.77952800
265.99630017,-12.99213000,3.77952800
266.02830017,-8.26771600,3.77952800
266.06030017,-10.62992000,3.70078700
266.09230017,-3.54330700,3.77952800
266.12430017,-15.74803000,3.77952800
266.15630016,-1.96850400,3.77952800
266.18830016,-7.08661400,3.70078700
266.22030016,-5.11811000,3.77952800
266.25230016,-9.44881800,3.77952800
266.28430016,-0.78740150,3.77952800
266.31630016,-9.84251900,3.77952800
266.34830016,-0.78740150,3.77952800
266.38030016,-9.05511800,3.77952800
266.41230016,-3.93700800,3.70078700
266.44430016,-6.69291300,3.77952800
266.47630016,-5.51181100,3.77952800
266.50830015,-11.41732000,3.70078700
266.54030015,-1.57480300,3.77952800
266.57230015,-7.48031400,3.77952800
266.60430015,-7.08661400,3.77952800
266.63630015,-7.48031400,3.77952800
266.66830015,-3.54330700,3.70078700
266.70030015,-5.11811000,3.77952800
266.73230015,-5.51181100,3.77952800
266.76430015,-5.51181100,3.70078700
266.79630015,-3.54330700,3.77952800
266.82830015,-4.72440900,3.77952800
266.86030015,-10.62992000,3.77952800
266.89230014,-5.11811000,3.77952800
266.92430014,-9.05511800,3.77952800
266.95630014,-12.20472000,3.77952800
266.98830014,-14.17323000,3.77952800
267.02030014,-9.84251900,3.77952800
267.05230014,-14.96063000,3.77952800
267.08430014,-11.41732000,3.77952800
267.11630014,-17.71653000,3.77952800
267.14830014,-11.81102000,3.70078700
267.18030014,-17.32283000,3.70078700
267.21230014,-12.59842000,3.77952800
267.24430013,-19.29134000,3.77952800
267.27630013,-4.72440900,3.77952800
267.30830013,-16.14173000,3.70078700
267.34030013,-11.81102000,3.70078700
267.37230013,-16.53543000,3.70078700
267.40430013,-8.26771600,3.77952800
267.43630013,-20.47244000,3.77952800
267.46830013,-8.66141700,3.77952800
267.50030013,-15.35433000,3.77952800
267.53230013,-9.84251900,3.77952800
267.56430013,-18.11024000,3.70078700
267.59630012,-11.41732000,3.77952800
267.62830012,-16.14173000,3.70078700
267.66030012,-5.11811000,3.77952800
267.69230012,-14.17323000,3.77952800
267.72430012,-8.66141700,3.77952800
267.75630012,-16.14173000,3.70078700
267.78830012,-6.69291300,3.77952800
267.82030012,-14.96063000,3.70078700
267.85230012,-6.69291300,3.77952800
267.88430012,-9.05511800,3.77952800
267.91630012,-7.87401500,3.77952800
267.94830011,-13.77953000,3.77952800
267.98030011,-10.23622000,3.70078700
268.01230011,-10.62992000,3.70078700
268.04430011,-11.02362000,3.77952800
268.07630011,-12.99213000,3.70078700
268.10830011,-9.44881800,3.70078700
268.14030011,-11.41732000,3.70078700
268.17230011,-14.96063000,3.77952800
268.20430011,-11.41732000,3.70078700
268.23630011,-12.59842000,3.70078700
268.26830011,-11.41732000,3.77952800
268.30030010,-15.74803000,3.77952800
268.33230010,-15.74803000,3.77952800
268.36430010,-14.56693000,3.77952800
268.39630010,-11.02362000,3.77952800
268.42830010,-17.32283000,3.70078700
268.46030010,-11.41732000,3.70078700
268.49230010,-12.99213000,3.77952800
268.52430010,-14.56693000,3.70078700
268.55630010,-20.47244000,3.70078700
268.58830010,-10.23622000,3.77952800
268.62030010,-17.32283000,3.70078700
268.65230009,-9.44881800,3.77952800
268.68430009,-16.53543000,3.77952800
268.71630009,-9.05511800,3.70078700
268.74830009,-12.59842000,3.70078700
268.78030009,-7.08661400,3.77952800
268.81230009,-14.96063000,3.70078700
268.84430009,-1.57480300,3.77952800
268.87630009,-11.02362000,3.70078700
268.90830009,-8.66141700,3.77952800
268.94030009,-8.26771600,3.77952800
268.97230009,-4.33070900,3.77952800
269.00430008,-10.62992000,3.70078700
269.03630008,-4.33070900,3.77952800
269.06830008,-11.81102000,3.70078700
269.10030008,-4.33070900,3.77952800
269.13230008,-9.44881800,3.77952800
269.16430008,-7.87401500,3.77952800
269.19630008,-5.11811000,3.77952800
269.22830008,-1.18110200,3.77952800
269.26030008,-8.26771600,3.70078700
269.29230008,-4.33070900,3.70078700
269.32430008,-2.36220500,3.77952800
269.35630007,-1.18110200,3.70078700
269.38830007,-3.54330700,3.70078700
269.42030007,-2.75590500,3.77952800
269.45230007,-3.14960600,3.70078700
269.48430007,-3.54330700,3.77952800
269.51630007,-5.90551100,3.77952800
269.54830007,-8.26771600,3.77952800
269.58030007,-2.75590500,3.77952800
269.61230007,-8.26771600,3.77952800
269.64430007,-11.41732000,3.77952800
269.67630007,-11.41732000,3.70078700
269.70830006,-8.66141700,3.77952800
269.74030006,-13.38583000,3.77952800
269.77230006,-7.08661400,3.77952800
269.80430006,-9.84251900,3.77952800
269.83630006,-4.33070900,3.77952800
269.86830006,-12.59842000,3.70078700
269.90030006,-7.87401500,3.77952800
269.93230006,-12.20472000,3.70078700
269.96430006,-3.14960600,3.77952800
269.99630006,-16.14173000,3.70078700
270.02830006,-6.29921200,3.70078700
270.06030005,-13.77953000,3.70078700
270.09230005,-5.90551100,3.77952800
270.12430005,-15.74803000,3.70078700
270.15630005,-3.93700800,3.77952800
270.18830005,-8.66141700,3.77952800
270.22030005,-5.90551100,3.77952800
270.25230005,-14.56693000,3.77952800
270.28430005,-3.93700800,3.77952800
270.31630005,-9.44881800,3.70078700
270.34830005,-1.18110200,3.77952800
270.38030005,-9.84251900,3.70078700
270.41230004,0.00000000,3.77952800
270.44430004,-4.33070900,3.70078700
270.47630004,-5.90551100,3.77952800
270.50830004,-9.05511800,3.77952800
270.54030004,-1.18110200,3.77952800
270.57230004,-6.69291300,3.70078700
270.60430004,-5.11811000,3.77952800
270.63630004,-8.66141700,3.70078700
270.66830004,-3.14960600,3.77952800
270.70030004,-4.33070900,3.77952800
270.73230004,-5.11811000,3.77952800
270.76430003,-4.33070900,3.70078700
270.79630003,-1.18110200,3.77952800
270.82830003,-4.33070900,3.77952800
270.86030003,-7.08661400,3.77952800
270.89230003,-2.36220500,3.77952800
270.92430003,-5.90551100,3.77952800
270.95630003,-6.69291300,3.77952800
270.98830003,-9.84251900,3.77952800
271.02030003,-8.66141700,3.77952800
271.05230003,-11.02362000,3.77952800
271.08430003,-9.05511800,3.77952800
271.11630002,-15.35433000,3.70078700
271.14830002,-7.08661400,3.77952800
271.18030002,-12.59842000,3.70078700
271.21230002,-11.81102000,3.77952800
271.24430002,-14.17323000,3.77952800
271.27630002,-4.72440900,3.70078700
271.30830002,-14.56693000,3.70078700
271.34030002,-5.51181100,3.77952800
271.37230002,-11.41732000,3.77952800
271.40430002,-3.14960600,3.77952800
271.43630002,-7.87401500,3.77952800
271.46830001,-5.11811000,3.77952800
271.50030001,-6.69291300,3.77952800
271.53230001,-0.39370070,3.77952800
271.56430001,-10.23622000,3.70078700
271.59630001,-4.72440900,3.77952800
271.62830001,-5.51181100,3.70078700
271.66030001,-2.75590500,3.77952800
271.69230001,-9.44881800,3.77952800
271.72430001,-1.57480300,3.70078700
271.75630001,-6.69291300,3.70078700
271.78830001,0.78740150,3.77952800
271.82030000,-4.72440900,3.70078700
271.85230000,-0.78740150,3.77952800
271.88430000,-1.57480300,3.77952800
271.91630000,1.18110200,3.77952800
271.94830000,-5.51181100,3.77952800
271.98030000,1.57480300,3.77952800
272.01230000,-0.39370070,3.70078700
272.04430000,-2.75590500,3.77952800
272.07630000,-4.33070900,3.70078700
272.10830000,-0.78740150,3.77952800
272.14030000,-2.36220500,3.70078700
272.17229999,-4.72440900,3.77952800
272.20429999,-3.93700800,3.77952800
272.23629999,-7.08661400,3.77952800
272.26829999,-3.93700800,3.77952800
272.30029999,-9.44881800,3.77952800
272.33229999,-7.48031400,3.77952800
272.36429999,-5.51181100,3.77952800
272.39629999,-5.51181100,3.77952800
272.42829999,-12.20472000,3.70078700
272.46029999,-4.33070900,3.77952800
272.49229999,-8.66141700,3.77952800
272.52429998,-5.90551100,3.77952800
272.55629998,-11.02362000,3.77952800
272.58829998,-6.69291300,3.77952800
272.62029998,-10.62992000,3.77952800
272.65229998,-7.08661400,3.77952800
272.68429998,-15.35433000,3.70078700
272.71629998,-3.14960600,3.77952800
272.74829998,-8.66141700,3.70078700
272.78029998,-5.90551100,3.77952800
272.81229998,-13.38583000,3.70078700
272.84429998,-0.39370070,3.70078700
272.87629997,-5.11811000,3.77952800
272.90829997,-2.75590500,3.77952800
272.94029997,-8.26771600,3.70078700
272.97229997,1.57480300,3.70078700
273.00429997,-5.51181100,3.77952800
273.03629997,-4.33070900,3.77952800
273.06829997,-9.84251900,3.70078700
273.10029997,1.96850400,3.77952800
273.13229997,-8.26771600,3.70078700
273.16429997,-5.51181100,3.77952800
273.19629997,-5.51181100,3.70078700
273.22829996,-2.75590500,3.77952800
273.26029996,-8.66141700,3.70078700
273.29229996,-2.36220500,3.70078700
273.32429996,-3.93700800,3.77952800
273.35629996,-1.96850400,3.77952800
273.38829996,-4.72440900,3.77952800
273.42029996,-5.51181100,3.77952800
273.45229996,-1.96850400,3.77952800
273.48429996,-0.78740150,3.77952800
273.51629996,-5.11811000,3.77952800
273.54829996,-7.48031400,3.77952800
273.58029995,-4.33070900,3.70078700
273.61229995,-11.41732000,3.77952800
273.64429995,-11.02362000,3.77952800
273.67629995,-11.41732000,3.70078700
273.70829995,-7.87401500,3.77952800
273.74029995,-14.56693000,3.70078700
273.77229995,-12.59842000,3.70078700
273.80429995,-16.92913000,3.77952800
273.83629995,-7.48031400,3.77952800
273.86829995,-14.56693000,3.77952800
273.90029995,-9.84251900,3.77952800
273.93229995,-12.59842000,3.77952800
273.96429994,-8.66141700,3.77952800
273.99629994,-19.68504000,3.70078700
274.02829994,-6.69291300,3.77952800
274.06029994,-14.17323000,3.70078700
274.09229994,-5.90551100,3.70078700
274.12429994,-14.56693000,3.70078700
274.15629994,-11.41732000,3.77952800
274.18829994,-17.32283000,3.70078700
274.22029994,-6.29921200,3.77952800
274.25229994,-19.29134000,3.70078700
274.28429994,-6.69291300,3.77952800
274.31629993,-10.23622000,3.70078700
274.34829993,-9.84251900,3.77952800
274.38029993,-16.53543000,3.70078700
274.41229993,-3.54330700,3.77952800
274.44429993,-11.41732000,3.70078700
274.47629993,-5.90551100,3.77952800
274.50829993,-9.44881800,3.70078700
274.54029993,-8.26771600,3.77952800
274.57229993,-10.23622000,3.70078700
274.60429993,-7.48031400,3.77952800
274.63629993,-11.81102000,3.70078700
274.66829992,-5.51181100,3.70078700
274.70029992,-8.26771600,3.70078700
274.73229992,-12.99213000,3.77952800
274.76429992,-10.62992000,3.70078700
274.79629992,-6.69291300,3.77952800
274.82829992,-9.44881800,3.77952800
274.86029992,-11.02362000,3.77952800
274.89229992,-7.87401500,3.77952800
274.92429992,-12.20472000,3.70078700
274.95629992,-10.23622000,3.77952800
274.98829992,-14.96063000,3.77952800
275.02029991,-10.62992000,3.70078700
275.05229991,-12.20472000,3.70078700
275.08429991,-14.96063000,3.77952800
275.11629991,-21.25984000,3.70078700
275.14829991,-10.62992000,3.77952800
275.18029991,-19.29134000,3.77952800
275.21229991,-13.77953000,3.77952800
275.24429991,-17.71653000,3.70078700
275.27629991,-13.77953000,3.77952800
275.30829991,-22.04724000,3.70078700
275.34029991,-12.20472000,3.77952800
275.37229990,-20.47244000,3.70078700
275.40429990,-7.48031400,3.70078700
275.43629990,-14.17323000,3.70078700
275.46829990,-12.99213000,3.77952800
275.50029990,-16.92913000,3.70078700
275.53229990,-5.11811000,3.70078700
275.56429990,-20.07874000,3.70078700
275.59629990,-8.66141700,3.77952800
275.62829990,-11.41732000,3.70078700
275.66029990,-10.62992000,3.77952800
275.69229990,-17.71653000,3.70078700
275.72429989,-9.84251900,3.77952800
275.75629989,-16.14173000,3.70078700
275.78829989,-7.48031400,3.77952800
275.82029989,-12.59842000,3.70078700
275.85229989,-11.81102000,3.70078700
275.88429989,-11.02362000,3.70078700
275.91629989,-7.08661400,3.77952800
275.94829989,-13.77953000,3.70078700
275.98029989,-5.90551100,3.77952800
276.01229989,-6.69291300,3.70078700
276.04429989,-8.66141700,3.70078700
276.07629988,-8.66141700,3.70078700
276.10829988,-7.87401500,3.77952800
276.14029988,-6.69291300,3.77952800
276.17229988,-9.44881800,3.70078700
276.20429988,-10.62992000,3.70078700
276.23629988,-11.41732000,3.77952800
276.26829988,-7.08661400,3.70078700
276.30029988,-15.74803000,3.77952800
276.33229988,-14.56693000,3.77952800
276.36429988,-12.99213000,3.77952800
276.39629988,-11.41732000,3.70078700
276.42829987,-19.29134000,3.77952800
276.46029987,-12.59842000,3.77952800
276.49229987,-16.53543000,3.70078700
276.52429987,-9.44881800,3.77952800
276.55629987,-17.32283000,3.70078700
276.58829987,-13.77953000,3.77952800
276.62029987,-16.92913000,3.70078700
276.65229987,-10.23622000,3.77952800
276.68429987,-21.25984000,3.70078700
276.71629987,-11.81102000,3.70078700
276.74829987,-19.29134000,3.70078700
276.78029986,-11.41732000,3.77952800
276.81229986,-17.32283000,3.70078700
276.84429986,-9.84251900,3.70078700
276.87629986,-20.47244000,3.70078700
276.90829986,-8.66141700,3.77952800
276.94029986,-15.35433000,3.70078700
276.97229986,-8.26771600,3.70078700
277.00429986,-16.14173000,3.70078700
277.03629986,-7.87401500,3.77952800
277.06829986,-12.20472000,3.70078700
277.10029986,-5.90551100,3.70078700
277.13229985,-15.74803000,3.77952800
277.16429985,-10.23622000,3.70078700
277.19629985,-9.44881800,3.70078700
277.22829985,-8.26771600,3.77952800
277.26029985,-16.53543000,3.70078700
277.29229985,-9.44881800,3.77952800
277.32429985,-10.62992000,3.77952800
277.35629985,-8.66141700,3.70078700
277.38829985,-9.44881800,3.77952800
277.42029985,-10.23622000,3.70078700
277.45229985,-6.69291300,3.70078700
277.48429984,-6.69291300,3.77952800
277.51629984,-9.05511800,3.70078700
277.54829984,-10.23622000,3.77952800
277.58029984,-5.51181100,3.70078700
277.61229984,-11.02362000,3.70078700
277.64429984,-10.62992000,3.77952800
277.67629984,-13.77953000,3.77952800
277.70829984,-12.59842000,3.77952800
277.74029984,-14.96063000,3.70078700
277.77229984,-11.81102000,3.77952800
277.80429984,-16.92913000,3.77952800
277.83629983,-10.62992000,3.77952800
277.86829983,-20.86614000,3.70078700
277.90029983,-12.59842000,3.77952800
277.93229983,-15.74803000,3.70078700
277.96429983,-8.66141700,3.70078700
277.99629983,-19.68504000,3.70078700
278.02829983,-6.29921200,3.77952800
278.06029983,-13.77953000,3.70078700
278.09229983,-9.84251900,3.77952800
278.12429983,-18.11024000,3.70078700
278.15629983,-7.48031400,3.77952800
278.18829982,-12.20472000,3.77952800
278.22029982,-7.08661400,3.77952800
278.25229982,-25.19685000,3.70078700
278.28429982,-6.69291300,3.70078700
278.31629982,-9.44881800,3.77952800
278.34829982,-11.41732000,3.77952800
278.38029982,-14.17323000,3.70078700
278.41229982,-5.90551100,3.70078700
278.44429982,-9.05511800,3.77952800
278.47629982,-9.44881800,3.70078700
278.50829982,-9.84251900,3.70078700
278.54029981,-3.93700800,3.77952800
278.57229981,-2.75590500,3.70078700
278.60429981,-5.51181100,3.70078700
278.63629981,-8.26771600,3.77952800
278.66829981,-3.14960600,3.77952800
278.70029981,-4.33070900,3.77952800
278.73229981,-7.48031400,3.77952800
278.76429981,-4.33070900,3.77952800
278.79629981,-3.93700800,3.77952800
278.82829981,-6.69291300,3.77952800
278.86029981,-8.26771600,3.77952800
278.89229980,-4.72440900,3.77952800
278.92429980,-6.69291300,3.77952800
278.95629980,-4.72440900,3.77952800
278.98829980,-10.62992000,3.77952800
279.02029980,-6.69291300,3.77952800
279.05229980,-7.08661400,3.77952800
279.08429980,-8.66141700,3.77952800
279.11629980,-11.02362000,3.77952800
279.14829980,-1.96850400,3.77952800
279.18029980,-8.66141700,3.77952800
279.21229980,-9.44881800,3.77952800
279.24429979,-13.38583000,3.77952800
279.27629979,-3.93700800,3.77952800
279.30829979,-9.05511800,3.70078700
279.34029979,-7.08661400,3.77952800
279.37229979,-14.17323000,3.70078700
279.40429979,-2.36220500,3.77952800
279.43629979,-8.66141700,3.70078700
279.46829979,-7.48031400,3.77952800
279.50029979,-8.26771600,3.77952800
279.53229979,2.75590500,3.77952800
279.56429979,-5.90551100,3.77952800
279.59629978,-3.14960600,3.77952800
279.62829978,-4.72440900,3.70078700
279.66029978,0.78740150,3.77952800
279.69229978,-2.75590500,3.77952800
279.72429978,-0.78740150,3.70078700
279.75629978,-4.33070900,3.70078700
279.78829978,0.00000000,3.77952800
279.82029978,-5.51181100,3.70078700
279.85229978,-3.93700800,3.77952800
279.88429978,1.18110200,3.77952800
279.91629978,1.18110200,3.77952800
279.94829977,-2.75590500,3.77952800
279.98029977,0.78740150,3.77952800
280.01229977,1.18110200,3.77952800
280.04429977,0.39370070,3.77952800
280.07629977,1.18110200,3.77952800
280.10829977,1.96850400,3.77952800
280.14029977,3.14960600,3.77952800
280.17229977,-0.39370070,3.77952800
280.20429977,-2.36220500,3.77952800
280.23629977,-1.18110200,3.77952800
280.26829977,3.14960600,3.77952800
280.30029976,-7.08661400,3.77952800
280.33229976,-5.51181100,3.77952800
280.36429976,-6.29921200,3.77952800
280.39629976,-6.29921200,3.77952800
280.42829976,-10.23622000,3.77952800
280.46029976,-4.72440900,3.77952800
280.49229976,-9.05511800,3.77952800
280.52429976,0.00000000,3.70078700
280.55629976,-9.05511800,3.70078700
280.58829976,-5.51181100,3.70078700
280.62029976,-5.11811000,3.77952800
280.65229975,-1.96850400,3.77952800
280.68429975,-11.02362000,3.70078700
280.71629975,0.78740150,3.77952800
280.74829975,-5.90551100,3.70078700
280.78029975,-1.96850400,3.77952800
280.81229975,-3.54330700,3.70078700
280.84429975,0.00000000,3.77952800
280.87629975,-29.52756000,2.28346500
280.90829975,12.59842000,0.70866140
280.94029975,-11.02362000,0.62992130
280.97229975,1.18110200,0.55118110
281.00429975,-2.36220500,0.47244100
281.03629974,-1.18110200,0.47244100
281.06829974,-5.51181100,0.39370080
281.10029974,5.90551100,0.39370080
281.13229974,-3.93700800,0.39370080
281.16429974,-0.78740150,0.31496060
281.19629974,-1.96850400,0.31496060
281.22829974,1.96850400,0.23622050
281.26029974,-2.75590500,0.23622050
281.29229974,-0.78740150,0.23622050
281.32429974,-2.36220500,0.23622050
281.35629974,0.39370070,0.23622050
281.38829973,-1.18110200,0.23622050
281.42029973,-2.36220500,0.15748030
281.45229973,2.36220500,0.15748030
281.48429973,1.57480300,0.15748030
281.51629973,-2.36220500,0.15748030
281.54829973,-1.96850400,0.15748030
281.58029973,1.18110200,0.15748030
281.61229973,-4.33070900,0.15748030
281.64429973,-2.75590500,0.15748030
281.67629973,-5.51181100,0.15748030
281.70829973,-2.36220500,0.15748030
281.74029972,-7.48031400,0.15748030
281.77229972,-8.26771600,0.07874016
281.80429972,-9.44881800,0.07874016
281.83629972,-3.14960600,0.15748030
281.86829972,-9.84251900,0.07874016
281.90029972,-8.66141700,0.15748030
281.93229972,-8.66141700,0.07874016
281.96429972,-2.36220500,0.15748030
281.99629972,-10.23622000,0.15748030
282.02829972,-3.14960600,0.07874016
282.06029972,-7.48031400,0.15748030
282.09229971,0.00000000,0.07874016
282.12429971,-4.33070900,0.07874016
282.15629971,-1.96850400,0.07874016
282.18829971,-6.69291300,0.15748030
282.22029971,5.11811000,0.07874016
282.25229971,-7.87401500,0.07874016
282.28429971,0.78740150,0.07874016
282.31629971,-3.54330700,0.07874016
282.34829971,-0.78740150,0.07874016
282.38029971,-4.72440900,0.07874016
282.41229971,0.78740150,0.07874016
282.44429970,-4.33070900,0.07874016
282.47629970,0.78740150,0.07874016
282.50829970,-3.14960600,0.07874016
282.54029970,0.00000000,0.07874016
282.57229970,1.57480300,0.07874016
282.60429970,0.78740150,0.07874016
282.63629970,-1.96850400,0.07874016
282.66829970,6.29921200,0.07874016
282.70029970,3.14960600,0.07874016
282.73229970,0.39370070,0.07874016
282.76429970,3.54330700,0.07874016
282.79629969,3.93700800,0.07874016
282.82829969,1.96850400,0.07874016
282.86029969,0.39370070,0.07874016
282.89229969,1.18110200,0.07874016
282.92429969,-1.18110200,0.07874016
282.95629969,0.00000000,0.07874016
282.98829969,-6.29921200,0.07874016
283.02029969,-0.39370070,0.07874016
283.05229969,-0.39370070,0.07874016
283.08429969,-1.96850400,0.07874016
283.11629969,-6.69291300,0.07874016
283.14829968,-0.39370070,0.07874016
283.18029968,-6.69291300,0.07874016
283.21229968,-0.39370070,0.07874016
283.24429968,-6.29921200,0.07874016
283.27629968,1.57480300,0.07874016
283.30829968,-3.54330700,0.07874016
283.34029968,-3.54330700,0.07874016
283.37229968,-9.44881800,0.07874016
283.40429968,2.36220500,0.07874016
283.43629968,-5.90551100,0.07874016
283.46829968,-3.93700800,0.07874016
283.50029967,-7.87401500,0.07874016
283.53229967,3.54330700,0.07874016
283.56429967,-5.11811000,0.07874016
283.59629967,1.96850400,0.07874016
283.62829967,-3.93700800,0.07874016
283.66029967,5.90551100,0.07874016
283.69229967,-3.54330700,0.07874016
283.72429967,1.18110200,0.07874016
283.75629967,0.78740150,0.07874016
283.78829967,3.93700800,0.07874016
283.82029967,-2.36220500,0.07874016
283.85229966,1.96850400,0.07874016
283.88429966,1.96850400,0.07874016
283.91629966,-0.39370070,0.07874016
283.94829966,-4.72440900,0.07874016
283.98029966,2.75590500,0.07874016
284.01229966,1.57480300,0.07874016
284.04429966,0.78740150,0.07874016
284.07629966,0.00000000,0.07874016
284.10829966,1.18110200,0.07874016
284.14029966,3.14960600,0.07874016
284.17229966,1.57480300,0.07874016
284.20429965,-0.39370070,0.00000000
284.23629965,0.39370070,0.07874016
284.26829965,1.96850400,0.07874016
284.30029965,-7.48031400,0.07874016
284.33229965,-3.54330700,0.07874016
284.36429965,-3.14960600,0.07874016
284.39629965,-2.36220500,0.07874016
284.42829965,-8.66141700,0.07874016
284.46029965,-7.08661400,0.07874016
284.49229965,-11.81102000,0.07874016
284.52429965,-2.36220500,0.07874016
284.55629964,-12.20472000,0.07874016
284.58829964,-3.54330700,0.07874016
284.62029964,-3.54330700,0.07874016
284.65229964,-4.72440900,0.07874016
284.68429964,-11.81102000,0.07874016
284.71629964,1.18110200,0.07874016
284.74829964,-4.33070900,0.07874016
284.78029964,-2.36220500,0.07874016
284.81229964,-9.84251900,0.07874016
284.84429964,0.39370070,0.07874016
284.87629964,-6.69291300,0.07874016
284.90829963,-2.75590500,0.07874016
284.94029963,-10.62992000,0.07874016
284.97229963,3.14960600,0.07874016
285.00429963,-5.11811000,0.07874016
285.03629963,-4.33070900,0.07874016
285.06829963,-3.93700800,0.07874016
285.10029963,1.57480300,0.07874016
285.13229963,-4.33070900,0.07874016
285.16429963,1.57480300,0.07874016
285.19629963,0.78740150,0.07874016
285.22829963,1.96850400,0.07874016
285.26029962,-3.54330700,0.07874016
285.29229962,1.57480300,0.07874016
285.32429962,0.00000000,0.07874016
285.35629962,3.14960600,0.07874016
285.38829962,-2.75590500,0.07874016
285.42029962,-3.93700800,0.07874016
285.45229962,-0.78740150,0.07874016
285.48429962,-1.96850400,0.07874016
285.51629962,-4.33070900,0.07874016
285.54829962,-2.36220500,0.07874016
285.58029962,0.39370070,0.07874016
285.61229961,-6.29921200,0.07874016
285.64429961,-4.72440900,0.07874016
285.67629961,-7.08661400,0.07874016
285.70829961,-1.18110200,0.07874016
285.74029961,-6.29921200,0.07874016
285.77229961,-7.08661400,0.07874016
285.80429961,-10.23622000,0.07874016
285.83629961,-1.18110200,0.07874016
285.86829961,-12.59842000,0.07874016
285.90029961,-6.29921200,0.07874016
285.93229961,-5.90551100,0.07874016
285.96429960,-5.90551100,0.07874016
285.99629960,-13.77953000,0.07874016
286.02829960,-4.33070900,0.07874016
286.06029960,-7.87401500,0.07874016
286.09229960,-3.14960600,0.07874016
286.12429960,-11.81102000,0.07874016
286.15629960,-0.78740150,0.07874016
286.18829960,-4.33070900,0.07874016
286.22029960,-1.18110200,0.07874016
286.25229960,-14.17323000,0.07874016
286.28429960,3.54330700,0.07874016
286.31629959,-3.54330700,0.07874016
286.34829959,-1.96850400,0.07874016
286.38029959,-4.33070900,0.07874016
286.41229959,-1.18110200,0.07874016
286.44429959,-5.51181100,0.07874016
286.47629959,-0.39370070,0.07874016
286.50829959,-5.11811000,0.07874016
286.54029959,-1.57480300,0.07874016
286.57229959,-3.54330700,0.07874016
286.60429959,-2.75590500,0.07874016
286.63629959,-2.75590500,0.07874016
286.66829958,2.36220500,0.07874016
286.70029958,-0.78740150,0.07874016
286.73229958,-1.57480300,0.07874016
286.76429958,0.78740150,0.07874016
286.79629958,0.00000000,0.07874016
286.82829958,-2.36220500,0.07874016
286.86029958,-2.75590500,0.07874016
286.89229958,-0.78740150,0.07874016
286.92429958,-3.93700800,0.07874016
286.95629958,-3.14960600,0.07874016
286.98829958,-10.23622000,0.07874016
287.02029957,-3.54330700,0.07874016
287.05229957,-7.08661400,0.07874016
287.08429957,-9.44881800,0.07874016
287.11629957,-11.81102000,0.07874016
287.14829957,-1.57480300,0.07874016
287.18029957,-10.23622000,0.07874016
287.21229957,-4.72440900,0.07874016
287.24429957,-7.08661400,0.07874016
287.27629957,-3.54330700,0.07874016
287.30829957,-8.66141700,0.07874016
287.34029957,-4.33070900,0.07874016
287.37229956,-10.62992000,0.07874016
287.40429956,-1.57480300,0.07874016
287.43629956,-13.77953000,0.07874016
287.46829956,-3.93700800,0.07874016
287.50029956,-6.29921200,0.07874016
287.53229956,-3.14960600,0.07874016
287.56429956,-12.99213000,0.07874016
287.59629956,-1.57480300,0.07874016
287.62829956,-7.48031400,0.07874016
287.66029956,-0.39370070,0.07874016
287.69229956,-2.75590500,0.07874016
287.72429955,-1.96850400,0.07874016
287.75629955,-3.14960600,0.07874016
287.78829955,3.93700800,0.00000000
287.82029955,-3.93700800,0.07874016
287.85229955,0.00000000,0.07874016
287.88429955,0.78740150,0.07874016
287.91629955,0.00000000,0.07874016
287.94829955,-4.33070900,0.07874016
287.98029955,-1.57480300,0.07874016
288.01229955,-2.36220500,0.07874016
288.04429955,-3.14960600,0.07874016
288.07629954,-1.57480300,0.07874016
288.10829954,-2.75590500,0.07874016
288.14029954,-1.57480300,0.07874016
288.17229954,-1.96850400,0.07874016
288.20429954,-3.54330700,0.07874016
288.23629954,-0.39370070,0.00000000
288.26829954,1.18110200,0.07874016
288.30029954,-5.11811000,0.07874016
288.33229954,-1.57480300,0.07874016
288.36429954,-5.51181100,0.07874016
288.39629954,-7.48031400,0.07874016
288.42829954,-11.41732000,0.07874016
288.46029953,-5.90551100,0.07874016
288.49229953,-9.84251900,0.07874016
288.52429953,-4.72440900,0.07874016
288.55629953,-13.38583000,0.07874016
288.58829953,-7.87401500,0.07874016
288.62029953,-8.66141700,0.07874016
288.65229953,-3.93700800,0.07874016
288.68429953,-12.59842000,0.07874016
288.71629953,-0.78740150,0.07874016
288.74829953,-12.59842000,0.07874016
288.78029953,-2.75590500,0.07874016
288.81229952,-10.23622000,0.07874016
288.84429952,-1.57480300,0.07874016
288.87629952,-9.05511800,0.07874016
288.90829952,0.78740150,0.07874016
288.94029952,-10.23622000,0.07874016
288.97229952,-0.78740150,0.07874016
289.00429952,-4.33070900,0.07874016
289.03629952,-7.48031400,0.07874016
289.06829952,-7.48031400,0.07874016
289.10029952,1.57480300,0.07874016
289.13229952,-5.90551100,0.07874016
289.16429951,-2.75590500,0.07874016
289.19629951,-5.90551100,0.07874016
289.22829951,1.57480300,0.07874016
289.26029951,-2.36220500,0.07874016
289.29229951,-0.39370070,0.00000000
289.32429951,-3.54330700,0.07874016
289.35629951,1.18110200,0.07874016
289.38829951,-6.69291300,0.00000000
289.42029951,-3.54330700,0.07874016
289.45229951,1.18110200,0.07874016
289.48429951,-0.78740150,0.07874016
289.51629950,-5.90551100,0.07874016
289.54829950,-6.69291300,0.00000000
289.58029950,-3.14960600,0.07874016
289.61229950,-8.26771600,0.00000000
289.64429950,-4.72440900,0.07874016
289.67629950,-9.84251900,0.07874016
289.70829950,-5.51181100,0.07874016
289.74029950,-10.62992000,0.07874016
289.77229950,-8.26771600,0.00000000
289.80429950,-9.84251900,0.07874016
289.83629950,-2.36220500,0.07874016
289.86829949,-12.59842000,0.07874016
289.90029949,-9.44881800,0.07874016
289.93229949,-9.44881800,0.07874016
289.96429949,-7.87401500,0.07874016
289.99629949,-14.17323000,0.07874016
290.02829949,-4.72440900,0.07874016
290.06029949,-10.62992000,0.07874016
290.09229949,-3.54330700,0.07874016
290.12429949,-12.20472000,0.07874016
290.15629949,-9.05511800,0.07874016
290.18829949,-3.54330700,0.07874016
290.22029948,-1.57480300,0.07874016
290.25229948,-8.66141700,0.07874016
290.28429948,1.57480300,0.07874016
290.31629948,-1.18110200,0.07874016
290.34829948,-0.39370070,0.00000000
290.38029948,-4.72440900,0.07874016
290.41229948,4.33070900,0.00000000
290.44429948,-2.75590500,0.07874016
290.47629948,0.39370070,0.07874016
290.50829948,-5.11811000,0.07874016
290.54029948,0.00000000,0.07874016
290.57229947,-1.57480300,0.07874016
290.60429947,-0.78740150,0.07874016
290.63629947,-2.75590500,0.07874016
290.66829947,3.93700800,0.07874016
290.70029947,-2.75590500,0.07874016
290.73229947,-1.18110200,0.07874016
290.76429947,2.36220500,0.00000000
290.79629947,4.33070900,0.00000000
290.82829947,3.54330700,0.07874016
290.86029947,0.00000000,0.07874016
290.89229947,0.00000000,0.07874016
290.92429946,-0.39370070,0.07874016
290.95629946,0.00000000,0.00000000
290.98829946,-7.87401500,0.07874016
291.02029946,-1.18110200,0.00000000
291.05229946,-5.51181100,0.07874016
291.08429946,-9.44881800,0.00000000
291.11629946,-11.81102000,0.07874016
291.14829946,-1.96850400,0.07874016
291.18029946,-8.66141700,0.07874016
291.21229946,-4.33070900,0.07874016
291.24429946,-12.59842000,0.07874016
291.27629945,-0.39370070,0.07874016
291.30829945,-7.87401500,0.07874016
291.34029945,-4.33070900,0.07874016
291.37229945,-12.59842000,0.07874016
291.40429945,3.14960600,0.07874016
291.43629945,-9.44881800,0.07874016
291.46829945,-5.51181100,0.07874016
291.50029945,-5.90551100,0.07874016
291.53229945,-1.96850400,0.07874016
291.56429945,-9.44881800,0.07874016
291.59629945,-0.78740150,0.00000000
291.62829944,-8.66141700,0.07874016
291.66029944,0.00000000,0.00000000
291.69229944,-5.90551100,0.07874016
291.72429944,-1.57480300,0.07874016
291.75629944,-1.18110200,0.07874016
291.78829944,3.93700800,0.07874016
291.82029944,-5.90551100,0.07874016
291.85229944,1.18110200,0.00000000
291.88429944,0.78740150,0.07874016
291.91629944,1.18110200,0.07874016
291.94829944,-1.18110200,0.07874016
291.98029943,1.18110200,0.07874016
292.01229943,-1.96850400,0.07874016
292.04429943,0.39370070,0.07874016
292.07629943,-5.11811000,0.07874016
292.10829943,-0.78740150,0.07874016
292.14029943,1.18110200,0.07874016
292.17229943,-1.96850400,0.07874016
292.20429943,-4.33070900,0.00000000
292.23629943,-1.18110200,0.07874016
292.26829943,0.39370070,0.07874016
292.30029943,-7.08661400,0.07874016
292.33229942,-2.36220500,0.07874016
292.36429942,-5.51181100,0.07874016
292.39629942,-3.54330700,0.07874016
292.42829942,-8.26771600,0.07874016
292.46029942,-6.29921200,0.07874016
292.49229942,-6.69291300,0.07874016
292.52429942,-3.93700800,0.07874016
292.55629942,-12.59842000,0.07874016
292.58829942,-4.72440900,0.07874016
292.62029942,-9.44881800,0.07874016
292.65229942,-6.69291300,0.07874016
292.68429941,-12.20472000,0.07874016
292.71629941,-2.36220500,0.07874016
292.74829941,-11.41732000,0.07874016
292.78029941,-1.57480300,0.07874016
292.81229941,-8.66141700,0.07874016
292.84429941,-0.78740150,0.07874016
292.87629941,-4.72440900,0.07874016
292.90829941,-1.18110200,0.07874016
292.94029941,-9.44881800,0.07874016
292.97229941,2.75590500,0.07874016
293.00429941,-5.11811000,0.07874016
293.03629940,-3.54330700,0.00000000
293.06829940,-3.54330700,0.07874016
293.10029940,0.78740150,0.07874016
293.13229940,-7.87401500,0.07874016
293.16429940,-1.18110200,0.07874016
293.19629940,-6.29921200,0.07874016
293.22829940,0.00000000,0.07874016
293.26029940,-4.33070900,0.07874016
293.29229940,-2.36220500,0.00000000
293.32429940,-1.57480300,0.07874016
293.35629940,3.93700800,0.00000000
293.38829939,-1.96850400,0.07874016
293.42029939,-1.18110200,0.07874016
293.45229939,1.96850400,0.07874016
293.48429939,0.00000000,0.07874016
293.51629939,-2.75590500,0.07874016
293.54829939,-2.36220500,0.07874016
293.58029939,-1.96850400,0.00000000
293.61229939,-6.29921200,0.07874016
293.64429939,-5.51181100,0.00000000
293.67629939,-10.62992000,0.07874016
293.70829939,-4.33070900,0.07874016
293.74029938,-9.44881800,0.00000000
293.77229938,-10.62992000,0.07874016
293.80429938,-11.02362000,0.07874016
293.83629938,-3.14960600,0.00000000
293.86829938,-12.59842000,0.07874016
293.90029938,-8.26771600,0.07874016
293.93229938,-12.99213000,0.07874016
293.96429938,-4.33070900,0.07874016
293.99629938,-12.20472000,0.07874016
294.02829938,-6.69291300,0.07874016
294.06029938,-14.17323000,0.07874016
294.09229937,-5.90551100,0.07874016
294.12429937,-19.68504000,0.07874016
294.15629937,-7.08661400,0.00000000
294.18829937,-9.84251900,0.07874016
294.22029937,-7.48031400,0.07874016
294.25229937,-14.17323000,0.07874016
294.28429937,-3.93700800,0.00000000
294.31629937,-13.77953000,0.07874016
294.34829937,-1.96850400,0.07874016
294.38029937,-8.66141700,0.07874016
294.41229937,-5.11811000,0.07874016
294.44429936,-9.84251900,0.07874016
294.47629936,-2.36220500,0.07874016
294.50829936,-9.05511800,0.07874016
294.54029936,-3.93700800,0.07874016
294.57229936,-5.90551100,0.00000000
294.60429936,-9.05511800,0.00000000
294.63629936,-16.14173000,0.07874016
294.66829936,-2.75590500,0.07874016
294.70029936,-7.48031400,0.00000000
294.73229936,-7.08661400,0.07874016
294.76429936,-8.26771600,0.07874016
294.79629935,-5.90551100,0.00000000
294.82829935,-7.48031400,0.07874016
294.86029935,-8.66141700,0.00000000
294.89229935,-7.48031400,0.07874016
294.92429935,-6.29921200,0.07874016
294.95629935,-7.87401500,0.07874016
294.98829935,-14.96063000,0.07874016
295.02029935,-9.84251900,0.07874016
295.05229935,-11.02362000,0.07874016
295.08429935,-11.02362000,0.07874016
295.11629935,-14.56693000,0.07874016
295.14829934,-11.41732000,0.00000000
295.18029934,-16.53543000,0.07874016
295.21229934,-9.84251900,0.07874016
295.24429934,-16.14173000,0.07874016
295.27629934,-8.26771600,0.00000000
295.30829934,-14.17323000,0.07874016
295.34029934,-8.26771600,0.00000000
295.37229934,-15.35433000,0.07874016
295.40429934,-5.51181100,0.07874016
295.43629934,-14.56693000,0.07874016
295.46829934,-6.29921200,0.00000000
295.50029934,-11.02362000,0.07874016
295.53229933,-6.69291300,0.07874016
295.56429933,-16.92913000,0.07874016
295.59629933,-6.29921200,0.07874016
295.62829933,-12.59842000,0.07874016
295.66029933,-2.75590500,0.07874016
295.69229933,-11.81102000,0.07874016
295.72429933,-9.05511800,0.00000000
295.75629933,-8.26771600,0.07874016
295.78829933,-4.33070900,0.07874016
295.82029933,-10.62992000,0.07874016
295.85229933,-2.36220500,0.07874016
295.88429932,-5.51181100,0.07874016
295.91629932,-2.36220500,0.07874016
295.94829932,-6.69291300,0.07874016
295.98029932,-4.72440900,0.07874016
296.01229932,-3.54330700,0.07874016
296.04429932,-1.96850400,0.07874016
296.07629932,-9.44881800,0.07874016
296.10829932,-5.11811000,0.00000000
296.14029932,-3.93700800,0.07874016
296.17229932,-7.87401500,0.07874016
296.20429932,-8.66141700,0.00000000
296.23629931,-6.29921200,0.00000000
296.26829931,-6.29921200,0.00000000
296.30029931,-12.20472000,0.07874016
296.33229931,-9.05511800,0.00000000
296.36429931,-11.81102000,0.07874016
296.39629931,-7.87401500,0.07874016
296.42829931,-12.20472000,0.07874016
296.46029931,-10.62992000,0.00000000
296.49229931,-12.99213000,0.07874016
296.52429931,-6.69291300,0.00000000
296.55629931,-18.50394000,0.07874016
296.58829930,-11.41732000,0.07874016
296.62029930,-14.17323000,0.00000000
296.65229930,-10.62992000,0.07874016
296.68429930,-19.29134000,0.07874016
296.71629930,-7.87401500,0.07874016
296.74829930,-16.14173000,0.07874016
296.78029930,-9.05511800,0.07874016
296.81229930,-19.29134000,0.07874016
296.84429930,-6.29921200,0.00000000
296.87629930,-10.62992000,0.07874016
296.90829930,-8.66141700,0.07874016
296.94029929,-14.56693000,0.07874016
296.97229929,-2.75590500,0.07874016
297.00429929,-14.96063000,0.07874016
297.03629929,-3.93700800,0.00000000
297.06829929,-10.62992000,0.07874016
297.10029929,-6.69291300,0.07874016
297.13229929,-15.74803000,0.07874016
297.16429929,-6.69291300,0.00000000
297.19629929,-11.41732000,0.07874016
297.22829929,-6.29921200,0.00000000
297.26029929,-9.05511800,0.00000000
297.29229928,-10.23622000,0.07874016
297.32429928,-8.66141700,0.07874016
297.35629928,-3.14960600,0.00000000
297.38829928,-7.48031400,0.07874016
297.42029928,-6.29921200,0.07874016
297.45229928,-3.14960600,0.07874016
297.48429928,-3.93700800,0.00000000
297.51629928,-4.33070900,0.00000000
297.54829928,-5.90551100,0.07874016
297.58029928,-2.75590500,0.00000000
297.61229928,-7.08661400,0.00000000
297.64429927,-9.05511800,0.07874016
297.67629927,-13.77953000,0.07874016
297.70829927,-7.48031400,0.07874016
297.74029927,-12.20472000,0.00000000
297.77229927,-13.38583000,0.07874016
297.80429927,-14.56693000,0.00000000
297.83629927,-6.69291300,0.00000000
297.86829927,-16.14173000,0.07874016
297.90029927,-9.84251900,0.07874016
297.93229927,-17.71653000,0.07874016
297.96429927,-5.11811000,0.00000000
297.99629926,-13.38583000,0.07874016
298.02829926,-9.84251900,0.07874016
298.06029926,-15.74803000,0.07874016
298.09229926,-5.51181100,0.07874016
298.12429926,-12.99213000,0.07874016
298.15629926,-9.44881800,0.07874016
298.18829926,-10.62992000,0.07874016
298.22029926,-5.90551100,0.07874016
298.25229926,-16.92913000,0.07874016
298.28429926,-4.33070900,0.07874016
298.31629926,-9.84251900,0.07874016
298.34829925,-4.72440900,0.00000000
298.38029925,-8.66141700,0.07874016
298.41229925,-4.33070900,0.07874016
298.44429925,-12.20472000,0.07874016
298.47629925,0.00000000,0.00000000
298.50829925,-9.84251900,0.00000000
298.54029925,-3.54330700,0.00000000
298.57229925,-6.29921200,0.07874016
298.60429925,-5.90551100,0.00000000
298.63629925,-8.66141700,0.07874016
298.66829925,-5.11811000,0.00000000
298.70029924,-6.69291300,0.00000000
298.73229924,-6.29921200,0.07874016
298.76429924,-10.23622000,0.07874016
298.79629924,-5.51181100,0.00000000
298.82829924,-4.33070900,0.00000000
298.86029924,-9.05511800,0.00000000
298.89229924,-7.48031400,0.00000000
298.92429924,-5.51181100,0.00000000
298.95629924,-6.29921200,0.00000000
298.98829924,-12.59842000,0.00000000
299.02029924,-7.87401500,0.00000000
299.05229923,-11.41732000,0.07874016
299.08429923,-10.62992000,0.07874016
299.11629923,-16.53543000,0.07874016
299.14829923,-12.59842000,0.07874016
299.18029923,-14.96063000,0.07874016
299.21229923,-9.44881800,0.07874016
299.24429923,-19.29134000,0.00000000
299.27629923,-11.02362000,0.07874016
299.30829923,-15.74803000,0.07874016
299.34029923,-11.81102000,0.00000000
299.37229923,-16.92913000,0.07874016
299.40429922,-3.93700800,0.07874016
299.43629922,-14.56693000,0.07874016
299.46829922,-9.05511800,0.07874016
299.50029922,-19.68504000,0.07874016
299.53229922,-3.54330700,0.00000000
299.56429922,-11.02362000,0.07874016
299.59629922,-7.87401500,0.00000000
299.62829922,-14.17323000,0.07874016
299.66029922,-4.72440900,0.07874016
299.69229922,-12.59842000,0.07874016
299.72429922,-9.84251900,0.07874016
299.75629921,-7.48031400,0.07874016
299.78829921,-4.33070900,0.07874016
299.82029921,-12.20472000,0.07874016
299.85229921,-5.11811000,0.07874016
299.88429921,-6.69291300,0.07874016
299.91629921,-3.93700800,0.07874016
299.94829921,-4.72440900,0.07874016
299.98029921,-4.33070900,0.00000000
300.01229921,-3.93700800,0.00000000
300.04429921,-1.57480300,0.07874016
300.07629921,-6.29921200,0.00000000
300.10829920,-4.72440900,0.00000000
300.14029920,-1.18110200,0.07874016
300.17229920,-4.72440900,0.00000000
300.20429920,-7.48031400,0.00000000
300.23629920,-8.26771600,0.00000000
300.26829920,-6.69291300,0.00000000
300.30029920,-10.62992000,0.07874016
300.33229920,-8.26771600,0.00000000
300.36429920,-12.99213000,0.07874016
300.39629920,-8.26771600,0.07874016
300.42829920,-13.77953000,0.07874016
300.46029919,-13.38583000,0.07874016
300.49229919,-10.62992000,0.07874016
300.52429919,-6.69291300,0.00000000
300.55629919,-13.38583000,0.07874016
300.58829919,-7.48031400,0.07874016
300.62029919,-13.77953000,0.07874016
300.65229919,-7.08661400,0.00000000
300.68429919,-14.56693000,0.07874016
300.71629919,-9.44881800,0.07874016
300.74829919,-14.56693000,0.07874016
300.78029919,-6.29921200,0.00000000
300.81229918,-19.68504000,0.07874016
300.84429918,-6.29921200,0.00000000
300.87629918,-7.87401500,0.07874016
300.90829918,-5.90551100,0.07874016
300.94029918,-15.35433000,0.07874016
300.97229918,-0.78740150,0.07874016
301.00429918,-8.66141700,0.07874016
301.03629918,-6.29921200,0.00000000
301.06829918,-9.44881800,0.07874016
301.10029918,-2.36220500,0.00000000
301.13229918,-13.77953000,0.07874016
301.16429917,-3.14960600,0.00000000
301.19629917,-11.81102000,0.07874016
301.22829917,-5.90551100,0.00000000
301.26029917,-9.05511800,0.07874016
301.29229917,-7.87401500,0.00000000
301.32429917,-8.66141700,0.07874016
301.35629917,-5.11811000,0.07874016
301.38829917,-9.05511800,0.00000000
301.42029917,-7.87401500,0.00000000
301.45229917,-6.29921200,0.00000000
301.48429917,-2.75590500,0.00000000
301.51629916,-3.14960600,0.00000000
301.54829916,-8.26771600,0.07874016
301.58029916,-7.48031400,0.00000000
301.61229916,-8.26771600,0.07874016
301.64429916,-9.44881800,0.07874016
301.67629916,-14.56693000,0.00000000
301.70829916,-7.87401500,0.00000000
301.74029916,-12.59842000,0.07874016
301.77229916,-14.56693000,0.07874016
301.80429916,-16.14173000,0.00000000
301.83629916,-11.41732000,0.00000000
301.86829915,-17.71653000,0.07874016
301.90029915,-7.08661400,0.07874016
301.93229915,-16.92913000,0.07874016
301.96429915,-10.23622000,0.00000000
301.99629915,-14.96063000,0.07874016
302.02829915,-11.41732000,0.07874016
302.06029915,-14.56693000,0.07874016
302.09229915,-3.93700800,0.00000000
302.12429915,-12.20472000,0.00000000
302.15629915,-10.23622000,0.00000000
302.18829915,-12.99213000,0.07874016
302.22029914,-5.11811000,0.07874016
302.25229914,-11.41732000,0.07874016
302.28429914,-7.08661400,0.07874016
302.31629914,-12.20472000,0.07874016
302.34829914,-3.93700800,0.00000000
302.38029914,-11.02362000,0.07874016
302.41229914,-6.69291300,0.00000000
302.44429914,-5.51181100,0.07874016
302.47629914,-1.18110200,0.00000000
302.50829914,-9.05511800,0.07874016
302.54029914,-3.93700800,0.00000000
302.57229914,-4.72440900,0.00000000
302.60429913,-3.93700800,0.00000000
302.63629913,-5.90551100,0.07874016
302.66829913,-3.93700800,0.00000000
302.70029913,-6.29921200,0.00000000
302.73229913,-5.51181100,0.07874016
302.76429913,-10.23622000,0.00000000
302.79629913,-5.90551100,0.07874016
302.82829913,-3.14960600,0.00000000
302.86029913,-7.08661400,0.00000000
302.89229913,-7.87401500,0.07874016
302.92429913,-5.90551100,0.07874016
302.95629912,-6.69291300,0.00000000
302.98829912,-10.62992000,0.07874016
303.02029912,-7.48031400,0.00000000
303.05229912,-9.05511800,0.07874016
303.08429912,-8.26771600,0.00000000
303.11629912,-12.59842000,0.07874016
303.14829912,-9.84251900,0.07874016
303.18029912,-11.02362000,0.07874016
303.21229912,-6.69291300,0.07874016
303.24429912,-16.92913000,0.07874016
303.27629912,-9.05511800,0.07874016
303.30829911,-13.38583000,0.07874016
303.34029911,-8.26771600,0.07874016
303.37229911,-14.17323000,0.07874016
303.40429911,-4.72440900,0.07874016
303.43629911,-11.41732000,0.07874016
303.46829911,-5.11811000,0.07874016
303.50029911,-14.17323000,0.07874016
303.53229911,-3.14960600,0.07874016
303.56429911,-7.08661400,0.07874016
303.59629911,-4.33070900,0.00000000
303.62829911,-7.48031400,0.07874016
303.66029910,-0.39370070,0.07874016
303.69229910,-11.41732000,0.07874016
303.72429910,-4.33070900,0.07874016
303.75629910,-8.26771600,0.07874016
303.78829910,-1.18110200,0.07874016
303.82029910,-8.66141700,0.00000000
303.85229910,-4.33070900,0.07874016
303.88429910,-8.66141700,0.07874016
303.91629910,-1.18110200,0.07874016
303.94829910,-5.11811000,0.00000000
303.98029910,-3.93700800,0.07874016
304.01229909,-1.18110200,0.07874016
304.04429909,0.78740150,0.00000000
304.07629909,-5.90551100,0.00000000
304.10829909,-1.96850400,0.00000000
304.14029909,-1.96850400,0.00000000
304.17229909,-2.75590500,0.00000000
304.20429909,-4.33070900,0.07874016
304.23629909,-5.11811000,0.00000000
304.26829909,-4.33070900,0.00000000
304.30029909,-7.48031400,0.00000000
304.33229909,-8.26771600,0.00000000
304.36429908,-11.81102000,0.00000000
304.39629908,-5.90551100,0.07874016
304.42829908,-10.62992000,0.07874016
304.46029908,-9.84251900,0.00000000
304.49229908,-8.26771600,0.07874016
304.52429908,-4.33070900,0.00000000
304.55629908,-10.62992000,0.07874016
304.58829908,-5.51181100,0.00000000
304.62029908,-9.44881800,0.07874016
304.65229908,-3.93700800,0.00000000
304.68429908,-7.87401500,0.07874016
304.71629907,-7.48031400,0.07874016
304.74829907,-12.20472000,0.00000000
304.78029907,-0.78740150,0.00000000
304.81229907,-15.35433000,0.07874016
304.84429907,-3.54330700,0.00000000
304.87629907,-7.48031400,0.07874016
304.90829907,-5.11811000,0.07874016
304.94029907,-11.41732000,0.07874016
304.97229907,-0.39370070,0.00000000
305.00429907,-10.62992000,0.07874016
305.03629907,0.78740150,0.00000000
305.06829906,-5.51181100,0.07874016
305.10029906,-2.75590500,0.07874016
305.13229906,-6.29921200,0.07874016
305.16429906,-0.78740150,0.00000000
305.19629906,-7.08661400,0.07874016
305.22829906,-1.57480300,0.00000000
305.26029906,-3.93700800,0.00000000
305.29229906,-6.69291300,0.07874016
305.32429906,-12.20472000,0.07874016
305.35629906,-0.78740150,0.07874016
305.38829906,-5.51181100,0.07874016
305.42029905,-4.72440900,0.00000000
305.45229905,-4.72440900,0.00000000
305.48429905,-3.54330700,0.00000000
305.51629905,-2.75590500,0.00000000
305.54829905,-6.69291300,0.00000000
305.58029905,-3.14960600,0.00000000
305.61229905,-3.93700800,0.07874016
305.64429905,-6.69291300,0.00000000
305.67629905,-12.99213000,0.00000000
305.70829905,-8.26771600,0.00000000
305.74029905,-11.81102000,0.07874016
305.77229904,-10.62992000,0.00000000
305.80429904,-14.17323000,0.00000000
305.83629904,-12.59842000,0.00000000
305.86829904,-15.35433000,0.07874016
305.90029904,-11.41732000,0.07874016
305.93229904,-16.53543000,0.07874016
305.96429904,-4.72440900,0.00000000
305.99629904,-12.20472000,0.07874016
306.02829904,-12.20472000,0.00000000
306.06029904,-20.86614000,0.07874016
306.09229904,-3.14960600,0.07874016
306.12429903,-13.77953000,0.07874016
306.15629903,-8.66141700,0.07874016
306.18829903,-13.77953000,0.07874016
306.22029903,-6.29921200,0.00000000
306.25229903,-14.17323000,0.07874016
306.28429903,-8.66141700,0.00000000
306.31629903,-9.84251900,0.07874016
306.34829903,-3.54330700,0.07874016
306.38029903,-12.20472000,0.07874016
306.41229903,-7.87401500,0.00000000
306.44429903,-7.08661400,0.07874016
306.47629902,-4.72440900,0.07874016
306.50829902,-9.05511800,0.00000000
306.54029902,-1.18110200,0.00000000
306.57229902,-3.14960600,0.07874016
306.60429902,-2.75590500,0.00000000
306.63629902,-5.51181100,0.07874016
306.66829902,-4.72440900,0.00000000
306.70029902,-3.14960600,0.00000000
306.73229902,-2.36220500,0.00000000
306.76429902,-7.08661400,0.00000000
306.79629902,-4.72440900,0.00000000
306.82829901,-3.54330700,0.00000000
306.86029901,-8.66141700,0.00000000
306.89229901,-6.69291300,0.00000000
306.92429901,-5.90551100,0.00000000
306.95629901,-6.69291300,0.00000000
306.98829901,-12.59842000,0.00000000
307.02029901,-10.23622000,0.07874016
307.05229901,-11.81102000,0.07874016
307.08429901,-7.48031400,0.00000000
307.11629901,-10.62992000,0.07874016
307.14829901,-8.66141700,0.00000000
307.18029900,-10.62992000,0.07874016
307.21229900,-7.48031400,0.07874016
307.24429900,-16.92913000,0.07874016
307.27629900,-8.26771600,0.00000000
307.30829900,-12.99213000,0.07874016
307.34029900,-9.05511800,0.07874016
307.37229900,-14.96063000,0.07874016
307.40429900,-7.08661400,0.07874016
307.43629900,-12.99213000,0.07874016
307.46829900,-7.48031400,0.07874016
307.50029900,-16.14173000,0.07874016
307.53229899,-3.54330700,0.07874016
307.56429899,-7.87401500,0.07874016
307.59629899,-9.05511800,0.07874016
307.62829899,-12.20472000,0.07874016
307.66029899,0.00000000,0.00000000
307.69229899,-12.99213000,0.07874016
307.72429899,-3.54330700,0.00000000
307.75629899,-8.66141700,0.07874016
307.78829899,-6.29921200,0.07874016
307.82029899,-12.99213000,0.07874016
307.85229899,-5.51181100,0.07874016
307.88429898,-9.44881800,0.07874016
307.91629898,-4.33070900,0.00000000
307.94829898,-7.48031400,0.00000000
307.98029898,-9.44881800,0.07874016
308.01229898,-10.62992000,0.07874016
308.04429898,-1.18110200,0.00000000
308.07629898,-7.48031400,0.00000000
308.10829898,-5.90551100,0.00000000
308.14029898,-4.33070900,0.07874016
308.17229898,-5.51181100,0.00000000
308.20429898,-6.29921200,0.00000000
308.23629897,-8.26771600,0.07874016
308.26829897,-4.33070900,0.00000000
308.30029897,-8.66141700,0.00000000
308.33229897,-12.20472000,0.00000000
308.36429897,-15.74803000,0.07874016
308.39629897,-10.23622000,0.00000000
308.42829897,-15.35433000,0.07874016
308.46029897,-11.81102000,0.00000000
308.49229897,-12.59842000,0.07874016
308.52429897,-11.02362000,0.07874016
308.55629897,-16.92913000,0.07874016
308.58829896,-9.84251900,0.00000000
308.62029896,-14.17323000,0.00000000
308.65229896,-6.29921200,0.00000000
308.68429896,-12.99213000,0.07874016
308.71629896,-11.41732000,0.07874016
308.74829896,-14.17323000,0.07874016
308.78029896,-5.11811000,0.00000000
308.81229896,-15.35433000,0.07874016
308.84429896,-8.26771600,0.00000000
308.87629896,-12.99213000,0.07874016
308.90829896,-6.69291300,0.00000000
308.94029895,-14.17323000,0.07874016
308.97229895,-6.69291300,0.07874016
309.00429895,-13.77953000,0.07874016
309.03629895,-1.96850400,0.00000000
309.06829895,-9.44881800,0.07874016
309.10029895,-4.72440900,0.07874016
309.13229895,-7.08661400,0.07874016
309.16429895,-3.14960600,0.00000000
309.19629895,-9.84251900,0.00000000
309.22829895,-2.36220500,0.00000000
309.26029895,-7.48031400,0.07874016
309.29229894,-7.87401500,0.00000000
309.32429894,-9.44881800,0.00000000
309.35629894,-5.90551100,0.00000000
309.38829894,-7.87401500,0.00000000
309.42029894,-6.69291300,0.07874016
309.45229894,-7.48031400,0.00000000
309.48429894,-4.33070900,0.00000000
309.51629894,-3.54330700,0.07874016
309.54829894,-7.08661400,0.07874016
309.58029894,-4.33070900,0.07874016
309.61229894,-3.54330700,0.07874016
309.64429894,-6.29921200,0.07874016
309.67629893,-10.62992000,0.00000000
309.70829893,-5.51181100,0.00000000
309.74029893,-11.41732000,0.07874016
309.77229893,-10.62992000,0.07874016
309.80429893,-15.35433000,0.07874016
309.83629893,-11.41732000,0.07874016
309.86829893,-13.38583000,0.07874016
309.90029893,-9.05511800,0.07874016
309.93229893,-16.14173000,0.07874016
309.96429893,-9.05511800,0.07874016
309.99629893,-16.53543000,0.07874016
310.02829892,-10.62992000,0.00000000
310.06029892,-13.77953000,0.07874016
310.09229892,-3.14960600,0.07874016
310.12429892,-13.77953000,0.00000000
310.15629892,-9.05511800,0.07874016
310.18829892,-16.53543000,0.07874016
310.22029892,-3.54330700,0.00000000
310.25229892,-10.62992000,0.07874016
310.28429892,-9.44881800,0.07874016
310.31629892,-11.81102000,0.07874016
310.34829892,-4.33070900,0.00000000
310.38029891,-19.29134000,0.07874016
310.41229891,-6.29921200,0.00000000
310.44429891,-6.29921200,0.00000000
310.47629891,-6.69291300,0.00000000
310.50829891,-13.38583000,0.07874016
310.54029891,-4.33070900,0.07874016
310.57229891,-7.08661400,0.07874016
310.60429891,-5.11811000,0.00000000
310.63629891,-6.69291300,0.00000000
310.66829891,-5.90551100,0.00000000
310.70029891,-6.69291300,0.07874016
310.73229890,-3.54330700,0.07874016
310.76429890,-7.87401500,0.00000000
310.79629890,-4.33070900,0.00000000
310.82829890,-4.33070900,0.00000000
310.86029890,-7.87401500,0.07874016
310.89229890,-8.66141700,0.07874016
310.92429890,-8.66141700,0.00000000
310.95629890,-9.05511800,0.00000000
310.98829890,-11.41732000,0.07874016
311.02029890,-9.05511800,0.00000000
311.05229890,-10.23622000,0.00000000
311.08429889,-7.87401500,0.07874016
311.11629889,-12.59842000,0.07874016
311.14829889,-9.05511800,0.00000000
311.18029889,-8.26771600,0.07874016
311.21229889,-7.87401500,0.07874016
311.24429889,-16.14173000,0.07874016
311.27629889,-5.51181100,0.07874016
311.30829889,-12.99213000,0.07874016
311.34029889,-9.05511800,0.00000000
311.37229889,-16.53543000,0.07874016
311.40429889,-5.90551100,0.00000000
311.43629888,-12.20472000,0.07874016
311.46829888,-7.87401500,0.07874016
311.50029888,-18.89764000,0.07874016
311.53229888,-3.93700800,0.00000000
311.56429888,-9.84251900,0.07874016
311.59629888,-6.69291300,0.07874016
311.62829888,-12.99213000,0.07874016
311.66029888,0.00000000,0.07874016
311.69229888,-11.02362000,0.07874016
311.72429888,-4.72440900,0.00000000
311.75629888,-7.48031400,0.07874016
311.78829887,-2.36220500,0.00000000
311.82029887,-5.51181100,0.00000000
311.85229887,-6.69291300,0.00000000
311.88429887,-10.23622000,0.07874016
311.91629887,-1.96850400,0.07874016
311.94829887,-8.66141700,0.07874016
311.98029887,-5.51181100,0.07874016
312.01229887,-3.14960600,0.00000000
312.04429887,-3.14960600,0.07874016
312.07629887,-7.08661400,0.00000000
312.10829887,-3.14960600,0.07874016
312.14029886,-3.14960600,0.07874016
312.17229886,-0.39370070,0.00000000
312.20429886,-2.36220500,0.00000000
312.23629886,-6.29921200,0.00000000
312.26829886,-4.33070900,0.00000000
312.30029886,-7.08661400,0.07874016
312.33229886,-8.66141700,0.00000000
312.36429886,-9.84251900,0.07874016
312.39629886,-4.72440900,0.00000000
312.42829886,-13.77953000,0.00000000
312.46029886,-12.99213000,0.00000000
312.49229885,-12.59842000,0.00000000
312.52429885,-9.44881800,0.07874016
312.55629885,-13.77953000,0.00000000
312.58829885,-7.08661400,0.07874016
312.62029885,-12.20472000,0.07874016
312.65229885,-7.48031400,0.00000000
312.68429885,-14.17323000,0.07874016
312.71629885,-7.08661400,0.07874016
312.74829885,-11.02362000,0.07874016
312.78029885,-2.36220500,0.00000000
312.81229885,-15.74803000,0.07874016
312.84429884,-8.66141700,0.07874016
312.87629884,-17.32283000,0.07874016
312.90829884,-5.51181100,0.00000000
312.94029884,-12.99213000,0.07874016
312.97229884,-7.08661400,0.00000000
313.00429884,-11.02362000,0.07874016
313.03629884,-5.51181100,0.07874016
313.06829884,-18.50394000,0.07874016
313.10029884,-2.75590500,0.00000000
313.13229884,-5.90551100,0.07874016
313.16429884,-6.29921200,0.07874016
313.19629883,-14.96063000,0.07874016
313.22829883,-1.18110200,0.07874016
313.26029883,-8.26771600,0.07874016
313.29229883,-7.48031400,0.07874016
313.32429883,-7.48031400,0.00000000
313.35629883,-5.51181100,0.07874016
313.38829883,-7.87401500,0.07874016
313.42029883,-8.66141700,0.00000000
313.45229883,-9.05511800,0.07874016
313.48429883,-4.33070900,0.00000000
313.51629883,-4.33070900,0.07874016
313.54829882,-8.26771600,0.00000000
313.58029882,-4.33070900,0.00000000
313.61229882,-4.72440900,0.00000000
313.64429882,-6.29921200,0.00000000
313.67629882,-9.05511800,0.07874016
313.70829882,-4.72440900,0.07874016
313.74029882,-11.02362000,0.07874016
313.77229882,-8.66141700,0.00000000
313.80429882,-14.56693000,0.00000000
313.83629882,-10.23622000,0.07874016
313.86829882,-13.38583000,0.07874016
313.90029881,-9.44881800,0.00000000
313.93229881,-16.92913000,0.07874016
313.96429881,-8.66141700,0.07874016
313.99629881,-20.47244000,0.07874016
314.02829881,-10.62992000,0.07874016
314.06029881,-13.77953000,0.07874016
314.09229881,-6.29921200,0.00000000
314.12429881,-11.81102000,0.07874016
314.15629881,-7.48031400,0.00000000
314.18829881,-12.59842000,0.07874016
314.22029881,-3.14960600,0.00000000
314.25229880,-11.02362000,0.07874016
314.28429880,-5.51181100,0.07874016
314.31629880,-9.84251900,0.07874016
314.34829880,-1.96850400,0.00000000
314.38029880,-11.81102000,0.07874016
314.41229880,-5.90551100,0.07874016
314.44429880,-7.87401500,0.07874016
314.47629880,-3.93700800,0.07874016
314.50829880,-9.05511800,0.07874016
314.54029880,-4.33070900,0.07874016
314.57229880,-5.90551100,0.00000000
314.60429879,-3.14960600,0.07874016
314.63629879,-8.66141700,0.07874016
314.66829879,-1.96850400,0.07874016
314.70029879,-2.36220500,0.00000000
314.73229879,-1.96850400,0.00000000
314.76429879,-6.69291300,0.00000000
314.79629879,-1.18110200,0.00000000
314.82829879,-1.96850400,0.07874016
314.86029879,-5.51181100,0.07874016
314.89229879,-4.33070900,0.00000000
314.92429879,-5.11811000,0.00000000
314.95629878,-4.72440900,0.00000000
314.98829878,-9.84251900,0.00000000
315.02029878,-7.87401500,0.00000000
315.05229878,-8.26771600,0.07874016
315.08429878,-6.29921200,0.00000000
315.11629878,-12.59842000,0.00000000
315.14829878,-7.87401500,0.00000000
315.18029878,-6.69291300,0.07874016
315.21229878,-6.69291300,0.00000000
315.24429878,-12.59842000,0.07874016
315.27629878,-3.14960600,0.07874016
315.30829877,-9.44881800,0.07874016
315.34029877,-6.29921200,0.00000000
315.37229877,-14.17323000,0.07874016
315.40429877,-4.72440900,0.00000000
315.43629877,-10.62992000,0.07874016
315.46829877,-5.11811000,0.00000000
315.50029877,-13.77953000,0.07874016
315.53229877,-2.36220500,0.00000000
315.56429877,-11.02362000,0.07874016
315.59629877,-5.51181100,0.07874016
315.62829877,-8.26771600,0.07874016
315.66029876,0.78740150,0.00000000
315.69229876,-5.11811000,0.07874016
315.72429876,-1.57480300,0.07874016
315.75629876,-7.08661400,0.07874016
315.78829876,0.78740150,0.07874016
315.82029876,-5.90551100,0.07874016
315.85229876,-2.36220500,0.00000000
315.88429876,-4.72440900,0.07874016
315.91629876,0.39370070,0.00000000
315.94829876,-6.69291300,0.07874016
315.98029876,-5.51181100,0.00000000
316.01229875,-2.36220500,0.00000000
316.04429875,-1.18110200,0.00000000
316.07629875,-3.54330700,0.07874016
316.10829875,0.00000000,0.00000000
316.14029875,-1.18110200,0.00000000
316.17229875,0.00000000,0.07874016
316.20429875,-1.18110200,0.07874016
316.23629875,-2.75590500,0.07874016
316.26829875,1.96850400,0.00000000
316.30029875,-2.36220500,0.07874016
316.33229875,-6.29921200,0.07874016
316.36429874,-7.87401500,0.07874016
316.39629874,-4.72440900,0.00000000
316.42829874,-11.81102000,0.00000000
316.46029874,-8.26771600,0.00000000
316.49229874,-11.81102000,0.07874016
316.52429874,-9.84251900,0.00000000
316.55629874,-16.14173000,0.07874016
316.58829874,-8.26771600,0.07874016
316.62029874,-10.62992000,0.00000000
316.65229874,-1.96850400,0.00000000
316.68429874,-13.77953000,0.07874016
316.71629873,-9.44881800,0.07874016
316.74829873,-16.92913000,0.07874016
316.78029873,-3.14960600,0.00000000
316.81229873,-14.56693000,0.07874016
316.84429873,-5.90551100,0.00000000
316.87629873,-10.62992000,0.07874016
316.90829873,-7.87401500,0.07874016
316.94029873,-18.89764000,0.07874016
316.97229873,-5.51181100,0.00000000
317.00429873,-10.62992000,0.07874016
317.03629873,-5.90551100,0.07874016
317.06829873,-16.14173000,0.07874016
317.10029872,-5.11811000,0.00000000
317.13229872,-7.87401500,0.07874016
317.16429872,-8.26771600,0.07874016
317.19629872,-7.87401500,0.07874016
317.22829872,-0.39370070,0.07874016
317.26029872,-11.02362000,0.07874016
317.29229872,-4.72440900,0.00000000
317.32429872,-7.48031400,0.07874016
317.35629872,-5.11811000,0.00000000
317.38829872,-7.87401500,0.07874016
317.42029872,-5.11811000,0.00000000
317.45229871,-8.66141700,0.00000000
317.48429871,-5.11811000,0.07874016
317.51629871,-8.66141700,0.07874016
317.54829871,-10.62992000,0.00000000
317.58029871,-5.11811000,0.07874016
317.61229871,-6.69291300,0.00000000
317.64429871,-9.44881800,0.00000000
317.67629871,-11.02362000,0.07874016
317.70829871,-7.08661400,0.00000000
317.74029871,-10.62992000,0.00000000
317.77229871,-6.69291300,0.07874016
317.80429870,-11.02362000,0.07874016
317.83629870,-6.29921200,0.00000000
317.86829870,-10.62992000,0.07874016
317.90029870,-12.20472000,0.07874016
317.93229870,-16.92913000,0.07874016
317.96429870,-4.33070900,0.07874016
317.99629870,-13.38583000,0.07874016
318.02829870,-11.02362000,0.07874016
318.06029870,-18.11024000,0.07874016
318.09229870,-6.29921200,0.07874016
318.12429870,-14.96063000,0.07874016
318.15629869,-7.48031400,0.07874016
318.18829869,-16.14173000,0.07874016
318.22029869,-1.96850400,0.00000000
318.25229869,-12.20472000,0.07874016
318.28429869,-7.08661400,0.00000000
318.31629869,-9.05511800,0.07874016
318.34829869,-0.78740150,0.00000000
318.38029869,-8.26771600,0.07874016
318.41229869,-4.33070900,0.00000000
318.44429869,-8.26771600,0.07874016
318.47629869,-5.11811000,0.00000000
318.50829868,-11.02362000,0.07874016
318.54029868,-2.75590500,0.00000000
318.57229868,-6.29921200,0.00000000
318.60429868,-3.14960600,0.00000000
318.63629868,-8.66141700,0.00000000
318.66829868,-5.11811000,0.00000000
318.70029868,-7.08661400,0.07874016
318.73229868,-2.36220500,0.07874016
318.76429868,-5.90551100,0.07874016
318.79629868,-1.18110200,0.00000000
318.82829868,-3.54330700,0.00000000
318.86029867,-6.29921200,0.00000000
318.89229867,-4.72440900,0.00000000
318.92429867,-6.29921200,0.00000000
318.95629867,-4.33070900,0.00000000
318.98829867,-11.02362000,0.07874016
319.02029867,-11.41732000,0.07874016
319.05229867,-11.81102000,0.07874016
319.08429867,-10.62992000,0.00000000
319.11629867,-16.53543000,0.00000000
319.14829867,-9.84251900,0.00000000
319.18029867,-11.81102000,0.07874016
319.21229866,-12.59842000,0.07874016
319.24429866,-17.32283000,0.07874016
319.27629866,-7.87401500,0.07874016
319.30829866,-14.56693000,0.07874016
319.34029866,-5.90551100,0.00000000
319.37229866,-14.96063000,0.07874016
319.40429866,-10.23622000,0.07874016
319.43629866,-16.92913000,0.07874016
319.46829866,-8.26771600,0.00000000
319.50029866,-16.53543000,0.07874016
319.53229866,-7.48031400,0.07874016
319.56429865,-13.77953000,0.07874016
319.59629865,-10.62992000,0.07874016
319.62829865,-18.11024000,0.07874016
319.66029865,-3.14960600,0.00000000
319.69229865,-11.02362000,0.07874016
319.72429865,-5.90551100,0.07874016
319.75629865,-15.74803000,0.07874016
319.78829865,-1.57480300,0.00000000
319.82029865,-8.66141700,0.07874016
319.85229865,-8.66141700,0.00000000
319.88429865,-9.44881800,0.07874016
319.91629864,-2.75590500,0.00000000
319.94829864,-11.02362000,0.00000000
319.98029864,-8.26771600,0.07874016
320.01229864,-5.90551100,0.00000000
320.04429864,-6.69291300,0.00000000
320.07629864,-9.05511800,0.07874016
320.10829864,-5.90551100,0.00000000
320.14029864,-5.11811000,0.00000000
320.17229864,-3.54330700,0.07874016
320.20429864,-5.11811000,0.00000000
320.23629864,-7.08661400,0.00000000
320.26829863,-1.96850400,0.07874016
320.30029863,-6.69291300,0.07874016
320.33229863,-8.26771600,0.00000000
320.36429863,-9.05511800,0.07874016
320.39629863,-7.08661400,0.00000000
320.42829863,-14.17323000,0.07874016
320.46029863,-10.23622000,0.00000000
320.49229863,-14.17323000,0.00000000
320.52429863,-11.02362000,0.07874016
320.55629863,-17.71653000,0.00000000
320.58829863,-10.62992000,0.07874016
320.62029862,-16.14173000,0.07874016
320.65229862,-9.05511800,0.07874016
320.68429862,-18.89764000,0.07874016
320.71629862,-9.84251900,0.07874016
320.74829862,-9.84251900,0.07874016
320.78029862,-7.48031400,0.07874016
320.81229862,-14.56693000,0.07874016
320.84429862,-4.33070900,0.07874016
320.87629862,-13.38583000,0.07874016
320.90829862,-3.93700800,0.00000000
320.94029862,-10.62992000,0.07874016
320.97229861,-7.08661400,0.00000000
321.00429861,-10.62992000,0.07874016
321.03629861,-5.11811000,0.07874016
321.06829861,-16.92913000,0.07874016
321.10029861,-2.75590500,0.00000000
321.13229861,-6.29921200,0.00000000
321.16429861,-6.69291300,0.07874016
321.19629861,-10.62992000,0.07874016
321.22829861,-2.75590500,0.07874016
321.26029861,-6.69291300,0.07874016
321.29229861,-4.33070900,0.07874016
321.32429860,-4.72440900,0.07874016
321.35629860,-2.75590500,0.00000000
321.38829860,-6.29921200,0.07874016
321.42029860,-5.51181100,0.00000000
321.45229860,-6.69291300,0.00000000
321.48429860,-2.36220500,0.07874016
321.51629860,-5.11811000,0.07874016
321.54829860,-9.44881800,0.00000000
321.58029860,-5.51181100,0.00000000
321.61229860,-8.26771600,0.00000000
321.64429860,-8.66141700,0.07874016
321.67629859,-11.02362000,0.00000000
321.70829859,-7.08661400,0.00000000
321.74029859,-10.62992000,0.07874016
321.77229859,-11.02362000,0.07874016
321.80429859,-16.53543000,0.07874016
321.83629859,-7.48031400,0.00000000
321.86829859,-11.02362000,0.07874016
321.90029859,-11.41732000,0.07874016
321.93229859,-14.96063000,0.07874016
321.96429859,-6.69291300,0.00000000
321.99629859,-16.53543000,0.07874016
322.02829858,-9.05511800,0.00000000
322.06029858,-15.74803000,0.07874016
322.09229858,-9.05511800,0.00000000
322.12429858,-22.44094000,0.07874016
322.15629858,-8.66141700,0.00000000
322.18829858,-16.14173000,0.07874016
322.22029858,-6.69291300,0.07874016
322.25229858,-13.38583000,0.07874016
322.28429858,-7.48031400,0.00000000
322.31629858,-9.84251900,0.07874016
322.34829858,-4.33070900,0.07874016
322.38029857,-11.02362000,0.07874016
322.41229857,-5.51181100,0.00000000
322.44429857,-8.26771600,0.07874016
322.47629857,-2.75590500,0.00000000
322.50829857,-7.87401500,0.07874016
322.54029857,-6.69291300,0.00000000
322.57229857,-8.66141700,0.07874016
322.60429857,-4.33070900,0.00000000
322.63629857,-9.84251900,0.07874016
322.66829857,-5.11811000,0.00000000
322.70029857,-2.75590500,0.07874016
322.73229856,-6.29921200,0.00000000
322.76429856,-7.87401500,0.00000000
322.79629856,-2.75590500,0.00000000
322.82829856,-2.75590500,0.00000000
322.86029856,-3.54330700,0.00000000
322.89229856,-4.33070900,0.07874016
322.92429856,-7.48031400,0.00000000
322.95629856,-5.11811000,0.00000000
322.98829856,-11.41732000,0.07874016
323.02029856,-11.81102000,0.00000000
323.05229856,-10.23622000,0.07874016
323.08429855,-9.84251900,0.00000000
323.11629855,-17.71653000,0.00000000
323.14829855,-12.99213000,0.07874016
323.18029855,-12.59842000,0.07874016
323.21229855,-10.62992000,0.07874016
323.24429855,-15.35433000,0.07874016
323.27629855,-6.69291300,0.00000000
323.30829855,-12.99213000,0.07874016
323.34029855,-8.26771600,0.00000000
323.37229855,-17.71653000,0.07874016
323.40429855,-5.90551100,0.07874016
323.43629854,-10.23622000,0.07874016
323.46829854,-7.08661400,0.00000000
323.50029854,-15.74803000,0.07874016
323.53229854,-7.08661400,0.00000000
323.56429854,-14.17323000,0.07874016
323.59629854,-7.87401500,0.00000000
323.62829854,-10.23622000,0.07874016
323.66029854,-6.69291300,0.07874016
323.69229854,-11.02362000,0.07874016
323.72429854,-6.69291300,0.00000000
323.75629854,-15.74803000,0.07874016
323.78829853,-0.39370070,0.07874016
323.82029853,-5.51181100,0.07874016
323.85229853,-6.29921200,0.00000000
323.88429853,-8.66141700,0.07874016
323.91629853,-0.78740150,0.07874016
323.94829853,-7.48031400,0.00000000
323.98029853,-5.90551100,0.00000000
324.01229853,-4.72440900,0.07874016
324.04429853,-5.51181100,0.00000000
324.07629853,-11.81102000,0.07874016
324.10829853,-6.69291300,0.00000000
324.14029853,-7.48031400,0.07874016
324.17229852,-4.33070900,0.00000000
324.20429852,-7.48031400,0.00000000
324.23629852,-9.05511800,0.00000000
324.26829852,-4.33070900,0.00000000
324.30029852,-9.44881800,0.00000000
324.33229852,-9.44881800,0.00000000
324.36429852,-10.23622000,0.07874016
324.39629852,-7.87401500,0.00000000
324.42829852,-13.38583000,0.07874016
324.46029852,-12.20472000,0.00000000
324.49229852,-16.53543000,0.07874016
324.52429851,-9.05511800,0.07874016
324.55629851,-14.96063000,0.07874016
324.58829851,-15.35433000,0.07874016
324.62029851,-16.92913000,0.07874016
324.65229851,-9.44881800,0.07874016
324.68429851,-20.07874000,0.07874016
324.71629851,-12.20472000,0.00000000
324.74829851,-11.02362000,0.07874016
324.78029851,-8.66141700,0.07874016
324.81229851,-15.35433000,0.07874016
324.84429851,-6.29921200,0.07874016
324.87629850,-9.44881800,0.07874016
324.90829850,-5.90551100,0.07874016
324.94029850,-12.59842000,0.07874016
324.97229850,-4.72440900,0.07874016
325.00429850,-6.69291300,0.07874016
325.03629850,-4.72440900,0.00000000
325.06829850,-13.77953000,0.07874016
325.10029850,-3.54330700,0.07874016
325.13229850,-7.87401500,0.07874016
325.16429850,-7.48031400,0.07874016
325.19629850,-10.23622000,0.07874016
325.22829849,-2.75590500,0.07874016
325.26029849,-8.26771600,0.07874016
325.29229849,-5.11811000,0.07874016
325.32429849,-8.66141700,0.07874016
325.35629849,-3.54330700,0.00000000
325.38829849,-4.33070900,0.07874016
325.42029849,-7.08661400,0.00000000
325.45229849,-6.69291300,0.00000000
325.48429849,-2.36220500,0.07874016
325.51629849,-6.69291300,0.00000000
325.54829849,-7.08661400,0.07874016
325.58029848,-4.72440900,0.07874016
325.61229848,-7.08661400,0.00000000
325.64429848,-7.87401500,0.07874016
325.67629848,-12.20472000,0.07874016
325.70829848,-11.41732000,0.00000000
325.74029848,-11.02362000,0.07874016
325.77229848,-9.44881800,0.00000000
325.80429848,-14.56693000,0.07874016
325.83629848,-6.29921200,0.07874016
325.86829848,-10.62992000,0.07874016
325.90029848,-10.23622000,0.00000000
325.93229847,-12.59842000,0.07874016
325.96429847,-3.14960600,0.07874016
325.99629847,-11.41732000,0.07874016
326.02829847,-7.08661400,0.07874016
326.06029847,-14.56693000,0.07874016
326.09229847,-7.08661400,0.00000000
326.12429847,-12.99213000,0.07874016
326.15629847,-7.48031400,0.00000000
326.18829847,-13.38583000,0.07874016
326.22029847,-3.14960600,0.07874016
326.25229847,-11.02362000,0.07874016
326.28429846,-8.26771600,0.07874016
326.31629846,-12.20472000,0.07874016
326.34829846,0.00000000,0.00000000
326.38029846,-9.05511800,0.07874016
326.41229846,-0.78740150,0.00000000
326.44429846,-6.69291300,0.07874016
326.47629846,-1.57480300,0.00000000
326.50829846,-9.05511800,0.07874016
326.54029846,-3.93700800,0.00000000
326.57229846,-5.11811000,0.07874016
326.60429846,-1.57480300,0.00000000
326.63629845,-8.66141700,0.00000000
326.66829845,-5.51181100,0.00000000
326.70029845,-5.51181100,0.07874016
326.73229845,-3.14960600,0.00000000
326.76429845,-6.69291300,0.00000000
326.79629845,-1.96850400,0.00000000
326.82829845,-3.93700800,0.00000000
326.86029845,-2.75590500,0.07874016
326.89229845,-4.33070900,0.00000000
326.92429845,-2.75590500,0.07874016
326.95629845,1.57480300,0.07874016
326.98829844,-6.69291300,0.00000000
327.02029844,-7.87401500,0.00000000
327.05229844,-7.48031400,0.00000000
327.08429844,-6.69291300,0.07874016
327.11629844,-12.59842000,0.07874016
327.14829844,-7.48031400,0.07874016
327.18029844,-9.84251900,0.07874016
327.21229844,-9.44881800,0.00000000
327.24429844,-13.38583000,0.00000000
327.27629844,-7.87401500,0.07874016
327.30829844,-7.08661400,0.00000000
327.34029843,-3.54330700,0.07874016
327.37229843,-12.59842000,0.07874016
327.40429843,-3.14960600,0.07874016
327.43629843,-10.62992000,0.07874016
327.46829843,-2.75590500,0.00000000
327.50029843,-10.62992000,0.07874016
327.53229843,-1.57480300,0.07874016
327.56429843,-9.44881800,0.07874016
327.59629843,-4.33070900,0.07874016
327.62829843,-14.17323000,0.07874016
327.66029843,-2.36220500,0.00000000
327.69229842,-6.29921200,0.07874016
327.72429842,-4.33070900,0.07874016
327.75629842,-12.20472000,0.07874016
327.78829842,-1.18110200,0.07874016
327.82029842,-5.90551100,0.00000000
327.85229842,-6.29921200,0.07874016
327.88429842,-4.33070900,0.07874016
327.91629842,1.57480300,0.00000000
327.94829842,-11.41732000,0.07874016
327.98029842,-1.57480300,0.00000000
328.01229842,-5.11811000,0.00000000
328.04429841,-2.75590500,0.00000000
328.07629841,-3.14960600,0.00000000
328.10829841,-4.33070900,0.00000000
328.14029841,-4.33070900,0.00000000
328.17229841,-3.54330700,0.00000000
328.20429841,-8.26771600,0.00000000
328.23629841,-9.44881800,0.00000000
328.26829841,-3.93700800,0.07874016
328.30029841,-6.69291300,0.00000000
328.33229841,-9.05511800,0.07874016
328.36429841,-10.62992000,0.00000000
328.39629840,-7.48031400,0.00000000
328.42829840,-11.41732000,0.07874016
328.46029840,-10.62992000,0.00000000
328.49229840,-13.38583000,0.07874016
328.52429840,-7.08661400,0.07874016
328.55629840,-12.59842000,0.07874016
328.58829840,-12.20472000,0.00000000
328.62029840,-13.38583000,0.07874016
328.65229840,-8.66141700,0.07874016
328.68429840,-23.22835000,0.07874016
328.71629840,-8.26771600,0.00000000
328.74829839,-15.35433000,0.07874016
328.78029839,-11.81102000,0.07874016
328.81229839,-16.92913000,0.07874016
328.84429839,-8.66141700,0.07874016
328.87629839,-12.99213000,0.07874016
328.90829839,-4.33070900,0.07874016
328.94029839,-10.62992000,0.00000000
328.97229839,-7.48031400,0.00000000
329.00429839,-7.87401500,0.07874016
329.03629839,-2.75590500,0.00000000
329.06829839,-9.84251900,0.07874016
329.10029838,-3.54330700,0.07874016
329.13229838,-8.26771600,0.00000000
329.16429838,-5.11811000,0.07874016
329.19629838,-8.66141700,0.00000000
329.22829838,-4.72440900,0.07874016
329.26029838,-7.08661400,0.07874016
329.29229838,-2.36220500,0.00000000
329.32429838,-9.44881800,0.07874016
329.35629838,-3.54330700,0.00000000
329.38829838,-3.14960600,0.07874016
329.42029838,-5.11811000,0.00000000
329.45229837,-4.33070900,0.07874016
329.48429837,-1.18110200,0.00000000
329.51629837,-3.93700800,0.07874016
329.54829837,-5.51181100,0.07874016
329.58029837,-5.11811000,0.07874016
329.61229837,-7.08661400,0.07874016
329.64429837,-5.51181100,0.00000000
329.67629837,-12.20472000,0.00000000
329.70829837,-10.62992000,0.07874016
329.74029837,-10.62992000,0.07874016
329.77229837,-10.23622000,0.07874016
329.80429836,-16.53543000,0.07874016
329.83629836,-6.69291300,0.00000000
329.86829836,-11.02362000,0.07874016
329.90029836,-11.02362000,0.07874016
329.93229836,-14.96063000,0.07874016
329.96429836,-5.90551100,0.07874016
329.99629836,-11.41732000,0.07874016
330.02829836,-5.11811000,0.00000000
330.06029836,-14.17323000,0.07874016
330.09229836,-7.87401500,0.00000000
330.12429836,-16.14173000,0.07874016
330.15629835,-9.44881800,0.07874016
330.18829835,-15.74803000,0.00000000
330.22029835,-5.90551100,0.07874016
330.25229835,-16.14173000,0.07874016
330.28429835,-8.66141700,0.00000000
330.31629835,-16.53543000,0.07874016
330.34829835,-3.93700800,0.07874016
330.38029835,-11.81102000,0.07874016
330.41229835,-6.69291300,0.07874016
330.44429835,-13.77953000,0.07874016
330.47629835,-1.18110200,0.00000000
330.50829834,-8.66141700,0.07874016
330.54029834,-8.26771600,0.00000000
330.57229834,-6.69291300,0.07874016
330.60429834,-3.54330700,0.00000000
330.63629834,-15.74803000,0.07874016
330.66829834,-4.72440900,0.00000000
330.70029834,-6.69291300,0.00000000
330.73229834,-9.44881800,0.00000000
330.76429834,-10.23622000,0.00000000
330.79629834,-8.26771600,0.00000000
330.82829834,-7.08661400,0.00000000
330.86029833,-5.90551100,0.00000000
330.89229833,-8.26771600,0.00000000
330.92429833,-8.26771600,0.00000000
330.95629833,-5.11811000,0.00000000
330.98829833,-10.62992000,0.07874016
331.02029833,-10.62992000,0.00000000
331.05229833,-9.44881800,0.00000000
331.08429833,-7.87401500,0.00000000
331.11629833,-15.35433000,0.07874016
331.14829833,-13.77953000,0.00000000
331.18029833,-14.96063000,0.07874016
331.21229833,-11.02362000,0.07874016
331.24429832,-15.74803000,0.07874016
331.27629832,-12.99213000,0.07874016
331.30829832,-14.17323000,0.07874016
331.34029832,-9.84251900,0.07874016
331.37229832,-18.50394000,0.07874016
331.40429832,-6.69291300,0.00000000
331.43629832,-8.66141700,0.07874016
331.46829832,-7.08661400,0.07874016
331.50029832,-16.53543000,0.07874016
331.53229832,-3.54330700,0.07874016
331.56429832,-12.99213000,0.07874016
331.59629831,-4.72440900,0.00000000
331.62829831,-14.17323000,0.07874016
331.66029831,-3.93700800,0.00000000
331.69229831,-9.05511800,0.07874016
331.72429831,-7.87401500,0.00000000
331.75629831,-16.53543000,0.07874016
331.78829831,-1.57480300,0.00000000
331.82029831,-9.05511800,0.00000000
331.85229831,-9.05511800,0.07874016
331.88429831,-10.62992000,0.07874016
331.91629831,-3.93700800,0.07874016
331.94829830,-9.84251900,0.00000000
331.98029830,-5.11811000,0.00000000
332.01229830,-5.90551100,0.07874016
332.04429830,-2.75590500,0.07874016
332.07629830,-4.33070900,0.07874016
332.10829830,-7.87401500,0.00000000
332.14029830,-5.51181100,0.07874016
332.17229830,-0.78740150,0.00000000
332.20429830,-6.69291300,0.07874016
332.23629830,-6.69291300,0.07874016
332.26829830,-4.33070900,0.00000000
332.30029829,-9.05511800,0.07874016
332.33229829,-8.26771600,0.00000000
332.36429829,-10.62992000,0.00000000
332.39629829,-7.48031400,0.00000000
332.42829829,-11.41732000,0.07874016
332.46029829,-12.20472000,0.00000000
332.49229829,-15.74803000,0.07874016
332.52429829,-6.29921200,0.00000000
332.55629829,-10.62992000,0.07874016
332.58829829,-12.20472000,0.07874016
332.62029829,-14.17323000,0.07874016
332.65229828,-6.69291300,0.00000000
332.68429828,-16.92913000,0.07874016
332.71629828,-9.05511800,0.00000000
332.74829828,-14.56693000,0.07874016
332.78029828,-9.05511800,0.00000000
332.81229828,-19.29134000,0.07874016
332.84429828,-9.44881800,0.07874016
332.87629828,-14.96063000,0.07874016
332.90829828,-7.08661400,0.00000000
332.94029828,-12.59842000,0.07874016
332.97229828,-6.29921200,0.07874016
333.00429827,-12.20472000,0.07874016
333.03629827,-2.75590500,0.00000000
333.06829827,-10.62992000,0.07874016
333.10029827,-4.33070900,0.00000000
333.13229827,-9.05511800,0.07874016
333.16429827,-1.96850400,0.00000000
333.19629827,-7.48031400,0.00000000
333.22829827,-7.08661400,0.00000000
333.26029827,-6.69291300,0.00000000
333.29229827,-5.51181100,0.07874016
333.32429827,-15.35433000,0.00000000
333.35629826,-2.36220500,0.00000000
333.38829826,-3.54330700,0.00000000
333.42029826,-7.87401500,0.00000000
333.45229826,-9.05511800,0.00000000
333.48429826,-2.36220500,0.00000000
333.51629826,-5.51181100,0.00000000
333.54829826,-5.11811000,0.00000000
333.58029826,-4.72440900,0.00000000
333.61229826,-6.29921200,0.00000000
333.64429826,-4.33070900,0.00000000
333.67629826,-10.62992000,0.00000000
333.70829825,-9.44881800,0.00000000
333.74029825,-7.48031400,0.00000000
333.77229825,-8.66141700,0.00000000
333.80429825,-15.35433000,0.07874016
333.83629825,-10.23622000,0.00000000
333.86829825,-13.38583000,0.07874016
333.90029825,-9.05511800,0.00000000
333.93229825,-12.59842000,0.07874016
333.96429825,-7.48031400,0.00000000
333.99629825,-14.17323000,0.07874016
334.02829825,-5.90551100,0.00000000
334.06029824,-14.56693000,0.07874016
334.09229824,-5.90551100,0.07874016
334.12429824,-11.02362000,0.07874016
334.15629824,-6.69291300,0.00000000
334.18829824,-13.38583000,0.00000000
334.22029824,-4.33070900,0.07874016
334.25229824,-17.32283000,0.07874016
334.28429824,-5.51181100,0.00000000
334.31629824,-10.62992000,0.07874016
334.34829824,-4.72440900,0.00000000
334.38029824,-11.41732000,0.07874016
334.41229823,-5.90551100,0.00000000
334.44429823,-8.66141700,0.00000000
334.47629823,-1.96850400,0.07874016
334.50829823,-7.08661400,0.00000000
334.54029823,-3.54330700,0.00000000
334.57229823,-5.11811000,0.07874016
334.60429823,0.78740150,0.00000000
334.63629823,-6.29921200,0.07874016
334.66829823,-2.75590500,0.00000000
334.70029823,-2.75590500,0.07874016
334.73229823,-3.54330700,0.00000000
334.76429822,-9.84251900,0.07874016
334.79629822,-3.93700800,0.00000000
334.82829822,-4.72440900,0.07874016
334.86029822,-3.93700800,0.00000000
334.89229822,-6.69291300,0.00000000
334.92429822,-7.87401500,0.00000000
334.95629822,-2.75590500,0.07874016
334.98829822,-9.05511800,0.00000000
335.02029822,-8.66141700,0.00000000
335.05229822,-7.87401500,0.00000000
335.08429822,-6.29921200,0.00000000
335.11629821,-11.81102000,0.07874016
335.14829821,-9.44881800,0.00000000
335.18029821,-12.59842000,0.00000000
335.21229821,-7.87401500,0.00000000
335.24429821,-14.56693000,0.07874016
335.27629821,-13.77953000,0.00000000
335.30829821,-15.35433000,0.07874016
335.34029821,-7.48031400,0.00000000
335.37229821,-20.07874000,0.07874016
335.40429821,-8.26771600,0.07874016
335.43629821,-12.99213000,0.07874016
335.46829820,-11.02362000,0.07874016
335.50029820,-20.07874000,0.07874016
335.53229820,-4.72440900,0.00000000
335.56429820,-12.59842000,0.07874016
335.59629820,-7.87401500,0.07874016
335.62829820,-13.38583000,0.07874016
335.66029820,-5.90551100,0.00000000
335.69229820,-14.56693000,0.07874016
335.72429820,-3.93700800,0.00000000
335.75629820,-14.17323000,0.07874016
335.78829820,-5.11811000,0.07874016
335.82029819,-16.14173000,0.07874016
335.85229819,-8.26771600,0.00000000
335.88429819,-11.02362000,0.00000000
335.91629819,-6.69291300,0.00000000
335.94829819,-10.23622000,0.00000000
335.98029819,-7.87401500,0.07874016
336.01229819,-10.62992000,0.00000000
336.04429819,-5.51181100,0.00000000
336.07629819,-4.72440900,0.00000000
336.10829819,-6.69291300,0.00000000
336.14029819,-4.72440900,0.00000000
336.17229818,-1.18110200,0.00000000
336.20429818,-5.11811000,0.00000000
336.23629818,-6.69291300,0.00000000
336.26829818,-1.96850400,0.00000000
336.30029818,-6.69291300,0.07874016
336.33229818,-7.08661400,0.00000000
336.36429818,-11.81102000,0.00000000
336.39629818,-9.44881800,0.00000000
336.42829818,-12.59842000,0.00000000
336.46029818,-11.41732000,0.00000000
336.49229818,-15.35433000,0.00000000
336.52429817,-5.90551100,0.00000000
336.55629817,-12.59842000,0.07874016
336.58829817,-12.99213000,0.07874016
336.62029817,-18.11024000,0.00000000
336.65229817,-4.72440900,0.00000000
336.68429817,-14.56693000,0.07874016
336.71629817,-8.26771600,0.00000000
336.74829817,-13.77953000,0.07874016
336.78029817,-9.05511800,0.07874016
336.81229817,-16.53543000,0.07874016
336.84429817,-9.05511800,0.00000000
336.87629816,-14.96063000,0.07874016
336.90829816,-3.54330700,0.07874016
336.94029816,-15.35433000,0.07874016
336.97229816,-9.05511800,0.00000000
337.00429816,-9.44881800,0.07874016
337.03629816,-3.14960600,0.07874016
337.06829816,-11.02362000,0.07874016
337.10029816,-1.96850400,0.00000000
337.13229816,-6.29921200,0.07874016
337.16429816,-3.93700800,0.00000000
337.19629816,-6.69291300,0.00000000
337.22829815,-4.33070900,0.07874016
337.26029815,-6.29921200,0.00000000
337.29229815,-0.39370070,0.00000000
337.32429815,-11.41732000,0.07874016
337.35629815,-4.33070900,0.00000000
337.38829815,-4.33070900,0.07874016
337.42029815,-5.90551100,0.00000000
337.45229815,-6.69291300,0.07874016
337.48429815,-2.36220500,0.07874016
337.51629815,-5.51181100,0.00000000
337.54829815,-4.72440900,0.00000000
337.58029814,-4.33070900,0.00000000
337.61229814,-3.14960600,0.00000000
337.64429814,0.00000000,0.00000000
337.67629814,-6.69291300,0.00000000
337.70829814,-7.87401500,0.07874016
337.74029814,-7.48031400,0.00000000
337.77229814,-7.87401500,0.00000000
337.80429814,-12.99213000,0.07874016
337.83629814,-6.69291300,0.00000000
337.86829814,-10.62992000,0.07874016
337.90029814,-10.23622000,0.00000000
337.93229813,-14.96063000,0.07874016
337.96429813,-8.66141700,0.07874016
337.99629813,-11.81102000,0.07874016
338.02829813,-3.54330700,0.07874016
338.06029813,-14.17323000,0.07874016
338.09229813,-5.11811000,0.07874016
338.12429813,-9.05511800,0.07874016
338.15629813,-6.29921200,0.07874016
338.18829813,-12.59842000,0.07874016
338.22029813,0.78740150,0.00000000
338.25229813,-9.05511800,0.07874016
338.28429813,-5.51181100,0.07874016
338.31629812,-8.26771600,0.07874016
338.34829812,-4.33070900,0.00000000
338.38029812,-9.84251900,0.07874016
338.41229812,-1.96850400,0.00000000
338.44429812,-9.44881800,0.07874016
338.47629812,-0.78740150,0.00000000
338.50829812,-6.69291300,0.07874016
338.54029812,-5.11811000,0.00000000
338.57229812,-3.93700800,0.07874016
338.60429812,2.36220500,0.00000000
338.63629812,-3.93700800,0.00000000
338.66829811,-1.96850400,0.00000000
338.70029811,-2.75590500,0.07874016
338.73229811,0.78740150,0.07874016
338.76429811,-2.36220500,0.07874016
338.79629811,-0.78740150,0.00000000
338.82829811,-1.18110200,0.07874016
338.86029811,-0.39370070,0.00000000
338.89229811,-5.51181100,0.00000000
338.92429811,-5.90551100,0.00000000
338.95629811,-0.78740150,0.07874016
338.98829811,-6.29921200,0.07874016
339.02029810,-6.69291300,0.00000000
339.05229810,-7.48031400,0.07874016
339.08429810,-4.72440900,0.00000000
339.11629810,-10.62992000,0.07874016
339.14829810,-8.66141700,0.07874016
339.18029810,-10.62992000,0.07874016
339.21229810,-4.33070900,0.00000000
339.24429810,-10.62992000,0.07874016
339.27629810,-8.66141700,0.00000000
339.30829810,-12.59842000,0.07874016
339.34029810,-6.29921200,0.00000000
339.37229809,-20.47244000,0.07874016
339.40429809,-7.87401500,0.07874016
339.43629809,-13.38583000,0.07874016
339.46829809,-10.62992000,0.07874016
339.50029809,-16.92913000,0.07874016
339.53229809,-6.69291300,0.00000000
339.56429809,-15.35433000,0.07874016
339.59629809,-2.36220500,0.00000000
339.62829809,-11.81102000,0.00000000
339.66029809,-7.08661400,0.07874016
339.69229809,-10.62992000,0.07874016
339.72429808,-3.14960600,0.00000000
339.75629808,-11.81102000,0.07874016
339.78829808,-3.54330700,0.07874016
339.82029808,-7.48031400,0.07874016
339.85229808,-6.69291300,0.07874016
339.88429808,-15.74803000,0.07874016
339.91629808,-3.14960600,0.00000000
339.94829808,-9.05511800,0.07874016
339.98029808,-7.48031400,0.07874016
340.01229808,-14.56693000,0.07874016
340.04429808,-4.33070900,0.00000000
340.07629807,-7.08661400,0.00000000
340.10829807,-8.26771600,0.00000000
340.14029807,-7.08661400,0.07874016
340.17229807,-1.57480300,0.07874016
340.20429807,-5.51181100,0.00000000
340.23629807,-6.69291300,0.07874016
340.26829807,-4.33070900,0.00000000
340.30029807,-6.69291300,0.07874016
340.33229807,-6.69291300,0.00000000
340.36429807,-10.62992000,0.07874016
340.39629807,-8.66141700,0.07874016
340.42829806,-9.05511800,0.07874016
340.46029806,-8.66141700,0.00000000
340.49229806,-16.92913000,0.07874016
340.52429806,-9.05511800,0.00000000
340.55629806,-13.77953000,0.07874016
340.58829806,-10.62992000,0.00000000
340.62029806,-14.17323000,0.07874016
340.65229806,-7.08661400,0.00000000
340.68429806,-18.89764000,0.07874016
340.71629806,-6.69291300,0.00000000
340.74829806,-14.56693000,0.07874016
340.78029805,-6.69291300,0.07874016
340.81229805,-18.50394000,0.07874016
340.84429805,-9.05511800,0.07874016
340.87629805,-16.92913000,0.07874016
340.90829805,-6.29921200,0.07874016
340.94029805,-15.74803000,0.07874016
340.97229805,-9.44881800,0.07874016
341.00429805,-8.26771600,0.00000000
341.03629805,-6.69291300,0.07874016
341.06829805,-13.77953000,0.07874016
341.10029805,-4.72440900,0.00000000
341.13229804,-10.62992000,0.07874016
341.16429804,-0.78740150,0.07874016
341.19629804,-7.08661400,0.07874016
341.22829804,-6.29921200,0.07874016
341.26029804,-5.11811000,0.07874016
341.29229804,-2.75590500,0.00000000
341.32429804,-12.59842000,0.07874016
341.35629804,-2.75590500,0.00000000
341.38829804,-3.93700800,0.07874016
341.42029804,-7.48031400,0.07874016
341.45229804,-9.44881800,0.00000000
341.48429803,-5.51181100,0.07874016
341.51629803,-5.51181100,0.00000000
341.54829803,-4.72440900,0.00000000
341.58029803,-5.51181100,0.07874016
341.61229803,-7.48031400,0.00000000
341.64429803,-5.11811000,0.00000000
341.67629803,-9.84251900,0.07874016
341.70829803,-8.66141700,0.00000000
341.74029803,-7.08661400,0.07874016
341.77229803,-5.11811000,0.00000000
341.80429803,-14.96063000,0.00000000
341.83629802,-11.41732000,0.07874016
341.86829802,-14.56693000,0.07874016
341.90029802,-11.02362000,0.00000000
341.93229802,-16.14173000,0.07874016
341.96429802,-9.44881800,0.00000000
341.99629802,-14.96063000,0.07874016
342.02829802,-12.20472000,0.07874016
342.06029802,-22.83464000,0.07874016
342.09229802,-7.48031400,0.07874016
342.12429802,-11.41732000,0.07874016
342.15629802,-10.62992000,0.07874016
342.18829801,-16.92913000,0.07874016
342.22029801,-5.90551100,0.07874016
342.25229801,-15.35433000,0.07874016
342.28429801,-5.11811000,0.07874016
342.31629801,-11.41732000,0.07874016
342.34829801,-5.90551100,0.07874016
342.38029801,-16.53543000,0.07874016
342.41229801,-5.90551100,0.00000000
342.44429801,-14.96063000,0.07874016
342.47629801,-5.51181100,0.00000000
342.50829801,-10.62992000,0.07874016
342.54029800,-9.44881800,0.00000000
342.57229800,-9.84251900,0.07874016
342.60429800,-4.72440900,0.07874016
342.63629800,-9.05511800,0.07874016
342.66829800,-5.51181100,0.07874016
342.70029800,-5.11811000,0.07874016
342.73229800,-2.36220500,0.07874016
342.76429800,-4.72440900,0.07874016
342.79629800,-6.29921200,0.07874016
342.82829800,-3.93700800,0.00000000
342.86029800,-1.18110200,0.07874016
342.89229799,-4.72440900,0.00000000
342.92429799,-6.69291300,0.00000000
342.95629799,-2.36220500,0.00000000
342.98829799,-9.44881800,0.07874016
343.02029799,-11.02362000,0.07874016
343.05229799,-10.23622000,0.00000000
343.08429799,-6.69291300,0.07874016
343.11629799,-11.81102000,0.00000000
343.14829799,-11.41732000,0.00000000
343.18029799,-14.96063000,0.00000000
343.21229799,-6.29921200,0.00000000
343.24429798,-11.02362000,0.07874016
343.27629798,-9.84251900,0.00000000
343.30829798,-12.20472000,0.07874016
343.34029798,-5.90551100,0.00000000
343.37229798,-14.96063000,0.07874016
343.40429798,-10.23622000,0.00000000
343.43629798,-11.81102000,0.00000000
343.46829798,-5.90551100,0.00000000
343.50029798,-15.74803000,0.07874016
343.53229798,-6.29921200,0.00000000
343.56429798,-12.20472000,0.07874016
343.59629797,-5.90551100,0.07874016
343.62829797,-12.99213000,0.07874016
343.66029797,-5.51181100,0.07874016
343.69229797,-11.41732000,0.07874016
343.72429797,-0.78740150,0.00000000
343.75629797,-11.41732000,0.07874016
343.78829797,-2.36220500,0.07874016
343.82029797,-6.69291300,0.07874016
343.85229797,-3.14960600,0.00000000
343.88429797,-7.08661400,0.07874016
343.91629797,-5.51181100,0.07874016
343.94829796,-8.26771600,0.00000000
343.98029796,-5.51181100,0.00000000
344.01229796,-16.53543000,0.07874016
344.04429796,-2.75590500,0.07874016
344.07629796,-4.33070900,0.00000000
344.10829796,-8.66141700,0.00000000
344.14029796,-8.26771600,0.00000000
344.17229796,-3.14960600,0.07874016
344.20429796,-5.90551100,0.00000000
344.23629796,-7.08661400,0.00000000
344.26829796,-3.93700800,0.00000000
344.30029795,-7.08661400,0.07874016
344.33229795,-5.90551100,0.00000000
344.36429795,-11.81102000,0.00000000
344.39629795,-10.62992000,0.07874016
344.42829795,-11.41732000,0.00000000
344.46029795,-11.02362000,0.00000000
344.49229795,-19.29134000,0.07874016
344.52429795,-12.59842000,0.07874016
344.55629795,-15.35433000,0.00000000
344.58829795,-14.56693000,0.00000000
344.62029795,-16.53543000,0.07874016
344.65229794,-8.66141700,0.00000000
344.68429794,-16.53543000,0.07874016
344.71629794,-12.20472000,0.07874016
344.74829794,-22.83464000,0.07874016
344.78029794,-6.69291300,0.00000000
344.81229794,-12.99213000,0.07874016
344.84429794,-11.02362000,0.07874016
344.87629794,-15.74803000,0.07874016
344.90829794,-6.29921200,0.07874016
344.94029794,-15.74803000,0.07874016
344.97229794,-11.41732000,0.00000000
345.00429793,-11.02362000,0.07874016
345.03629793,-7.48031400,0.07874016
345.06829793,-14.56693000,0.07874016
345.10029793,-6.29921200,0.00000000
345.13229793,-10.62992000,0.07874016
345.16429793,-4.33070900,0.07874016
345.19629793,-9.84251900,0.07874016
345.22829793,-6.29921200,0.07874016
345.26029793,-6.69291300,0.07874016
345.29229793,-2.36220500,0.00000000
345.32429793,-10.23622000,0.00000000
345.35629793,-5.11811000,0.00000000
345.38829792,-4.72440900,0.07874016
345.42029792,-5.51181100,0.00000000
345.45229792,-7.08661400,0.00000000
345.48429792,-6.29921200,0.00000000
345.51629792,-6.69291300,0.00000000
345.54829792,-6.69291300,0.07874016
345.58029792,-8.66141700,0.07874016
345.61229792,-9.84251900,0.00000000
345.64429792,-4.33070900,0.07874016
345.67629792,-10.23622000,0.00000000
345.70829792,-11.41732000,0.00000000
345.74029791,-10.62992000,0.00000000
345.77229791,-7.87401500,0.07874016
345.80429791,-12.99213000,0.07874016
345.83629791,-9.05511800,0.07874016
345.86829791,-11.81102000,0.07874016
345.90029791,-7.87401500,0.07874016
345.93229791,-14.56693000,0.07874016
345.96429791,-12.20472000,0.07874016
345.99629791,-14.96063000,0.07874016
346.02829791,-6.69291300,0.07874016
346.06029791,-17.71653000,0.07874016
346.09229790,-8.26771600,0.07874016
346.12429790,-12.99213000,0.07874016
346.15629790,-11.02362000,0.07874016
346.18829790,-19.29134000,0.07874016
346.22029790,-3.93700800,0.00000000
346.25229790,-11.41732000,0.07874016
346.28429790,-8.26771600,0.07874016
346.31629790,-12.99213000,0.07874016
346.34829790,-5.51181100,0.07874016
346.38029790,-14.17323000,0.07874016
346.41229790,-2.36220500,0.00000000
346.44429789,-12.20472000,0.07874016
346.47629789,-5.11811000,0.07874016
346.50829789,-13.38583000,0.07874016
346.54029789,-8.66141700,0.00000000
346.57229789,-10.23622000,0.07874016
346.60429789,-5.11811000,0.07874016
346.63629789,-9.44881800,0.07874016
346.66829789,-8.26771600,0.00000000
346.70029789,-13.38583000,0.07874016
346.73229789,-5.11811000,0.00000000
346.76429789,-5.11811000,0.00000000
346.79629788,-6.29921200,0.00000000
346.82829788,-6.29921200,0.07874016
346.86029788,-2.36220500,0.00000000
346.89229788,-7.87401500,0.07874016
346.92429788,-9.84251900,0.07874016
346.95629788,-4.72440900,0.00000000
346.98829788,-8.26771600,0.00000000
347.02029788,-10.23622000,0.00000000
347.05229788,-12.59842000,0.07874016
347.08429788,-11.81102000,0.00000000
347.11629788,-14.17323000,0.00000000
347.14829787,-11.41732000,0.00000000
347.18029787,-16.53543000,0.07874016
347.21229787,-10.62992000,0.00000000
347.24429787,-14.17323000,0.07874016
347.27629787,-14.17323000,0.07874016
347.30829787,-15.74803000,0.07874016
347.34029787,-5.90551100,0.07874016
347.37229787,-12.59842000,0.07874016
347.40429787,-9.44881800,0.07874016
347.43629787,-13.77953000,0.07874016
347.46829787,-7.87401500,0.07874016
347.50029786,-13.38583000,0.07874016
347.53229786,-9.84251900,0.07874016
347.56429786,-16.14173000,0.07874016
347.59629786,-2.36220500,0.00000000
347.62829786,-14.56693000,0.07874016
347.66029786,-10.23622000,0.00000000
347.69229786,-11.41732000,0.07874016
347.72429786,-1.96850400,0.07874016
347.75629786,-11.41732000,0.07874016
347.78829786,-3.54330700,0.07874016
347.82029786,-9.05511800,0.07874016
347.85229785,-3.14960600,0.00000000
347.88429785,-9.05511800,0.07874016
347.91629785,-4.72440900,0.00000000
347.94829785,-6.69291300,0.07874016
347.98029785,-2.75590500,0.07874016
348.01229785,-12.20472000,0.07874016
348.04429785,-8.26771600,0.07874016
348.07629785,-6.69291300,0.00000000
348.10829785,-7.87401500,0.00000000
348.14029785,-8.66141700,0.07874016
348.17229785,-2.36220500,0.00000000
348.20429784,-6.69291300,0.07874016
348.23629784,-5.90551100,0.00000000
348.26829784,-6.29921200,0.00000000
348.30029784,-5.11811000,0.00000000
348.33229784,-2.36220500,0.00000000
348.36429784,-8.66141700,0.07874016
348.39629784,-9.44881800,0.00000000
348.42829784,-8.66141700,0.07874016
348.46029784,-7.87401500,0.00000000
348.49229784,-14.56693000,0.07874016
348.52429784,-8.26771600,0.00000000
348.55629783,-10.62992000,0.07874016
348.58829783,-9.84251900,0.07874016
348.62029783,-15.35433000,0.07874016
348.65229783,-9.05511800,0.07874016
348.68429783,-13.77953000,0.07874016
348.71629783,-6.29921200,0.00000000
348.74829783,-15.74803000,0.07874016
348.78029783,-6.29921200,0.00000000
348.81229783,-10.62992000,0.07874016
348.84429783,-7.08661400,0.07874016
348.87629783,-11.02362000,0.07874016
348.90829782,-1.18110200,0.00000000
348.94029782,-12.59842000,0.07874016
348.97229782,-4.72440900,0.00000000
349.00429782,-11.41732000,0.07874016
349.03629782,-3.54330700,0.00000000
349.06829782,-8.66141700,0.07874016
349.10029782,-4.33070900,0.07874016
349.13229782,-11.02362000,0.07874016
349.16429782,-1.57480300,0.00000000
349.19629782,-7.48031400,0.07874016
349.22829782,-6.29921200,0.07874016
349.26029781,-3.14960600,0.00000000
349.29229781,1.18110200,0.07874016
349.32429781,-7.48031400,0.07874016
349.35629781,-1.18110200,0.00000000
349.38829781,-3.14960600,0.07874016
349.42029781,-1.18110200,0.00000000
349.45229781,-3.54330700,0.07874016
349.48429781,-2.36220500,0.00000000
349.51629781,-2.75590500,0.00000000
349.54829781,-1.18110200,0.07874016
349.58029781,-5.11811000,0.00000000
349.61229780,-5.90551100,0.07874016
349.64429780,-0.39370070,0.00000000
349.67629780,-5.51181100,0.07874016
349.70829780,-6.69291300,0.00000000
349.74029780,-7.48031400,0.00000000
349.77229780,-4.72440900,0.00000000
349.80429780,-9.44881800,0.07874016
349.83629780,-6.69291300,0.07874016
349.86829780,-7.87401500,0.07874016
349.90029780,-3.54330700,0.00000000
349.93229780,-7.08661400,0.07874016
349.96429779,-8.26771600,0.07874016
349.99629779,-10.23622000,0.07874016
350.02829779,-1.57480300,0.07874016
350.06029779,-15.74803000,0.07874016
350.09229779,-5.11811000,0.00000000
350.12429779,-10.23622000,0.07874016
350.15629779,-5.90551100,0.07874016
350.18829779,-13.38583000,0.07874016
350.22029779,-3.93700800,0.07874016
350.25229779,-14.17323000,0.07874016
350.28429779,0.00000000,0.00000000
350.31629778,-10.23622000,0.07874016
350.34829778,-4.33070900,0.07874016
350.38029778,-10.23622000,0.07874016
350.41229778,1.18110200,0.00000000
350.44429778,-9.84251900,0.07874016
350.47629778,-2.36220500,0.00000000
350.50829778,-5.90551100,0.07874016
350.54029778,-5.11811000,0.00000000
350.57229778,-16.53543000,0.07874016
350.60429778,-2.36220500,0.00000000
350.63629778,-8.26771600,0.00000000
350.66829777,-5.90551100,0.00000000
350.70029777,-10.62992000,0.07874016
350.73229777,-4.72440900,0.00000000
350.76429777,-4.72440900,0.07874016
350.79629777,-7.87401500,0.00000000
350.82829777,-7.08661400,0.00000000
350.86029777,-1.96850400,0.00000000
350.89229777,-6.69291300,0.00000000
350.92429777,-6.69291300,0.00000000
350.95629777,-4.33070900,0.00000000
350.98829777,-8.66141700,0.07874016
351.02029776,-8.26771600,0.00000000
351.05229776,-12.99213000,0.00000000
351.08429776,-11.41732000,0.00000000
351.11629776,-12.59842000,0.00000000
351.14829776,-12.20472000,0.00000000
351.18029776,-18.11024000,0.00000000
351.21229776,-10.62992000,0.00000000
351.24429776,-13.38583000,0.07874016
351.27629776,-14.17323000,0.07874016
351.30829776,-20.47244000,0.00000000
351.34029776,-5.11811000,0.00000000
351.37229775,-16.14173000,0.07874016
351.40429775,-12.20472000,0.07874016
351.43629775,-16.53543000,0.07874016
351.46829775,-7.48031400,0.07874016
351.50029775,-14.17323000,0.07874016
351.53229775,-10.62992000,0.07874016
351.56429775,-14.17323000,0.00000000
351.59629775,-7.08661400,0.07874016
351.62829775,-14.17323000,0.07874016
351.66029775,-8.66141700,0.07874016
351.69229775,-10.62992000,0.07874016
351.72429774,-6.69291300,0.00000000
351.75629774,-15.74803000,0.07874016
351.78829774,-4.72440900,0.00000000
351.82029774,-9.05511800,0.07874016
351.85229774,-2.75590500,0.07874016
351.88429774,-6.29921200,0.07874016
351.91629774,-5.51181100,0.00000000
351.94829774,-7.48031400,0.07874016
351.98029774,-2.36220500,0.00000000
352.01229774,-9.44881800,0.00000000
352.04429774,-5.11811000,0.00000000
352.07629773,-5.11811000,0.07874016
352.10829773,-7.08661400,0.00000000
352.14029773,-9.84251900,0.07874016
352.17229773,-6.69291300,0.00000000
352.20429773,-7.08661400,0.00000000
352.23629773,-5.90551100,0.07874016
352.26829773,-7.48031400,0.00000000
352.30029773,-9.05511800,0.00000000
352.33229773,-5.11811000,0.00000000
352.36429773,-9.44881800,0.07874016
352.39629773,-9.05511800,0.00000000
352.42829772,-7.08661400,0.00000000
352.46029772,-5.11811000,0.07874016
352.49229772,-14.17323000,0.07874016
352.52429772,-11.41732000,0.00000000
352.55629772,-13.77953000,0.00000000
352.58829772,-9.05511800,0.07874016
352.62029772,-14.17323000,0.07874016
352.65229772,-8.66141700,0.00000000
352.68429772,-15.35433000,0.07874016
352.71629772,-10.62992000,0.07874016
352.74829772,-23.22835000,0.07874016
352.78029772,-7.48031400,0.00000000
352.81229771,-11.41732000,0.07874016
352.84429771,-10.23622000,0.07874016
352.87629771,-18.11024000,0.07874016
352.90829771,-5.51181100,0.00000000
352.94029771,-15.35433000,0.07874016
352.97229771,-4.72440900,0.00000000
353.00429771,-12.20472000,0.07874016
353.03629771,-6.69291300,0.07874016
353.06829771,-16.92913000,0.07874016
353.10029771,-6.69291300,0.07874016
353.13229771,-15.35433000,0.07874016
353.16429770,-5.90551100,0.07874016
353.19629770,-8.66141700,0.07874016
353.22829770,-9.84251900,0.00000000
353.26029770,-17.71653000,0.07874016
353.29229770,-3.93700800,0.00000000
353.32429770,-10.23622000,0.07874016
353.35629770,-7.87401500,0.07874016
353.38829770,-7.48031400,0.00000000
353.42029770,-4.72440900,0.00000000
353.45229770,-6.69291300,0.07874016
353.48429770,-8.66141700,0.00000000
353.51629769,-7.08661400,0.00000000
353.54829769,-2.75590500,0.00000000
353.58029769,-8.66141700,0.07874016
353.61229769,-10.23622000,0.00000000
353.64429769,-7.48031400,0.00000000
353.67629769,-11.81102000,0.00000000
353.70829769,-12.20472000,0.00000000
353.74029769,-12.99213000,0.00000000
353.77229769,-10.23622000,0.07874016
353.80429769,-13.77953000,0.07874016
353.83629769,-12.20472000,0.07874016
353.86829768,-16.14173000,0.07874016
353.90029768,-9.44881800,0.00000000
353.93229768,-11.02362000,0.07874016
353.96429768,-11.41732000,0.07874016
353.99629768,-13.38583000,0.07874016
354.02829768,-5.11811000,0.00000000
354.06029768,-14.56693000,0.07874016
354.09229768,-11.02362000,0.00000000
354.12429768,-14.56693000,0.07874016
354.15629768,-5.90551100,0.07874016
354.18829768,-14.96063000,0.07874016
354.22029767,-9.84251900,0.07874016
354.25229767,-16.14173000,0.07874016
354.28429767,-3.93700800,0.07874016
354.31629767,-10.62992000,0.00000000
354.34829767,-6.69291300,0.07874016
354.38029767,-9.44881800,0.07874016
354.41229767,-0.78740150,0.00000000
354.44429767,-11.81102000,0.07874016
354.47629767,-3.54330700,0.07874016
354.50829767,-7.87401500,0.07874016
354.54029767,-2.75590500,0.00000000
354.57229766,-9.05511800,0.07874016
354.60429766,-4.33070900,0.00000000
354.63629766,-7.48031400,0.07874016
354.66829766,-4.72440900,0.00000000
354.70029766,-9.05511800,0.00000000
354.73229766,-5.51181100,0.00000000
354.76429766,-4.72440900,0.07874016
354.79629766,-5.51181100,0.07874016
354.82829766,-7.08661400,0.00000000
354.86029766,-0.39370070,0.07874016
354.89229766,-1.96850400,0.00000000
354.92429765,-3.93700800,0.00000000
354.95629765,-1.96850400,0.00000000
354.98829765,-4.72440900,0.00000000
355.02029765,-4.33070900,0.00000000
355.05229765,-9.05511800,0.00000000
355.08429765,-9.84251900,0.00000000
355.11629765,-9.05511800,0.00000000
355.14829765,-7.48031400,0.00000000
355.18029765,-14.96063000,0.07874016
355.21229765,-11.41732000,0.00000000
355.24429765,-12.59842000,0.07874016
355.27629764,-10.23622000,0.00000000
355.30829764,-13.77953000,0.07874016
355.34029764,-6.29921200,0.00000000
355.37229764,-12.99213000,0.07874016
355.40429764,-8.26771600,0.07874016
355.43629764,-18.11024000,0.07874016
355.46829764,-4.33070900,0.00000000
355.50029764,-9.84251900,0.07874016
355.53229764,-8.26771600,0.07874016
355.56429764,-14.56693000,0.07874016
355.59629764,-2.75590500,0.00000000
355.62829763,-17.32283000,0.07874016
355.66029763,-6.69291300,0.07874016
355.69229763,-10.23622000,0.07874016
355.72429763,-5.90551100,0.07874016
355.75629763,-13.77953000,0.07874016
355.78829763,-4.72440900,0.00000000
355.82029763,-10.23622000,0.00000000
355.85229763,-4.72440900,0.07874016
355.88429763,-6.69291300,0.07874016
355.91629763,-5.90551100,0.00000000
355.94829763,-11.41732000,0.07874016
355.98029762,0.78740150,0.00000000
356.01229762,-7.48031400,0.07874016
356.04429762,-6.29921200,0.07874016
356.07629762,-6.69291300,0.07874016
356.10829762,-3.54330700,0.00000000
356.14029762,-8.26771600,0.07874016
356.17229762,-6.29921200,0.07874016
356.20429762,-7.08661400,0.00000000
356.23629762,-6.29921200,0.00000000
356.26829762,-7.48031400,0.00000000
356.30029762,-8.26771600,0.07874016
356.33229761,-3.14960600,0.00000000
356.36429761,-7.08661400,0.00000000
356.39629761,-9.05511800,0.00000000
356.42829761,-9.05511800,0.07874016
356.46029761,-5.51181100,0.07874016
356.49229761,-10.23622000,0.07874016
356.52429761,-5.51181100,0.00000000
356.55629761,-9.84251900,0.07874016
356.58829761,-7.87401500,0.07874016
356.62029761,-15.35433000,0.07874016
356.65229761,-7.87401500,0.07874016
356.68429760,-12.99213000,0.07874016
356.71629760,-7.08661400,0.00000000
356.74829760,-20.47244000,0.07874016
356.78029760,-9.05511800,0.00000000
356.81229760,-13.77953000,0.07874016
356.84429760,-8.66141700,0.07874016
356.87629760,-18.50394000,0.07874016
356.90829760,-2.75590500,0.00000000
356.94029760,-11.02362000,0.07874016
356.97229760,-5.51181100,0.00000000
357.00429760,-12.20472000,0.07874016
357.03629759,-5.90551100,0.00000000
357.06829759,-5.11811000,0.07874016
357.10029759,-2.75590500,0.07874016
357.13229759,-11.02362000,0.07874016
357.16429759,-2.36220500,0.00000000
357.19629759,-8.66141700,0.07874016
357.22829759,-5.51181100,0.07874016
357.26029759,-7.87401500,0.07874016
357.29229759,-1.96850400,0.00000000
357.32429759,-6.29921200,0.07874016
357.35629759,-5.11811000,0.00000000
357.38829758,-12.59842000,0.07874016
357.42029758,-0.78740150,0.00000000
357.45229758,-1.57480300,0.00000000
357.48429758,-3.14960600,0.00000000
357.51629758,-4.33070900,0.07874016
357.54829758,-0.78740150,0.00000000
357.58029758,-4.33070900,0.00000000
357.61229758,-7.87401500,0.00000000
357.64429758,-2.36220500,0.00000000
357.67629758,-5.90551100,0.00000000
357.70829758,-8.26771600,0.00000000
357.74029757,-12.20472000,0.00000000
357.77229757,-10.23622000,0.00000000
357.80429757,-11.41732000,0.00000000
357.83629757,-8.66141700,0.00000000
357.86829757,-14.96063000,0.00000000
357.90029757,-10.23622000,0.07874016
357.93229757,-12.59842000,0.07874016
357.96429757,-12.20472000,0.07874016
357.99629757,-14.96063000,0.07874016
358.02829757,-2.36220500,0.00000000
358.06029757,-12.59842000,0.07874016
358.09229756,-10.23622000,0.07874016
358.12429756,-19.29134000,0.07874016
358.15629756,-7.08661400,0.07874016
358.18829756,-15.35433000,0.07874016
358.22029756,-10.62992000,0.07874016
358.25229756,-14.96063000,0.07874016
358.28429756,-5.51181100,0.07874016
358.31629756,-17.71653000,0.07874016
358.34829756,-8.26771600,0.07874016
358.38029756,-10.62992000,0.07874016
358.41229756,-3.93700800,0.07874016
358.44429755,-16.92913000,0.07874016
358.47629755,-3.14960600,0.07874016
358.50829755,-9.05511800,0.07874016
358.54029755,-6.29921200,0.07874016
358.57229755,-9.84251900,0.00000000
358.60429755,-5.51181100,0.07874016
358.63629755,-6.69291300,0.07874016
358.66829755,-3.93700800,0.00000000
358.70029755,-10.62992000,0.00000000
358.73229755,-8.26771600,0.00000000
358.76429755,-5.11811000,0.07874016
358.79629754,-5.51181100,0.00000000
358.82829754,-7.08661400,0.07874016
358.86029754,-3.14960600,0.00000000
358.89229754,-3.93700800,0.07874016
358.92429754,-5.11811000,0.07874016
358.95629754,-4.33070900,0.00000000
358.98829754,-5.11811000,0.00000000
359.02029754,-1.57480300,0.00000000
359.05229754,-8.66141700,0.07874016
359.08429754,-9.84251900,0.00000000
359.11629754,-9.84251900,0.07874016
359.14829753,-6.69291300,0.00000000
359.18029753,-15.74803000,0.07874016
359.21229753,-11.02362000,0.00000000
359.24429753,-14.96063000,0.07874016
359.27629753,-11.41732000,0.07874016
359.30829753,-17.71653000,0.07874016
359.34029753,-10.62992000,0.00000000
359.37229753,-13.77953000,0.07874016
359.40429753,-8.26771600,0.07874016
359.43629753,-16.53543000,0.07874016
359.46829753,-7.08661400,0.07874016
359.50029752,-11.02362000,0.07874016
359.53229752,-6.29921200,0.07874016
359.56429752,-14.17323000,0.07874016
359.59629752,-2.75590500,0.07874016
359.62829752,-9.84251900,0.07874016
359.66029752,-8.26771600,0.07874016
359.69229752,-12.59842000,0.07874016
359.72429752,-3.54330700,0.00000000
359.75629752,-9.84251900,0.00000000
359.78829752,-5.11811000,0.00000000
359.82029752,-9.05511800,0.07874016
359.85229752,-3.54330700,0.00000000
359.88429751,-10.62992000,0.07874016
359.91629751,-3.93700800,0.00000000
359.94829751,-7.87401500,0.07874016
359.98029751,1.18110200,0.00000000
360.01229751,-6.69291300,0.07874016
360.04429751,-3.14960600,0.00000000
360.07629751,-4.33070900,0.07874016
360.10829751,-2.36220500,0.00000000
360.14029751,-5.51181100,0.00000000
360.17229751,-4.33070900,0.07874016
360.20429751,-3.93700800,0.00000000
360.23629750,-1.57480300,0.00000000
360.26829750,-4.72440900,0.07874016
360.30029750,-6.29921200,0.00000000
360.33229750,-2.36220500,0.00000000
360.36429750,-6.29921200,0.07874016
360.39629750,-8.66141700,0.00000000
360.42829750,-8.26771600,0.00000000
360.46029750,-4.72440900,0.00000000
360.49229750,-9.84251900,0.07874016
360.52429750,-6.69291300,0.00000000
360.55629750,-9.44881800,0.07874016
360.58829749,-5.11811000,0.00000000
360.62029749,-9.84251900,0.00000000
360.65229749,-7.48031400,0.00000000
360.68429749,-12.59842000,0.07874016
360.71629749,-4.33070900,0.00000000
360.74829749,-14.96063000,0.07874016
360.78029749,-8.26771600,0.00000000
360.81229749,-11.41732000,0.00000000
360.84429749,-4.33070900,0.00000000
360.87629749,-14.17323000,0.07874016
360.90829749,-5.11811000,0.07874016
360.94029748,-8.66141700,0.07874016
360.97229748,-1.96850400,0.00000000
361.00429748,-10.62992000,0.07874016
361.03629748,-1.96850400,0.00000000
361.06829748,-5.90551100,0.07874016
361.10029748,0.00000000,0.07874016
361.13229748,-7.87401500,0.07874016
361.16429748,-0.39370070,0.07874016
361.19629748,-3.14960600,0.07874016
361.22829748,-3.93700800,0.00000000
361.26029748,-6.29921200,0.00000000
361.29229747,-1.96850400,0.00000000
361.32429747,-6.29921200,0.07874016
361.35629747,0.00000000,0.00000000
361.38829747,-6.69291300,0.07874016
361.42029747,0.39370070,0.00000000
361.45229747,-0.78740150,0.00000000
361.48429747,-3.54330700,0.07874016
361.51629747,-2.75590500,0.00000000
361.54829747,2.36220500,0.00000000
361.58029747,-2.36220500,0.07874016
361.61229747,-3.54330700,0.00000000
361.64429746,-1.57480300,0.00000000
361.67629746,-5.51181100,0.00000000
361.70829746,-4.72440900,0.00000000
361.74029746,-9.05511800,0.00000000
361.77229746,-7.87401500,0.00000000
361.80429746,-10.23622000,0.07874016
361.83629746,-9.84251900,0.00000000
361.86829746,-15.35433000,0.00000000
361.90029746,-8.26771600,0.00000000
361.93229746,-10.23622000,0.07874016
361.96429746,-9.44881800,0.00000000
361.99629745,-15.74803000,0.00000000
362.02829745,-3.54330700,0.00000000
362.06029745,-14.96063000,0.07874016
362.09229745,-10.23622000,0.07874016
362.12429745,-14.96063000,0.07874016
362.15629745,-5.51181100,0.07874016
362.18829745,-16.14173000,0.07874016
362.22029745,-7.48031400,0.00000000
362.25229745,-16.14173000,0.07874016
362.28429745,-6.69291300,0.07874016
362.31629745,-16.14173000,0.07874016
362.34829744,-8.26771600,0.00000000
362.38029744,-10.62992000,0.07874016
362.41229744,-7.48031400,0.00000000
362.44429744,-13.77953000,0.00000000
362.47629744,-5.11811000,0.00000000
362.50829744,-15.35433000,0.07874016
362.54029744,0.00000000,0.00000000
362.57229744,-8.66141700,0.00000000
362.60429744,-8.26771600,0.00000000
362.63629744,-12.99213000,0.07874016
362.66829744,-2.75590500,0.00000000
362.70029743,-11.81102000,0.00000000
362.73229743,-8.26771600,0.07874016
362.76429743,-7.08661400,0.00000000
362.79629743,-9.05511800,0.00000000
362.82829743,-11.41732000,0.07874016
362.86029743,-6.29921200,0.00000000
362.89229743,-6.29921200,0.07874016
362.92429743,-6.29921200,0.00000000
362.95629743,-6.69291300,0.00000000
362.98829743,-7.87401500,0.00000000
363.02029743,-3.93700800,0.00000000
363.05229742,-8.26771600,0.07874016
363.08429742,-6.69291300,0.00000000
363.11629742,-7.87401500,0.07874016
363.14829742,-7.48031400,0.00000000
363.18029742,-15.74803000,0.00000000
363.21229742,-10.23622000,0.00000000
363.24429742,-11.41732000,0.07874016
363.27629742,-10.62992000,0.07874016
363.30829742,-18.89764000,0.07874016
363.34029742,-8.66141700,0.07874016
363.37229742,-16.14173000,0.07874016
363.40429741,-9.84251900,0.07874016
363.43629741,-20.86614000,0.07874016
363.46829741,-7.48031400,0.07874016
363.50029741,-11.41732000,0.07874016
363.53229741,-8.66141700,0.00000000
363.56429741,-16.92913000,0.07874016
363.59629741,-4.33070900,0.07874016
363.62829741,-7.87401500,0.07874016
363.66029741,-6.69291300,0.00000000
363.69229741,-10.62992000,0.07874016
363.72429741,-3.93700800,0.00000000
363.75629740,-13.38583000,0.07874016
363.78829740,-4.72440900,0.07874016
363.82029740,-11.41732000,0.07874016
363.85229740,-4.72440900,0.00000000
363.88429740,-6.69291300,0.07874016
363.91629740,-7.08661400,0.00000000
363.94829740,-13.77953000,0.07874016
363.98029740,0.00000000,0.00000000
364.01229740,-7.87401500,0.07874016
364.04429740,-4.33070900,0.00000000
364.07629740,-5.51181100,0.00000000
364.10829739,-3.54330700,0.00000000
364.14029739,-5.90551100,0.00000000
364.17229739,-5.90551100,0.00000000
364.20429739,-4.72440900,0.07874016
364.23629739,-2.36220500,0.00000000
364.26829739,-7.87401500,0.07874016
364.30029739,-9.05511800,0.00000000
364.33229739,-5.51181100,0.07874016
364.36429739,-11.41732000,0.07874016
364.39629739,-11.41732000,0.00000000
364.42829739,-12.59842000,0.07874016
364.46029738,-9.84251900,0.00000000
364.49229738,-14.17323000,0.07874016
364.52429738,-11.81102000,0.00000000
364.55629738,-14.96063000,0.07874016
364.58829738,-8.66141700,0.00000000
364.62029738,-14.17323000,0.07874016
364.65229738,-12.99213000,0.07874016
364.68429738,-17.32283000,0.07874016
364.71629738,-5.51181100,0.00000000
364.74829738,-18.89764000,0.07874016
364.78029738,-13.38583000,0.00000000
364.81229737,-16.53543000,0.07874016
364.84429737,-10.62992000,0.00000000
364.87629737,-18.89764000,0.07874016
364.90829737,-9.05511800,0.07874016
364.94029737,-14.96063000,0.07874016
364.97229737,-7.48031400,0.07874016
365.00429737,-18.11024000,0.07874016
365.03629737,-5.90551100,0.07874016
365.06829737,-8.26771600,0.07874016
365.10029737,-5.51181100,0.00000000
365.13229737,-13.38583000,0.07874016
365.16429736,-3.93700800,0.07874016
365.19629736,-8.26771600,0.07874016
365.22829736,-7.08661400,0.00000000
365.26029736,-8.66141700,0.00000000
365.29229736,-4.33070900,0.00000000
365.32429736,-9.44881800,0.07874016
365.35629736,-4.72440900,0.00000000
365.38829736,-9.05511800,0.00000000
365.42029736,-4.72440900,0.07874016
365.45229736,-3.93700800,0.00000000
365.48429736,-6.29921200,0.00000000
365.51629735,-6.29921200,0.00000000
365.54829735,-1.57480300,0.07874016
365.58029735,-3.93700800,0.07874016
365.61229735,-5.51181100,0.00000000
365.64429735,-1.96850400,0.00000000
365.67629735,-4.72440900,0.00000000
365.70829735,-5.11811000,0.00000000
365.74029735,-10.62992000,0.00000000
365.77229735,-9.84251900,0.00000000
365.80429735,-11.41732000,0.07874016
365.83629735,-8.66141700,0.00000000
365.86829734,-16.53543000,0.07874016
365.90029734,-10.62992000,0.07874016
365.93229734,-12.99213000,0.07874016
365.96429734,-12.99213000,0.07874016
365.99629734,-13.77953000,0.07874016
366.02829734,-7.08661400,0.07874016
366.06029734,-12.59842000,0.07874016
366.09229734,-7.08661400,0.00000000
366.12429734,-15.35433000,0.07874016
366.15629734,-4.33070900,0.00000000
366.18829734,-10.23622000,0.07874016
366.22029733,-7.87401500,0.07874016
366.25229733,-12.99213000,0.07874016
366.28429733,-3.14960600,0.07874016
366.31629733,-16.92913000,0.07874016
366.34829733,-7.48031400,0.07874016
366.38029733,-8.66141700,0.07874016
366.41229733,-3.93700800,0.00000000
366.44429733,-12.99213000,0.07874016
366.47629733,-3.93700800,0.07874016
366.50829733,-8.26771600,0.07874016
366.54029733,-4.33070900,0.07874016
366.57229732,-6.29921200,0.07874016
366.60429732,-3.54330700,0.07874016
366.63629732,-9.05511800,0.07874016
366.66829732,0.39370070,0.00000000
366.70029732,-9.05511800,0.00000000
366.73229732,-5.51181100,0.00000000
366.76429732,-4.33070900,0.00000000
366.79629732,-5.11811000,0.00000000
366.82829732,-7.48031400,0.00000000
366.86029732,-5.11811000,0.07874016
366.89229732,-6.69291300,0.00000000
366.92429732,-7.08661400,0.00000000
366.95629731,-7.87401500,0.00000000
366.98829731,-6.69291300,0.00000000
367.02029731,-3.54330700,0.07874016
367.05229731,-11.02362000,0.00000000
367.08429731,-10.62992000,0.00000000
367.11629731,-10.62992000,0.00000000
367.14829731,-8.66141700,0.07874016
367.18029731,-14.56693000,0.00000000
367.21229731,-9.84251900,0.00000000
367.24429731,-12.20472000,0.07874016
367.27629731,-11.41732000,0.07874016
367.30829730,-16.53543000,0.07874016
367.34029730,-12.59842000,0.00000000
367.37229730,-19.68504000,0.07874016
367.40429730,-7.48031400,0.07874016
367.43629730,-19.29134000,0.07874016
367.46829730,-13.38583000,0.07874016
367.50029730,-14.96063000,0.07874016
367.53229730,-9.84251900,0.07874016
367.56429730,-15.35433000,0.07874016
367.59629730,-3.93700800,0.00000000
367.62829730,-8.66141700,0.07874016
367.66029729,-7.87401500,0.07874016
367.69229729,-12.99213000,0.07874016
367.72429729,-2.75590500,0.07874016
367.75629729,-7.87401500,0.07874016
367.78829729,-4.72440900,0.00000000
367.82029729,-13.77953000,0.07874016
367.85229729,-3.14960600,0.00000000
367.88429729,-9.84251900,0.00000000
367.91629729,-7.87401500,0.00000000
367.94829729,-8.26771600,0.00000000
367.98029729,-1.96850400,0.07874016
368.01229728,-9.05511800,0.07874016
368.04429728,-6.29921200,0.07874016
368.07629728,-5.11811000,0.00000000
368.10829728,-2.75590500,0.07874016
368.14029728,-3.93700800,0.00000000
368.17229728,-5.11811000,0.00000000
368.20429728,-5.51181100,0.00000000
368.23629728,-3.54330700,0.07874016
368.26829728,-7.87401500,0.07874016
368.30029728,-8.26771600,0.00000000
368.33229728,-2.36220500,0.00000000
368.36429727,-8.26771600,0.00000000
368.39629727,-11.41732000,0.00000000
368.42829727,-12.20472000,0.07874016
368.46029727,-8.66141700,0.00000000
368.49229727,-12.59842000,0.00000000
368.52429727,-8.66141700,0.00000000
368.55629727,-12.20472000,0.07874016
368.58829727,-8.26771600,0.00000000
368.62029727,-14.17323000,0.07874016
368.65229727,-9.44881800,0.00000000
368.68429727,-10.62992000,0.07874016
368.71629726,-2.36220500,0.00000000
368.74829726,-15.74803000,0.07874016
368.78029726,-10.62992000,0.07874016
368.81229726,-16.92913000,0.07874016
368.84429726,-7.08661400,0.07874016
368.87629726,-14.96063000,0.07874016
368.90829726,-9.84251900,0.07874016
368.94029726,-14.96063000,0.07874016
368.97229726,-5.51181100,0.00000000
369.00429726,-16.92913000,0.07874016
369.03629726,-6.69291300,0.07874016
369.06829725,-9.05511800,0.07874016
369.10029725,-4.72440900,0.07874016
369.13229725,-16.14173000,0.07874016
369.16429725,-1.96850400,0.00000000
369.19629725,-6.69291300,0.00000000
369.22829725,-7.08661400,0.07874016
369.26029725,-7.48031400,0.07874016
369.29229725,-3.54330700,0.07874016
369.32429725,-12.20472000,0.07874016
369.35629725,-4.33070900,0.07874016
369.38829725,-11.02362000,0.00000000
369.42029724,-7.08661400,0.00000000
369.45229724,-7.48031400,0.00000000
369.48429724,-8.66141700,0.00000000
369.51629724,-8.66141700,0.00000000
369.54829724,-3.93700800,0.07874016
369.58029724,-5.90551100,0.07874016
369.61229724,-7.48031400,0.00000000
369.64429724,-5.51181100,0.00000000
369.67629724,-6.29921200,0.00000000
369.70829724,-5.90551100,0.00000000
369.74029724,-11.02362000,0.07874016
369.77229723,-9.44881800,0.00000000
369.80429723,-10.62992000,0.00000000
369.83629723,-12.20472000,0.00000000
369.86829723,-18.11024000,0.07874016
369.90029723,-11.41732000,0.07874016
369.93229723,-13.38583000,0.07874016
369.96429723,-14.17323000,0.07874016
369.99629723,-15.74803000,0.07874016
370.02829723,-9.44881800,0.07874016
370.06029723,-14.56693000,0.07874016
370.09229723,-7.87401500,0.07874016
370.12429722,-12.59842000,0.07874016
370.15629722,-6.69291300,0.07874016
370.18829722,-12.99213000,0.07874016
370.22029722,-6.69291300,0.00000000
370.25229722,-13.38583000,0.07874016
370.28429722,-3.14960600,0.00000000
370.31629722,-14.56693000,0.07874016
370.34829722,-6.29921200,0.00000000
370.38029722,-9.84251900,0.07874016
370.41229722,-5.90551100,0.00000000
370.44429722,-15.35433000,0.07874016
370.47629721,-4.72440900,0.07874016
370.50829721,-10.62992000,0.07874016
370.54029721,-5.11811000,0.00000000
370.57229721,-11.02362000,0.07874016
370.60429721,-6.69291300,0.00000000
370.63629721,-7.48031400,0.00000000
370.66829721,-1.96850400,0.07874016
370.70029721,-7.87401500,0.00000000
370.73229721,-4.33070900,0.00000000
370.76429721,-4.72440900,0.07874016
370.79629721,-5.51181100,0.00000000
370.82829720,-9.05511800,0.07874016
370.86029720,-3.54330700,0.00000000
370.89229720,-5.90551100,0.00000000
370.92429720,-4.33070900,0.00000000
370.95629720,-8.26771600,0.00000000
370.98829720,-8.66141700,0.00000000
371.02029720,-4.72440900,0.00000000
371.05229720,-9.44881800,0.00000000
371.08429720,-9.84251900,0.07874016
371.11629720,-8.26771600,0.00000000
371.14829720,-7.48031400,0.07874016
371.18029719,-13.77953000,0.07874016
371.21229719,-7.08661400,0.00000000
371.24429719,-8.66141700,0.07874016
371.27629719,-7.08661400,0.00000000
371.30829719,-12.59842000,0.07874016
371.34029719,-9.84251900,0.00000000
371.37229719,-13.77953000,0.07874016
371.40429719,-7.08661400,0.07874016
371.43629719,-16.14173000,0.07874016
371.46829719,-7.48031400,0.07874016
371.50029719,-9.44881800,0.07874016
371.53229718,-9.44881800,0.00000000
371.56429718,-18.50394000,0.07874016
371.59629718,-3.54330700,0.07874016
371.62829718,-10.23622000,0.07874016
371.66029718,-3.14960600,0.07874016
371.69229718,-8.66141700,0.07874016
371.72429718,-3.14960600,0.00000000
371.75629718,-10.62992000,0.00000000
371.78829718,-1.96850400,0.00000000
371.82029718,-9.84251900,0.07874016
371.85229718,0.39370070,0.00000000
371.88429717,-5.11811000,0.07874016
371.91629717,-7.87401500,0.00000000
371.94829717,-11.41732000,0.00000000
371.98029717,-1.57480300,0.00000000
372.01229717,-9.44881800,0.00000000
372.04429717,-3.54330700,0.00000000
372.07629717,-5.90551100,0.07874016
372.10829717,-3.93700800,0.07874016
372.14029717,-6.29921200,0.00000000
372.17229717,-4.72440900,0.00000000
372.20429717,-3.14960600,0.00000000
372.23629716,1.57480300,0.00000000
372.26829716,-3.54330700,0.07874016
372.30029716,-5.11811000,0.07874016
372.33229716,-0.78740150,0.00000000
372.36429716,-6.29921200,0.07874016
372.39629716,-6.69291300,0.00000000
372.42829716,-7.87401500,0.07874016
372.46029716,-7.08661400,0.00000000
372.49229716,-11.81102000,0.07874016
372.52429716,-10.62992000,0.00000000
372.55629716,-12.59842000,0.07874016
372.58829715,-5.90551100,0.07874016
372.62029715,-9.44881800,0.07874016
372.65229715,-8.66141700,0.00000000
372.68429715,-13.38583000,0.07874016
372.71629715,-2.36220500,0.00000000
372.74829715,-13.77953000,0.07874016
372.78029715,-6.69291300,0.07874016
372.81229715,-10.23622000,0.07874016
372.84429715,-4.72440900,0.00000000
372.87629715,-14.17323000,0.07874016
372.90829715,-5.11811000,0.00000000
372.94029714,-11.81102000,0.07874016
372.97229714,-4.33070900,0.00000000
373.00429714,-16.14173000,0.07874016
373.03629714,-6.29921200,0.00000000
373.06829714,-8.66141700,0.07874016
373.10029714,-6.69291300,0.07874016
373.13229714,-12.99213000,0.07874016
373.16429714,-1.57480300,0.07874016
373.19629714,-12.59842000,0.07874016
373.22829714,-1.96850400,0.07874016
373.26029714,-9.44881800,0.07874016
373.29229713,-5.51181100,0.07874016
373.32429713,-8.66141700,0.07874016
373.35629713,-2.36220500,0.00000000
373.38829713,-9.05511800,0.07874016
373.42029713,-5.90551100,0.00000000
373.45229713,-5.51181100,0.00000000
373.48429713,-10.23622000,0.00000000
373.51629713,-12.59842000,0.00000000
373.54829713,-3.93700800,0.00000000
373.58029713,-7.48031400,0.07874016
373.61229713,-9.05511800,0.07874016
373.64429712,-7.08661400,0.00000000
373.67629712,-8.66141700,0.07874016
373.70829712,-6.29921200,0.00000000
373.74029712,-11.41732000,0.07874016
373.77229712,-9.44881800,0.07874016
373.80429712,-9.44881800,0.07874016
373.83629712,-10.23622000,0.00000000
373.86829712,-17.71653000,0.07874016
373.90029712,-11.41732000,0.00000000
373.93229712,-15.74803000,0.07874016
373.96429712,-11.02362000,0.00000000
373.99629712,-16.53543000,0.07874016
374.02829711,-12.20472000,0.07874016
374.06029711,-17.71653000,0.07874016
374.09229711,-11.81102000,0.00000000
374.12429711,-19.29134000,0.07874016
374.15629711,-9.05511800,0.07874016
374.18829711,-11.41732000,0.07874016
374.22029711,-10.62992000,0.07874016
374.25229711,-15.35433000,0.07874016
374.28429711,-2.36220500,0.00000000
374.31629711,-12.20472000,0.07874016
374.34829711,-8.66141700,0.07874016
374.38029710,-11.81102000,0.07874016
374.41229710,-3.54330700,0.00000000
374.44429710,-12.59842000,0.07874016
374.47629710,-6.69291300,0.00000000
374.50829710,-13.77953000,0.07874016
374.54029710,-2.75590500,0.07874016
374.57229710,-10.23622000,0.00000000
374.60429710,-9.05511800,0.00000000
374.63629710,-8.26771600,0.07874016
374.66829710,-3.54330700,0.00000000
374.70029710,-11.41732000,0.00000000
374.73229709,-5.11811000,0.00000000
374.76429709,-3.93700800,0.00000000
374.79629709,-3.93700800,0.00000000
374.82829709,-7.08661400,0.07874016
374.86029709,-4.72440900,0.00000000
374.89229709,-5.51181100,0.00000000
374.92429709,-5.11811000,0.00000000
374.95629709,-7.87401500,0.00000000
374.98829709,-7.87401500,0.00000000
375.02029709,-3.54330700,0.07874016
375.05229709,-9.84251900,0.00000000
375.08429708,-10.23622000,0.00000000
375.11629708,-9.84251900,0.00000000
375.14829708,-8.66141700,0.00000000
375.18029708,-13.77953000,0.07874016
375.21229708,-9.05511800,0.00000000
375.24429708,-12.59842000,0.07874016
375.27629708,-8.66141700,0.07874016
375.30829708,-13.38583000,0.07874016
375.34029708,-10.62992000,0.07874016
375.37229708,-13.77953000,0.07874016
375.40429708,-4.33070900,0.00000000
375.43629707,-18.11024000,0.07874016
375.46829707,-11.81102000,0.07874016
375.50029707,-15.35433000,0.07874016
375.53229707,-9.84251900,0.07874016
375.56429707,-18.11024000,0.07874016
375.59629707,-5.90551100,0.00000000
375.62829707,-14.17323000,0.07874016
375.66029707,-8.66141700,0.00000000
375.69229707,-18.89764000,0.07874016
375.72429707,-3.54330700,0.07874016
375.75629707,-8.26771600,0.07874016
375.78829706,-7.87401500,0.00000000
375.82029706,-14.17323000,0.07874016
375.85229706,-3.93700800,0.07874016
375.88429706,-14.96063000,0.07874016
375.91629706,-5.90551100,0.00000000
375.94829706,-7.48031400,0.07874016
375.98029706,-5.90551100,0.00000000
376.01229706,-12.59842000,0.07874016
376.04429706,-9.05511800,0.07874016
376.07629706,-11.02362000,0.00000000
376.10829706,-7.48031400,0.00000000
376.14029705,-6.69291300,0.00000000
376.17229705,-9.84251900,0.00000000
376.20429705,-11.02362000,0.07874016
376.23629705,-3.54330700,0.00000000
376.26829705,-7.48031400,0.00000000
376.30029705,-7.48031400,0.00000000
376.33229705,-3.54330700,0.00000000
376.36429705,-8.26771600,0.00000000
376.39629705,-11.41732000,0.00000000
376.42829705,-14.56693000,0.00000000
376.46029705,-11.02362000,0.07874016
376.49229704,-12.20472000,0.00000000
376.52429704,-12.20472000,0.00000000
376.55629704,-16.14173000,0.07874016
376.58829704,-12.59842000,0.00000000
376.62029704,-15.35433000,0.00000000
376.65229704,-13.38583000,0.07874016
376.68429704,-13.38583000,0.07874016
376.71629704,-7.08661400,0.00000000
376.74829704,-18.89764000,0.07874016
376.78029704,-7.87401500,0.07874016
376.81229704,-16.14173000,0.07874016
376.84429703,-7.48031400,0.00000000
376.87629703,-15.74803000,0.07874016
376.90829703,-6.69291300,0.07874016
376.94029703,-13.77953000,0.07874016
376.97229703,-6.69291300,0.00000000
377.00429703,-19.68504000,0.07874016
377.03629703,-8.26771600,0.07874016
377.06829703,-11.41732000,0.07874016
377.10029703,-7.87401500,0.07874016
377.13229703,-17.71653000,0.07874016
377.16429703,-6.29921200,0.00000000
377.19629702,-12.20472000,0.07874016
377.22829702,-6.29921200,0.00000000
377.26029702,-10.62992000,0.07874016
377.29229702,-5.90551100,0.00000000
377.32429702,-5.51181100,0.07874016
377.35629702,-4.33070900,0.07874016
377.38829702,-11.41732000,0.07874016
377.42029702,-3.93700800,0.00000000
377.45229702,-5.11811000,0.07874016
377.48429702,-5.90551100,0.00000000
377.51629702,-7.08661400,0.00000000
377.54829701,-5.11811000,0.00000000
377.58029701,-6.69291300,0.00000000
377.61229701,-7.48031400,0.00000000
377.64429701,-9.44881800,0.00000000
377.67629701,-6.29921200,0.00000000
377.70829701,-6.29921200,0.00000000
377.74029701,-12.99213000,0.00000000
377.77229701,-10.62992000,0.07874016
377.80429701,-9.05511800,0.00000000
377.83629701,-9.44881800,0.07874016
377.86829701,-14.56693000,0.00000000
377.90029700,-7.48031400,0.00000000
377.93229700,-11.02362000,0.00000000
377.96429700,-11.02362000,0.00000000
377.99629700,-16.14173000,0.07874016
378.02829700,-11.02362000,0.00000000
378.06029700,-17.71653000,0.07874016
378.09229700,-8.66141700,0.07874016
378.12429700,-18.89764000,0.07874016
378.15629700,-11.02362000,0.07874016
378.18829700,-13.77953000,0.07874016
378.22029700,-10.23622000,0.07874016
378.25229699,-18.50394000,0.07874016
378.28429699,-1.96850400,0.00000000
378.31629699,-11.81102000,0.07874016
378.34829699,-9.84251900,0.07874016
378.38029699,-14.56693000,0.07874016
378.41229699,-3.14960600,0.00000000
378.44429699,-8.66141700,0.07874016
378.47629699,-7.08661400,0.07874016
378.50829699,-11.41732000,0.07874016
378.54029699,-3.54330700,0.00000000
378.57229699,-17.71653000,0.07874016
378.60429698,-6.69291300,0.00000000
378.63629698,-8.26771600,0.07874016
378.66829698,-5.51181100,0.07874016
378.70029698,-15.35433000,0.07874016
378.73229698,-5.90551100,0.00000000
378.76429698,-7.87401500,0.07874016
378.79629698,-5.90551100,0.00000000
378.82829698,-7.08661400,0.00000000
378.86029698,-6.29921200,0.07874016
378.89229698,-4.72440900,0.07874016
378.92429698,-3.14960600,0.00000000
378.95629697,-7.87401500,0.07874016
378.98829697,-7.08661400,0.00000000
379.02029697,-2.36220500,0.00000000
379.05229697,-8.26771600,0.00000000
379.08429697,-9.84251900,0.00000000
379.11629697,-10.23622000,0.00000000
379.14829697,-8.66141700,0.07874016
379.18029697,-13.38583000,0.00000000
379.21229697,-11.41732000,0.07874016
379.24429697,-13.38583000,0.07874016
379.27629697,-5.90551100,0.00000000
379.30829696,-12.59842000,0.07874016
379.34029696,-11.41732000,0.07874016
379.37229696,-15.74803000,0.07874016
379.40429696,-3.93700800,0.00000000
379.43629696,-16.92913000,0.07874016
379.46829696,-8.26771600,0.07874016
379.50029696,-15.74803000,0.07874016
379.53229696,-7.87401500,0.07874016
379.56429696,-16.53543000,0.07874016
379.59629696,-8.26771600,0.07874016
379.62829696,-13.38583000,0.07874016
379.66029695,-6.29921200,0.07874016
379.69229695,-12.20472000,0.07874016
379.72429695,-7.87401500,0.07874016
379.75629695,-8.26771600,0.07874016
379.78829695,-4.72440900,0.00000000
379.82029695,-13.38583000,0.07874016
379.85229695,1.18110200,0.00000000
379.88429695,-4.33070900,0.00000000
379.91629695,-5.51181100,0.07874016
379.94829695,-6.69291300,0.07874016
379.98029695,-2.36220500,0.00000000
380.01229694,-11.02362000,0.07874016
380.04429694,-0.78740150,0.07874016
380.07629694,-8.26771600,0.00000000
380.10829694,-4.33070900,0.00000000
380.14029694,-6.69291300,0.00000000
380.17229694,-8.26771600,0.07874016
380.20429694,-6.29921200,0.00000000
380.23629694,-2.75590500,0.07874016
380.26829694,-5.90551100,0.00000000
380.30029694,-7.48031400,0.00000000
380.33229694,-5.11811000,0.00000000
380.36429693,-6.69291300,0.07874016
380.39629693,-4.33070900,0.00000000
380.42829693,-9.44881800,0.00000000
380.46029693,-6.69291300,0.00000000
380.49229693,-10.62992000,0.07874016
380.52429693,-12.59842000,0.07874016
380.55629693,-17.32283000,0.07874016
380.58829693,-8.66141700,0.00000000
380.62029693,-14.17323000,0.07874016
380.65229693,-12.59842000,0.00000000
380.68429693,-18.11024000,0.07874016
380.71629692,-11.41732000,0.07874016
380.74829692,-20.86614000,0.07874016
380.78029692,-8.26771600,0.07874016
380.81229692,-17.32283000,0.07874016
380.84429692,-10.62992000,0.07874016
380.87629692,-15.74803000,0.00000000
380.90829692,-12.20472000,0.00000000
380.94029692,-18.11024000,0.07874016
380.97229692,-1.57480300,0.07874016
381.00429692,-14.96063000,0.07874016
381.03629692,-10.23622000,0.00000000
381.06829692,-18.11024000,0.07874016
381.10029691,-7.08661400,0.00000000
381.13229691,-15.35433000,0.07874016
381.16429691,-8.66141700,0.07874016
381.19629691,-13.38583000,0.07874016
381.22829691,-6.29921200,0.07874016
381.26029691,-12.99213000,0.07874016
381.29229691,-9.84251900,0.00000000
381.32429691,-6.69291300,0.00000000
381.35629691,-4.33070900,0.00000000
381.38829691,-10.23622000,0.07874016
381.42029691,-4.33070900,0.00000000
381.45229690,-5.11811000,0.07874016
381.48429690,-6.29921200,0.00000000
381.51629690,-6.29921200,0.00000000
381.54829690,-2.36220500,0.00000000
381.58029690,-3.54330700,0.00000000
381.61229690,-5.51181100,0.00000000
381.64429690,-8.26771600,0.00000000
381.67629690,-9.44881800,0.07874016
381.70829690,-5.51181100,0.00000000
381.74029690,-11.02362000,0.00000000
381.77229690,-9.05511800,0.00000000
381.80429689,-9.44881800,0.07874016
381.83629689,-10.23622000,0.00000000
381.86829689,-16.53543000,0.07874016
381.90029689,-8.66141700,0.00000000
381.93229689,-11.81102000,0.07874016
381.96429689,-9.44881800,0.00000000
381.99629689,-13.77953000,0.07874016
382.02829689,-11.81102000,0.07874016
382.06029689,-14.17323000,0.07874016
382.09229689,-7.48031400,0.07874016
382.12429689,-16.92913000,0.07874016
382.15629688,-7.08661400,0.00000000
382.18829688,-13.38583000,0.07874016
382.22029688,-11.41732000,0.00000000
382.25229688,-16.92913000,0.07874016
382.28429688,-5.90551100,0.07874016
382.31629688,-13.77953000,0.07874016
382.34829688,-5.51181100,0.07874016
382.38029688,-11.02362000,0.07874016
382.41229688,-4.33070900,0.00000000
382.44429688,-5.90551100,0.07874016
382.47629688,-4.72440900,0.07874016
382.50829687,-12.99213000,0.07874016
382.54029687,1.57480300,0.00000000
382.57229687,-9.84251900,0.00000000
382.60429687,-6.69291300,0.00000000
382.63629687,-8.26771600,0.07874016
382.66829687,-2.36220500,0.00000000
382.70029687,-11.02362000,0.07874016
382.73229687,-4.33070900,0.00000000
382.76429687,-7.48031400,0.00000000
382.79629687,-5.11811000,0.00000000
382.82829687,-6.69291300,0.07874016
382.86029686,-6.69291300,0.00000000
382.89229686,-4.33070900,0.00000000
382.92429686,0.78740150,0.00000000
382.95629686,-6.29921200,0.00000000
382.98829686,-4.33070900,0.00000000
383.02029686,-1.18110200,0.00000000
383.05229686,-6.69291300,0.00000000
383.08429686,-7.48031400,0.00000000
383.11629686,-8.66141700,0.00000000
383.14829686,-7.87401500,0.07874016
383.18029686,-11.41732000,0.00000000
383.21229685,-11.02362000,0.07874016
383.24429685,-13.77953000,0.00000000
383.27629685,-6.29921200,0.00000000
383.30829685,-12.59842000,0.07874016
383.34029685,-11.02362000,0.07874016
383.37229685,-12.20472000,0.07874016
383.40429685,-5.51181100,0.07874016
383.43629685,-14.56693000,0.07874016
383.46829685,-5.51181100,0.07874016
383.50029685,-9.05511800,0.07874016
383.53229685,-4.72440900,0.07874016
383.56429684,-8.66141700,0.07874016
383.59629684,-6.29921200,0.07874016
383.62829684,-12.20472000,0.07874016
383.66029684,-1.57480300,0.07874016
383.69229684,-13.38583000,0.07874016
383.72429684,-4.33070900,0.00000000
383.75629684,-6.29921200,0.07874016
383.78829684,-3.14960600,0.07874016
383.82029684,-10.62992000,0.00000000
383.85229684,-0.39370070,0.07874016
383.88429684,-2.75590500,0.07874016
383.91629683,-1.96850400,0.00000000
383.94829683,-6.29921200,0.07874016
383.98029683,0.39370070,0.00000000
384.01229683,-3.93700800,0.07874016
384.04429683,0.78740150,0.00000000
384.07629683,-5.11811000,0.00000000
384.10829683,0.78740150,0.00000000
384.14029683,0.39370070,0.00000000
384.17229683,-4.72440900,0.00000000
384.20429683,-7.08661400,0.00000000
384.23629683,-0.39370070,0.00000000
384.26829682,-4.72440900,0.00000000
384.30029682,-4.33070900,0.07874016
384.33229682,-1.57480300,0.00000000
384.36429682,-4.33070900,0.07874016
384.39629682,-3.54330700,0.00000000
384.42829682,-9.44881800,0.07874016
384.46029682,-5.51181100,0.00000000
384.49229682,-5.51181100,0.07874016
384.52429682,-6.29921200,0.00000000
384.55629682,-12.59842000,0.07874016
384.58829682,-7.48031400,0.00000000
384.62029681,-12.59842000,0.07874016
384.65229681,-9.44881800,0.00000000
384.68429681,-14.56693000,0.07874016
384.71629681,-9.05511800,0.07874016
384.74829681,-16.92913000,0.07874016
384.78029681,-10.62992000,0.07874016
384.81229681,-19.68504000,0.07874016
384.84429681,-6.69291300,0.00000000
384.87629681,-13.38583000,0.07874016
384.90829681,-10.23622000,0.00000000
384.94029681,-16.53543000,0.07874016
384.97229680,-2.75590500,0.07874016
385.00429680,-13.38583000,0.07874016
385.03629680,-9.05511800,0.07874016
385.06829680,-7.87401500,0.07874016
385.10029680,-3.14960600,0.07874016
385.13229680,-16.53543000,0.07874016
385.16429680,-3.93700800,0.00000000
385.19629680,-11.81102000,0.07874016
385.22829680,-4.72440900,0.07874016
385.26029680,-15.35433000,0.07874016
385.29229680,-5.90551100,0.00000000
385.32429679,-9.05511800,0.00000000
385.35629679,-6.69291300,0.07874016
385.38829679,-13.38583000,0.07874016
385.42029679,-5.90551100,0.00000000
385.45229679,-4.72440900,0.07874016
385.48429679,-4.33070900,0.00000000
385.51629679,-5.51181100,0.00000000
385.54829679,-5.11811000,0.00000000
385.58029679,-4.72440900,0.00000000
385.61229679,-2.75590500,0.00000000
385.64429679,-5.11811000,0.00000000
385.67629678,-4.72440900,0.00000000
385.70829678,-1.18110200,0.00000000
385.74029678,-11.02362000,0.07874016
385.77229678,-10.62992000,0.00000000
385.80429678,-9.05511800,0.00000000
385.83629678,-6.69291300,0.00000000
385.86829678,-12.99213000,0.07874016
385.90029678,-10.62992000,0.07874016
385.93229678,-14.17323000,0.07874016
385.96429678,-7.87401500,0.07874016
385.99629678,-13.38583000,0.00000000
386.02829677,-9.05511800,0.07874016
386.06029677,-13.77953000,0.07874016
386.09229677,-4.72440900,0.07874016
386.12429677,-18.11024000,0.07874016
386.15629677,-8.66141700,0.07874016
386.18829677,-12.20472000,0.07874016
386.22029677,-9.44881800,0.00000000
386.25229677,-12.59842000,0.07874016
386.28429677,-7.08661400,0.07874016
386.31629677,-12.99213000,0.07874016
386.34829677,-7.08661400,0.07874016
386.38029676,-14.96063000,0.07874016
386.41229676,-2.75590500,0.00000000
386.44429676,-6.69291300,0.07874016
386.47629676,-5.90551100,0.07874016
386.50829676,-10.23622000,0.07874016
386.54029676,-0.78740150,0.00000000
386.57229676,-11.81102000,0.07874016
386.60429676,-2.36220500,0.00000000
386.63629676,-4.72440900,0.07874016
386.66829676,-1.96850400,0.00000000
386.70029676,-10.23622000,0.07874016
386.73229675,-5.51181100,0.00000000
386.76429675,-7.08661400,0.07874016
386.79629675,-4.33070900,0.07874016
386.82829675,-4.72440900,0.00000000
386.86029675,-7.87401500,0.00000000
386.89229675,-9.84251900,0.07874016
386.92429675,-1.96850400,0.00000000
386.95629675,-7.08661400,0.00000000
386.98829675,-6.69291300,0.00000000
387.02029675,-1.96850400,0.00000000
387.05229675,-7.48031400,0.00000000
387.08429674,-7.87401500,0.00000000
387.11629674,-10.62992000,0.00000000
387.14829674,-7.48031400,0.07874016
387.18029674,-10.23622000,0.00000000
387.21229674,-9.44881800,0.00000000
387.24429674,-16.14173000,0.07874016
387.27629674,-10.62992000,0.07874016
387.30829674,-17.71653000,0.07874016
387.34029674,-13.38583000,0.00000000
387.37229674,-16.53543000,0.07874016
387.40429674,-9.44881800,0.07874016
387.43629673,-19.29134000,0.07874016
387.46829673,-10.62992000,0.07874016
387.50029673,-14.96063000,0.07874016
387.53229673,-6.29921200,0.00000000
387.56429673,-14.96063000,0.07874016
387.59629673,-9.84251900,0.07874016
387.62829673,-17.71653000,0.07874016
387.66029673,-3.54330700,0.07874016
387.69229673,-14.17323000,0.07874016
387.72429673,-9.44881800,0.00000000
387.75629673,-10.62992000,0.07874016
387.78829672,-7.08661400,0.00000000
387.82029672,-15.35433000,0.07874016
387.85229672,-6.29921200,0.00000000
387.88429672,-8.66141700,0.00000000
387.91629672,-6.69291300,0.00000000
387.94829672,-11.02362000,0.00000000
387.98029672,-3.93700800,0.00000000
388.01229672,-4.72440900,0.07874016
388.04429672,-3.14960600,0.00000000
388.07629672,-8.26771600,0.00000000
388.10829672,-2.36220500,0.00000000
388.14029671,-2.36220500,0.07874016
388.17229671,-5.90551100,0.07874016
388.20429671,-4.72440900,0.00000000
388.23629671,-1.57480300,0.00000000
388.26829671,-4.72440900,0.07874016
388.30029671,-6.29921200,0.00000000
388.33229671,-5.11811000,0.07874016
388.36429671,-6.69291300,0.00000000
388.39629671,-5.51181100,0.07874016
388.42829671,-11.02362000,0.07874016
388.46029671,-8.66141700,0.00000000
388.49229671,-9.05511800,0.00000000
388.52429670,-9.05511800,0.00000000
388.55629670,-14.56693000,0.07874016
388.58829670,-7.48031400,0.07874016
388.62029670,-9.84251900,0.07874016
388.65229670,-10.62992000,0.07874016
388.68429670,-12.59842000,0.07874016
388.71629670,-7.08661400,0.00000000
388.74829670,-14.56693000,0.07874016
388.78029670,-5.90551100,0.07874016
388.81229670,-15.74803000,0.07874016
388.84429670,-8.26771600,0.00000000
388.87629669,-13.38583000,0.07874016
388.90829669,-9.84251900,0.00000000
388.94029669,-16.92913000,0.07874016
388.97229669,-1.57480300,0.00000000
389.00429669,-11.02362000,0.07874016
389.03629669,-7.48031400,0.07874016
389.06829669,-10.62992000,0.07874016
389.10029669,-2.36220500,0.00000000
389.13229669,-8.26771600,0.07874016
389.16429669,-5.11811000,0.00000000
389.19629669,-7.87401500,0.07874016
389.22829668,-1.57480300,0.00000000
389.26029668,-15.35433000,0.07874016
389.29229668,-6.29921200,0.00000000
389.32429668,-6.69291300,0.00000000
389.35629668,-3.14960600,0.07874016
389.38829668,-11.02362000,0.00000000
389.42029668,-5.11811000,0.07874016
389.45229668,-6.29921200,0.07874016
389.48429668,-7.48031400,0.00000000
389.51629668,-7.08661400,0.00000000
389.54829668,-4.72440900,0.00000000
389.58029667,-5.51181100,0.00000000
389.61229667,-1.96850400,0.07874016
389.64429667,-6.69291300,0.00000000
389.67629667,-7.48031400,0.07874016
389.70829667,-3.14960600,0.00000000
389.74029667,-9.84251900,0.00000000
389.77229667,-9.84251900,0.00000000
389.80429667,-10.62992000,0.00000000
389.83629667,-11.02362000,0.00000000
389.86829667,-16.92913000,0.07874016
389.90029667,-12.59842000,0.00000000
389.93229666,-14.56693000,0.07874016
389.96429666,-11.41732000,0.00000000
389.99629666,-18.89764000,0.07874016
390.02829666,-11.41732000,0.00000000
390.06029666,-14.96063000,0.07874016
390.09229666,-9.44881800,0.00000000
390.12429666,-18.11024000,0.07874016
390.15629666,-7.48031400,0.00000000
390.18829666,-11.81102000,0.00000000
390.22029666,-9.44881800,0.00000000
390.25229666,-13.38583000,0.07874016
390.28429665,-7.87401500,0.00000000
390.31629665,-13.77953000,0.07874016
390.34829665,-4.72440900,0.07874016
390.38029665,-14.17323000,0.07874016
390.41229665,-8.66141700,0.00000000
390.44429665,-12.59842000,0.07874016
390.47629665,-4.72440900,0.00000000
390.50829665,-12.59842000,0.07874016
390.54029665,-1.18110200,0.00000000
390.57229665,-8.66141700,0.07874016
390.60429665,-6.29921200,0.07874016
390.63629664,-8.66141700,0.07874016
390.66829664,-3.14960600,0.07874016
390.70029664,-5.90551100,0.07874016
390.73229664,-3.54330700,0.00000000
390.76429664,-6.69291300,0.07874016
390.79629664,-5.11811000,0.00000000
390.82829664,-6.29921200,0.00000000
390.86029664,-7.48031400,0.00000000
390.89229664,-7.48031400,0.07874016
390.92429664,-0.39370070,0.00000000
390.95629664,-8.26771600,0.00000000
390.98829663,-9.84251900,0.00000000
391.02029663,-5.51181100,0.07874016
391.05229663,-6.69291300,0.00000000
391.08429663,-7.08661400,0.00000000
391.11629663,-6.29921200,0.00000000
391.14829663,-5.11811000,0.07874016
391.18029663,-10.62992000,0.07874016
391.21229663,-8.66141700,0.00000000
391.24429663,-13.77953000,0.07874016
391.27629663,-3.14960600,0.00000000
391.30829663,-9.05511800,0.07874016
391.34029662,-9.05511800,0.00000000
391.37229662,-14.56693000,0.07874016
391.40429662,-8.66141700,0.00000000
391.43629662,-20.07874000,0.07874016
391.46829662,-7.48031400,0.00000000
391.50029662,-13.38583000,0.07874016
391.53229662,-8.66141700,0.00000000
391.56429662,-16.53543000,0.07874016
391.59629662,-8.66141700,0.07874016
391.62829662,-14.96063000,0.07874016
391.66029662,0.78740150,0.00000000
391.69229661,-12.59842000,0.07874016
391.72429661,-7.48031400,0.07874016
391.75629661,-12.20472000,0.07874016
391.78829661,-4.72440900,0.00000000
391.82029661,-12.99213000,0.07874016
391.85229661,-7.48031400,0.00000000
391.88429661,-8.66141700,0.07874016
391.91629661,-5.90551100,0.07874016
391.94829661,-18.89764000,0.07874016
391.98029661,-7.48031400,0.07874016
392.01229661,-11.41732000,0.07874016
392.04429660,-5.11811000,0.07874016
392.07629660,-13.38583000,0.07874016
392.10829660,-5.11811000,0.00000000
392.14029660,-5.11811000,0.00000000
392.17229660,-6.29921200,0.07874016
392.20429660,-8.66141700,0.00000000
392.23629660,-3.14960600,0.00000000
392.26829660,-8.26771600,0.07874016
392.30029660,-6.29921200,0.07874016
392.33229660,-8.66141700,0.00000000
392.36429660,-9.84251900,0.00000000
392.39629659,-6.69291300,0.00000000
392.42829659,-13.77953000,0.00000000
392.46029659,-14.17323000,0.00000000
392.49229659,-11.81102000,0.00000000
392.52429659,-12.59842000,0.00000000
392.55629659,-19.29134000,0.07874016
392.58829659,-11.81102000,0.07874016
392.62029659,-12.59842000,0.07874016
392.65229659,-12.20472000,0.00000000
392.68429659,-14.56693000,0.07874016
392.71629659,-7.08661400,0.00000000
392.74829658,-11.81102000,0.07874016
392.78029658,-8.26771600,0.07874016
392.81229658,-18.89764000,0.07874016
392.84429658,-8.26771600,0.00000000
392.87629658,-12.59842000,0.07874016
392.90829658,-11.81102000,0.07874016
392.94029658,-19.29134000,0.07874016
392.97229658,-3.93700800,0.00000000
393.00429658,-11.81102000,0.07874016
393.03629658,-11.02362000,0.07874016
393.06829658,-14.96063000,0.07874016
393.10029657,-0.78740150,0.07874016
393.13229657,-11.41732000,0.07874016
393.16429657,-5.90551100,0.00000000
393.19629657,-14.17323000,0.07874016
393.22829657,0.00000000,0.07874016
393.26029657,-8.66141700,0.07874016
393.29229657,-7.08661400,0.00000000
393.32429657,-5.90551100,0.00000000
393.35629657,-3.54330700,0.00000000
393.38829657,-12.59842000,0.00000000
393.42029657,-6.29921200,0.00000000
393.45229656,-9.05511800,0.07874016
393.48429656,-5.11811000,0.00000000
393.51629656,-11.02362000,0.00000000
393.54829656,-6.69291300,0.00000000
393.58029656,-5.90551100,0.00000000
393.61229656,-3.14960600,0.00000000
393.64429656,-6.29921200,0.00000000
393.67629656,-4.33070900,0.07874016
393.70829656,0.00000000,0.00000000
393.74029656,-8.26771600,0.00000000
393.77229656,-8.66141700,0.00000000
393.80429655,-8.26771600,0.00000000
393.83629655,-5.51181100,0.00000000
393.86829655,-11.81102000,0.00000000
393.90029655,-10.23622000,0.00000000
393.93229655,-12.59842000,0.00000000
393.96429655,-9.44881800,0.00000000
393.99629655,-13.77953000,0.00000000
394.02829655,-11.02362000,0.00000000
394.06029655,-12.99213000,0.07874016
394.09229655,-6.29921200,0.00000000
394.12429655,-15.74803000,0.07874016
394.15629654,-7.87401500,0.07874016
394.18829654,-10.23622000,0.07874016
394.22029654,-2.36220500,0.00000000
394.25229654,-14.96063000,0.07874016
394.28429654,-1.96850400,0.00000000
394.31629654,-10.23622000,0.07874016
394.34829654,-1.96850400,0.00000000
394.38029654,-12.20472000,0.07874016
394.41229654,-3.54330700,0.07874016
394.44429654,-7.48031400,0.07874016
394.47629654,-2.75590500,0.00000000
394.50829653,-8.66141700,0.07874016
394.54029653,-1.96850400,0.07874016
394.57229653,-9.44881800,0.07874016
394.60429653,-3.54330700,0.00000000
394.63629653,-6.29921200,0.07874016
394.66829653,0.39370070,0.00000000
394.70029653,-3.54330700,0.07874016
394.73229653,-1.96850400,0.00000000
394.76429653,-5.90551100,0.00000000
394.79629653,1.57480300,0.00000000
394.82829653,0.78740150,0.00000000
394.86029652,-4.33070900,0.00000000
394.89229652,-4.33070900,0.00000000
394.92429652,1.96850400,0.00000000
394.95629652,-5.11811000,0.00000000
394.98829652,-4.33070900,0.00000000
395.02029652,-1.18110200,0.07874016
395.05229652,-4.33070900,0.00000000
395.08429652,-6.69291300,0.00000000
395.11629652,-9.44881800,0.00000000
395.14829652,-6.29921200,0.07874016
395.18029652,-3.54330700,0.00000000
395.21229651,-6.69291300,0.00000000
395.24429651,-9.84251900,0.07874016
395.27629651,-3.14960600,0.00000000
395.30829651,-9.05511800,0.07874016
395.34029651,-7.08661400,0.00000000
395.37229651,-9.84251900,0.07874016
395.40429651,-3.93700800,0.00000000
395.43629651,-14.96063000,0.07874016
395.46829651,-7.48031400,0.00000000
395.50029651,-14.56693000,0.07874016
395.53229651,-3.93700800,0.00000000
395.56429651,-11.02362000,0.07874016
395.59629650,-8.66141700,0.07874016
395.62829650,-14.96063000,0.07874016
395.66029650,-0.78740150,0.07874016
395.69229650,-10.23622000,0.07874016
395.72429650,-7.87401500,0.07874016
395.75629650,-3.54330700,0.07874016
395.78829650,0.00000000,0.00000000
395.82029650,-13.77953000,0.07874016
395.85229650,-2.36220500,0.00000000
395.88429650,-7.48031400,0.00000000
395.91629650,-0.78740150,0.07874016
395.94829649,-11.41732000,0.07874016
395.98029649,-4.72440900,0.00000000
396.01229649,-7.48031400,0.07874016
396.04429649,-4.72440900,0.00000000
396.07629649,-10.62992000,0.07874016
396.10829649,-5.11811000,0.00000000
396.14029649,-6.69291300,0.07874016
396.17229649,-3.93700800,0.07874016
396.20429649,-7.08661400,0.00000000
396.23629649,-3.54330700,0.00000000
396.26829649,-4.72440900,0.00000000
396.30029648,-4.33070900,0.00000000
396.33229648,-3.54330700,0.00000000
396.36429648,-4.33070900,0.00000000
396.39629648,-2.36220500,0.00000000
396.42829648,-11.41732000,0.00000000
396.46029648,-11.41732000,0.00000000
396.49229648,-10.62992000,0.00000000
396.52429648,-9.84251900,0.07874016
396.55629648,-18.11024000,0.07874016
396.58829648,-6.69291300,0.00000000
396.62029648,-15.35433000,0.07874016
396.65229647,-14.17323000,0.00000000
396.68429647,-16.14173000,0.07874016
396.71629647,-9.84251900,0.07874016
396.74829647,-13.77953000,0.07874016
396.78029647,-7.48031400,0.07874016
396.81229647,-16.53543000,0.07874016
396.84429647,-10.23622000,0.00000000
396.87629647,-12.59842000,0.07874016
396.90829647,-7.08661400,0.07874016
396.94029647,-14.56693000,0.07874016
396.97229647,-5.90551100,0.07874016
397.00429646,-12.99213000,0.07874016
397.03629646,-7.87401500,0.07874016
397.06829646,-12.99213000,0.07874016
397.10029646,-5.51181100,0.00000000
397.13229646,-10.23622000,0.07874016
397.16429646,-3.93700800,0.00000000
397.19629646,-10.62992000,0.07874016
397.22829646,-2.36220500,0.07874016
397.26029646,-7.48031400,0.07874016
397.29229646,-4.33070900,0.00000000
397.32429646,-6.29921200,0.07874016
397.35629645,-0.78740150,0.00000000
397.38829645,-9.44881800,0.07874016
397.42029645,-5.51181100,0.00000000
397.45229645,-7.08661400,0.07874016
397.48429645,-3.93700800,0.07874016
397.51629645,-7.08661400,0.07874016
397.54829645,-8.66141700,0.07874016
397.58029645,-7.87401500,0.07874016
397.61229645,-3.93700800,0.00000000
397.64429645,-7.87401500,0.00000000
397.67629645,-6.29921200,0.07874016
397.70829644,-0.78740150,0.07874016
397.74029644,-3.93700800,0.07874016
397.77229644,-7.08661400,0.07874016
397.80429644,-8.26771600,0.07874016
397.83629644,-5.51181100,0.00000000
397.86829644,-10.62992000,0.07874016
397.90029644,-9.44881800,0.00000000
397.93229644,-13.77953000,0.07874016
397.96429644,-9.44881800,0.07874016
397.99629644,-14.96063000,0.07874016
398.02829644,-11.81102000,0.00000000
398.06029643,-15.35433000,0.07874016
398.09229643,-8.26771600,0.07874016
398.12429643,-19.68504000,0.07874016
398.15629643,-11.02362000,0.00000000
398.18829643,-13.38583000,0.07874016
398.22029643,-5.90551100,0.07874016
398.25229643,-15.74803000,0.07874016
398.28429643,-7.48031400,0.07874016
398.31629643,-16.92913000,0.07874016
398.34829643,-1.96850400,0.00000000
398.38029643,-13.38583000,0.07874016
398.41229642,-9.44881800,0.07874016
398.44429642,-9.84251900,0.07874016
398.47629642,-6.69291300,0.07874016
398.50829642,-19.29134000,0.07874016
398.54029642,-3.54330700,0.00000000
398.57229642,-9.05511800,0.00000000
398.60429642,-9.05511800,0.00000000
398.63629642,-12.59842000,0.07874016
398.66829642,-6.69291300,0.00000000
398.70029642,-7.48031400,0.07874016
398.73229642,-5.51181100,0.00000000
398.76429641,-9.05511800,0.07874016
398.79629641,-5.11811000,0.00000000
398.82829641,-8.66141700,0.07874016
398.86029641,-5.51181100,0.00000000
398.89229641,-6.29921200,0.00000000
398.92429641,-2.75590500,0.07874016
398.95629641,-7.87401500,0.00000000
398.98829641,-8.66141700,0.07874016
399.02029641,-8.66141700,0.07874016
399.05229641,-9.84251900,0.00000000
399.08429641,-8.26771600,0.00000000
399.11629640,-12.59842000,0.00000000
399.14829640,-11.41732000,0.00000000
399.18029640,-10.62992000,0.00000000
399.21229640,-11.41732000,0.07874016
399.24429640,-15.35433000,0.07874016
399.27629640,-7.08661400,0.00000000
399.30829640,-9.44881800,0.07874016
399.34029640,-11.02362000,0.07874016
399.37229640,-14.96063000,0.00000000
399.40429640,-5.90551100,0.07874016
399.43629640,-12.59842000,0.07874016
399.46829639,-9.05511800,0.00000000
399.50029639,-16.53543000,0.07874016
399.53229639,-7.08661400,0.00000000
399.56429639,-13.77953000,0.00000000
399.59629639,-12.59842000,0.07874016
399.62829639,-18.89764000,0.07874016
399.66029639,-2.36220500,0.00000000
399.69229639,-12.99213000,0.07874016
399.72429639,-8.66141700,0.00000000
399.75629639,-13.38583000,0.07874016
399.78829639,-3.14960600,0.07874016
399.82029638,-11.41732000,0.07874016
399.85229638,-3.93700800,0.00000000
399.88429638,-8.66141700,0.07874016
399.91629638,-2.36220500,0.07874016
399.94829638,-7.48031400,0.07874016
399.98029638,-8.26771600,0.07874016
400.01229638,-7.87401500,0.00000000
400.04429638,-1.18110200,0.00000000
400.07629638,-11.41732000,0.07874016
400.10829638,-4.33070900,0.00000000
400.14029638,-5.51181100,0.00000000
400.17229637,-6.69291300,0.07874016
400.20429637,-6.69291300,0.00000000
400.23629637,-3.54330700,0.00000000
400.26829637,-5.90551100,0.00000000
400.30029637,-1.18110200,0.07874016
400.33229637,-6.29921200,0.07874016
400.36429637,-7.87401500,0.00000000
400.39629637,-2.36220500,0.00000000
400.42829637,-8.66141700,0.00000000
400.46029637,-9.44881800,0.00000000
400.49229637,-9.44881800,0.00000000
400.52429636,-8.26771600,0.00000000
400.55629636,-15.74803000,0.07874016
400.58829636,-12.20472000,0.00000000
400.62029636,-14.17323000,0.07874016
400.65229636,-10.62992000,0.07874016
400.68429636,-16.92913000,0.07874016
400.71629636,-11.02362000,0.00000000
400.74829636,-14.56693000,0.07874016
400.78029636,-7.87401500,0.07874016
400.81229636,-17.32283000,0.07874016
400.84429636,-6.69291300,0.00000000
400.87629635,-12.99213000,0.07874016
400.90829635,-7.08661400,0.07874016
400.94029635,-15.74803000,0.07874016
400.97229635,-8.26771600,0.07874016
401.00429635,-15.35433000,0.07874016
401.03629635,-5.51181100,0.07874016
401.06829635,-13.77953000,0.07874016
401.10029635,-10.23622000,0.07874016
401.13229635,-11.02362000,0.07874016
401.16429635,-7.48031400,0.07874016
401.19629635,-19.29134000,0.07874016
401.22829634,-1.18110200,0.00000000
401.26029634,-6.69291300,0.07874016
401.29229634,-9.05511800,0.07874016
401.32429634,-13.38583000,0.07874016
401.35629634,-1.18110200,0.07874016
401.38829634,-7.48031400,0.07874016
401.42029634,-4.72440900,0.00000000
401.45229634,-8.26771600,0.07874016
401.48429634,-5.51181100,0.00000000
401.51629634,-6.69291300,0.00000000
401.54829634,-8.66141700,0.00000000
401.58029633,-7.48031400,0.00000000
401.61229633,-3.14960600,0.07874016
401.64429633,-7.48031400,0.07874016
401.67629633,-8.26771600,0.00000000
401.70829633,-3.93700800,0.07874016
401.74029633,-6.69291300,0.07874016
401.77229633,-5.51181100,0.00000000
401.80429633,-8.66141700,0.07874016
401.83629633,-7.08661400,0.00000000
401.86829633,-9.44881800,0.07874016
401.90029633,-8.26771600,0.07874016
401.93229632,-12.99213000,0.07874016
401.96429632,-7.08661400,0.07874016
401.99629632,-13.38583000,0.07874016
402.02829632,-11.02362000,0.07874016
402.06029632,-16.92913000,0.07874016
402.09229632,-8.66141700,0.07874016
402.12429632,-20.86614000,0.07874016
402.15629632,-10.23622000,0.07874016
402.18829632,-15.74803000,0.07874016
402.22029632,-8.66141700,0.07874016
402.25229632,-16.14173000,0.07874016
402.28429631,-9.84251900,0.00000000
402.31629631,-10.62992000,0.07874016
402.34829631,-3.14960600,0.07874016
402.38029631,-11.02362000,0.07874016
402.41229631,-5.90551100,0.00000000
402.44429631,-10.62992000,0.07874016
402.47629631,-1.57480300,0.07874016
402.50829631,-11.81102000,0.00000000
402.54029631,-4.33070900,0.07874016
402.57229631,-7.87401500,0.07874016
402.60429631,-4.72440900,0.00000000
402.63629631,-15.74803000,0.07874016
402.66829630,-5.51181100,0.07874016
402.70029630,-7.48031400,0.00000000
402.73229630,-3.93700800,0.07874016
402.76429630,-10.23622000,0.00000000
402.79629630,-3.93700800,0.07874016
402.82829630,-3.54330700,0.07874016
402.86029630,-6.69291300,0.00000000
402.89229630,-6.29921200,0.07874016
402.92429630,-2.36220500,0.00000000
402.95629630,-6.29921200,0.07874016
402.98829630,-4.33070900,0.00000000
403.02029629,-5.90551100,0.00000000
403.05229629,-7.48031400,0.00000000
403.08429629,-5.51181100,0.00000000
403.11629629,-12.20472000,0.00000000
403.14829629,-12.59842000,0.00000000
403.18029629,-11.81102000,0.00000000
403.21229629,-10.23622000,0.00000000
403.24429629,-17.32283000,0.00000000
403.27629629,-9.84251900,0.00000000
403.30829629,-13.38583000,0.07874016
403.34029629,-12.20472000,0.07874016
403.37229628,-16.92913000,0.00000000
403.40429628,-7.87401500,0.00000000
403.43629628,-15.35433000,0.07874016
403.46829628,-11.02362000,0.07874016
403.50029628,-19.29134000,0.07874016
403.53229628,-9.84251900,0.00000000
403.56429628,-14.96063000,0.07874016
403.59629628,-10.23622000,0.00000000
403.62829628,-19.68504000,0.07874016
403.66029628,-7.87401500,0.07874016
403.69229628,-19.68504000,0.07874016
403.72429627,-9.05511800,0.00000000
403.75629627,-13.77953000,0.07874016
403.78829627,-7.48031400,0.07874016
403.82029627,-11.81102000,0.07874016
403.85229627,-7.08661400,0.07874016
403.88429627,-9.84251900,0.00000000
403.91629627,-3.54330700,0.07874016
403.94829627,-6.29921200,0.07874016
403.98029627,-7.08661400,0.07874016
404.01229627,-7.08661400,0.07874016
404.04429627,-2.36220500,0.07874016
404.07629626,-8.26771600,0.00000000
404.10829626,-6.69291300,0.07874016
404.14029626,-3.93700800,0.07874016
404.17229626,-3.93700800,0.07874016
404.20429626,-5.11811000,0.00000000
404.23629626,-5.51181100,0.00000000
404.26829626,-3.14960600,0.00000000
404.30029626,-1.57480300,0.00000000
404.33229626,-3.54330700,0.07874016
404.36429626,-4.72440900,0.00000000
404.39629626,1.57480300,0.00000000
404.42829625,-4.72440900,0.07874016
404.46029625,-6.69291300,0.07874016
404.49229625,-6.29921200,0.07874016
404.52429625,-3.54330700,0.07874016
404.55629625,-9.84251900,0.00000000
404.58829625,-9.05511800,0.00000000
404.62029625,-11.41732000,0.00000000
404.65229625,-7.48031400,0.07874016
404.68429625,-9.44881800,0.00000000
404.71629625,-9.44881800,0.07874016
404.74829625,-10.62992000,0.07874016
404.78029624,-1.57480300,0.07874016
404.81229624,-11.02362000,0.07874016
404.84429624,-7.08661400,0.00000000
404.87629624,-4.33070900,0.07874016
404.90829624,-3.14960600,0.00000000
404.94029624,-6.69291300,0.07874016
404.97229624,0.00000000,0.07874016
405.00429624,-7.87401500,0.07874016
405.03629624,1.96850400,0.07874016
405.06829624,-7.87401500,0.07874016
405.10029624,0.00000000,0.00000000
405.13229623,-2.75590500,0.00000000
405.16429623,0.00000000,0.07874016
405.19629623,-9.44881800,0.07874016
405.22829623,0.00000000,0.00000000
405.26029623,-1.57480300,0.00000000
405.29229623,0.00000000,0.07874016
405.32429623,-2.36220500,0.07874016
405.35629623,3.14960600,0.00000000
405.38829623,0.00000000,0.07874016
405.42029623,0.78740150,0.00000000
405.45229623,-0.39370070,0.07874016
405.48429622,3.54330700,0.00000000
405.51629622,5.51181100,0.00000000
405.54829622,0.00000000,0.00000000
405.58029622,-1.57480300,0.07874016
405.61229622,3.14960600,0.00000000
405.64429622,-1.18110200,0.07874016
405.67629622,-1.57480300,0.07874016
405.70829622,1.57480300,0.00000000
405.74029622,-1.96850400,0.00000000
405.77229622,-3.54330700,0.00000000
405.80429622,-7.48031400,0.00000000
405.83629621,-5.11811000,0.00000000
405.86829621,-4.72440900,0.00000000
405.90029621,-2.75590500,0.00000000
405.93229621,-11.02362000,0.00000000
405.96429621,-5.90551100,0.00000000
405.99629621,-9.05511800,0.07874016
406.02829621,-8.66141700,0.07874016
406.06029621,-10.62992000,0.07874016
406.09229621,-4.33070900,0.07874016
406.12429621,-14.17323000,0.07874016
406.15629621,-7.48031400,0.00000000
406.18829620,-16.53543000,0.07874016
406.22029620,-7.87401500,0.00000000
406.25229620,-13.38583000,0.07874016
406.28429620,-6.69291300,0.00000000
406.31629620,-14.17323000,0.07874016
406.34829620,-3.54330700,0.00000000
406.38029620,-14.56693000,0.07874016
406.41229620,-4.72440900,0.07874016
406.44429620,-5.11811000,0.07874016
406.47629620,-1.57480300,0.07874016
406.50829620,-11.02362000,0.07874016
406.54029619,-3.14960600,0.00000000
406.57229619,-7.48031400,0.07874016
406.60429619,-2.36220500,0.00000000
406.63629619,-7.87401500,0.07874016
406.66829619,-3.93700800,0.00000000
406.70029619,-4.72440900,0.00000000
406.73229619,-2.75590500,0.00000000
406.76429619,-11.41732000,0.07874016
406.79629619,-4.33070900,0.00000000
406.82829619,-1.18110200,0.07874016
406.86029619,-2.75590500,0.00000000
406.89229618,-7.48031400,0.00000000
406.92429618,-1.18110200,0.00000000
406.95629618,-1.96850400,0.00000000
406.98829618,-1.96850400,0.07874016
407.02029618,-3.54330700,0.00000000
407.05229618,-4.72440900,0.07874016
407.08429618,-2.36220500,0.00000000
407.11629618,-10.23622000,0.00000000
407.14829618,-10.62992000,0.00000000
407.18029618,-9.05511800,0.07874016
407.21229618,-7.48031400,0.00000000
407.24429617,-12.99213000,0.07874016
407.27629617,-9.05511800,0.00000000
407.30829617,-9.84251900,0.07874016
407.34029617,-9.44881800,0.07874016
407.37229617,-12.99213000,0.00000000
407.40429617,-5.11811000,0.00000000
407.43629617,-7.87401500,0.07874016
407.46829617,-4.33070900,0.07874016
407.50029617,-12.59842000,0.07874016
407.53229617,-4.72440900,0.07874016
407.56429617,-4.72440900,0.07874016
407.59629616,-5.11811000,0.00000000
407.62829616,-12.20472000,0.07874016
407.66029616,0.39370070,0.00000000
407.69229616,-9.05511800,0.07874016
407.72429616,-4.72440900,0.00000000
407.75629616,-9.05511800,0.07874016
407.78829616,-1.18110200,0.07874016
407.82029616,-2.36220500,0.07874016
407.85229616,-1.57480300,0.07874016
407.88429616,-10.23622000,0.07874016
407.91629616,3.54330700,0.00000000
407.94829615,-1.57480300,0.07874016
407.98029615,-1.18110200,0.00000000
408.01229615,-2.36220500,0.07874016
408.04429615,3.93700800,0.00000000
408.07629615,-1.57480300,0.00000000
408.10829615,-1.18110200,0.00000000
408.14029615,-3.14960600,0.07874016
408.17229615,0.78740150,0.00000000
408.20429615,-1.18110200,0.07874016
408.23629615,-2.36220500,0.00000000
408.26829615,-2.75590500,0.00000000
408.30029614,1.96850400,0.00000000
408.33229614,-1.18110200,0.07874016
408.36429614,-2.75590500,0.00000000
408.39629614,2.36220500,0.00000000
408.42829614,-0.39370070,0.00000000
408.46029614,-2.36220500,0.07874016
408.49229614,-3.93700800,0.00000000
408.52429614,-1.18110200,0.00000000
408.55629614,-4.33070900,0.07874016
408.58829614,-3.93700800,0.00000000
408.62029614,-7.87401500,0.07874016
408.65229613,-2.36220500,0.00000000
408.68429613,-7.08661400,0.07874016
408.71629613,-8.26771600,0.07874016
408.74829613,-11.41732000,0.07874016
408.78029613,-0.39370070,0.07874016
408.81229613,-12.20472000,0.07874016
408.84429613,-5.51181100,0.07874016
408.87629613,-10.62992000,0.07874016
408.90829613,0.39370070,0.00000000
408.94029613,-7.87401500,0.07874016
408.97229613,-3.14960600,0.07874016
409.00429612,-8.26771600,0.07874016
409.03629612,1.96850400,0.07874016
409.06829612,-8.26771600,0.07874016
409.10029612,-4.33070900,0.07874016
409.13229612,-8.26771600,0.07874016
409.16429612,1.18110200,0.00000000
409.19629612,-9.44881800,0.07874016
409.22829612,-1.96850400,0.00000000
409.26029612,-5.90551100,0.07874016
409.29229612,-2.36220500,0.07874016
409.32429612,-6.69291300,0.07874016
409.35629611,-3.14960600,0.00000000
409.38829611,-5.11811000,0.00000000
409.42029611,0.00000000,0.07874016
409.45229611,-5.51181100,0.00000000
409.48429611,-1.57480300,0.00000000
409.51629611,0.78740150,0.07874016
409.54829611,-2.36220500,0.07874016
409.58029611,-2.36220500,0.00000000
409.61229611,0.78740150,0.00000000
409.64429611,-1.96850400,0.07874016
409.67629611,-4.72440900,0.07874016
409.70829611,-4.33070900,0.00000000
409.74029610,-5.90551100,0.07874016
409.77229610,-3.93700800,0.07874016
409.80429610,-8.66141700,0.00000000
409.83629610,-8.66141700,0.00000000
409.86829610,-8.66141700,0.07874016
409.90029610,-5.90551100,0.00000000
409.93229610,-13.77953000,0.07874016
409.96429610,-8.26771600,0.00000000
409.99629610,-9.84251900,0.07874016
410.02829610,-7.48031400,0.00000000
410.06029610,-14.56693000,0.07874016
410.09229609,-7.87401500,0.07874016
410.12429609,-16.92913000,0.07874016
410.15629609,-5.51181100,0.00000000
410.18829609,-16.53543000,0.07874016
410.22029609,-10.62992000,0.07874016
410.25229609,-16.92913000,0.07874016
410.28429609,-10.62992000,0.00000000
410.31629609,-17.32283000,0.07874016
410.34829609,-6.29921200,0.07874016
410.38029609,-16.92913000,0.07874016
410.41229609,-7.48031400,0.07874016
410.44429608,-11.81102000,0.07874016
410.47629608,-6.69291300,0.07874016
410.50829608,-13.38583000,0.07874016
410.54029608,-3.54330700,0.07874016
410.57229608,-9.05511800,0.07874016
410.60429608,-4.33070900,0.07874016
410.63629608,-11.81102000,0.07874016
410.66829608,-8.26771600,0.00000000
410.70029608,-12.20472000,0.07874016
410.73229608,-3.54330700,0.00000000
410.76429608,-11.41732000,0.00000000
410.79629607,-9.84251900,0.00000000
410.82829607,-9.84251900,0.07874016
410.86029607,-8.66141700,0.07874016
410.89229607,-11.02362000,0.07874016
410.92429607,-6.69291300,0.00000000
410.95629607,-5.90551100,0.07874016
410.98829607,-5.90551100,0.07874016
411.02029607,-9.44881800,0.00000000
411.05229607,-10.62992000,0.00000000
411.08429607,-5.90551100,0.00000000
411.11629607,-10.62992000,0.07874016
411.14829606,-12.59842000,0.00000000
411.18029606,-12.99213000,0.07874016
411.21229606,-10.62992000,0.00000000
411.24429606,-19.29134000,0.07874016
411.27629606,-14.96063000,0.07874016
411.30829606,-16.92913000,0.07874016
411.34029606,-14.56693000,0.07874016
411.37229606,-20.47244000,0.00000000
411.40429606,-14.56693000,0.00000000
411.43629606,-19.29134000,0.07874016
411.46829606,-8.26771600,0.00000000
411.50029605,-18.89764000,0.07874016
411.53229605,-12.59842000,0.07874016
411.56429605,-17.32283000,0.07874016
411.59629605,-10.23622000,0.07874016
411.62829605,-22.83464000,0.07874016
411.66029605,-8.26771600,0.00000000
411.69229605,-14.56693000,0.07874016
411.72429605,-11.41732000,0.07874016
411.75629605,-20.86614000,0.07874016
411.78829605,-10.62992000,0.07874016
411.82029605,-18.50394000,0.07874016
411.85229604,-8.26771600,0.00000000
411.88429604,-16.53543000,0.07874016
411.91629604,-7.08661400,0.07874016
411.94829604,-12.59842000,0.07874016
411.98029604,-10.62992000,0.07874016
412.01229604,-16.14173000,0.07874016
412.04429604,-5.90551100,0.07874016
412.07629604,-10.62992000,0.00000000
412.10829604,-9.05511800,0.00000000
412.14029604,-12.20472000,0.07874016
412.17229604,-9.05511800,0.07874016
412.20429603,-12.20472000,0.07874016
412.23629603,-11.81102000,0.07874016
412.26829603,-11.02362000,0.00000000
412.30029603,-7.48031400,0.00000000
412.33229603,-12.20472000,0.07874016
412.36429603,-14.17323000,0.07874016
412.39629603,-10.23622000,0.00000000
412.42829603,-12.20472000,0.00000000
412.46029603,-12.59842000,0.00000000
412.49229603,-14.17323000,0.00000000
412.52429603,-11.81102000,0.00000000
412.55629602,-15.35433000,0.07874016
412.58829602,-14.96063000,0.07874016
412.62029602,-19.29134000,0.07874016
412.65229602,-13.38583000,0.00000000
412.68429602,-19.29134000,0.07874016
412.71629602,-16.14173000,0.00000000
412.74829602,-22.83464000,0.07874016
412.78029602,-12.20472000,0.07874016
412.81229602,-21.65354000,0.07874016
412.84429602,-16.92913000,0.00000000
412.87629602,-22.44094000,0.07874016
412.90829601,-12.59842000,0.00000000
412.94029601,-22.04724000,0.07874016
412.97229601,-12.99213000,0.00000000
413.00429601,-17.71653000,0.07874016
413.03629601,-9.05511800,0.07874016
413.06829601,-19.29134000,0.07874016
413.10029601,-10.62992000,0.00000000
413.13229601,-16.53543000,0.07874016
413.16429601,-8.26771600,0.07874016
413.19629601,-16.92913000,0.07874016
413.22829601,-11.02362000,0.07874016
413.26029600,-13.77953000,0.07874016
413.29229600,-10.23622000,0.07874016
413.32429600,-18.50394000,0.07874016
413.35629600,-11.41732000,0.00000000
413.38829600,-11.41732000,0.07874016
413.42029600,-8.66141700,0.07874016
413.45229600,-14.17323000,0.07874016
413.48429600,-8.66141700,0.07874016
413.51629600,-9.44881800,0.07874016
413.54829600,-9.84251900,0.00000000
413.58029600,-11.41732000,0.07874016
413.61229599,-5.90551100,0.00000000
413.64429599,-8.66141700,0.00000000
413.67629599,-9.05511800,0.00000000
413.70829599,-10.62992000,0.07874016
413.74029599,-11.81102000,0.00000000
413.77229599,-9.44881800,0.07874016
413.80429599,-15.74803000,0.00000000
413.83629599,-15.35433000,0.00000000
413.86829599,-13.77953000,0.07874016
413.90029599,-11.41732000,0.00000000
413.93229599,-17.32283000,0.07874016
413.96429598,-11.41732000,0.00000000
413.99629598,-12.99213000,0.07874016
414.02829598,-9.84251900,0.07874016
414.06029598,-14.56693000,0.07874016
414.09229598,-9.44881800,0.07874016
414.12429598,-13.77953000,0.07874016
414.15629598,-8.66141700,0.07874016
414.18829598,-16.14173000,0.07874016
414.22029598,-8.26771600,0.00000000
414.25229598,-12.99213000,0.07874016
414.28429598,-9.44881800,0.07874016
414.31629597,-14.96063000,0.07874016
414.34829597,-5.90551100,0.07874016
414.38029597,-10.23622000,0.07874016
414.41229597,-8.66141700,0.07874016
414.44429597,-11.41732000,0.07874016
414.47629597,-2.36220500,0.00000000
414.50829597,-9.44881800,0.07874016
414.54029597,-1.57480300,0.07874016
414.57229597,-7.08661400,0.00000000
414.60429597,0.00000000,0.00000000
414.63629597,-3.14960600,0.07874016
414.66829596,-5.11811000,0.07874016
414.70029596,-6.69291300,0.00000000
414.73229596,0.00000000,0.00000000
414.76429596,-8.66141700,0.00000000
414.79629596,-3.54330700,0.00000000
414.82829596,-3.14960600,0.00000000
414.86029596,-3.14960600,0.00000000
414.89229596,-4.33070900,0.00000000
414.92429596,-4.33070900,0.07874016
414.95629596,-2.36220500,0.00000000
414.98829596,0.39370070,0.00000000
415.02029595,-2.36220500,0.00000000
415.05229595,-2.36220500,0.07874016
415.08429595,1.18110200,0.00000000
415.11629595,-5.11811000,0.07874016
415.14829595,-6.69291300,0.00000000
415.18029595,-6.69291300,0.00000000
415.21229595,-3.93700800,0.00000000
415.24429595,-10.62992000,0.07874016
415.27629595,-7.48031400,0.00000000
415.30829595,-11.02362000,0.07874016
415.34029595,-7.08661400,0.00000000
415.37229594,-11.81102000,0.07874016
415.40429594,-9.05511800,0.07874016
415.43629594,-11.41732000,0.07874016
415.46829594,-3.54330700,0.07874016
415.50029594,-16.92913000,0.07874016
415.53229594,-5.90551100,0.00000000
415.56429594,-9.44881800,0.07874016
415.59629594,-3.93700800,0.07874016
415.62829594,-9.44881800,0.07874016
415.66029594,-3.54330700,0.07874016
415.69229594,-12.20472000,0.07874016
415.72429593,-2.75590500,0.00000000
415.75629593,-15.74803000,0.07874016
415.78829593,-3.14960600,0.00000000
415.82029593,-7.87401500,0.07874016
415.85229593,-4.33070900,0.00000000
415.88429593,-11.02362000,0.07874016
415.91629593,-3.14960600,0.00000000
415.94829593,-6.69291300,0.07874016
415.98029593,-2.75590500,0.00000000
416.01229593,-6.69291300,0.00000000
416.04429593,0.78740150,0.07874016
416.07629592,-8.26771600,0.07874016
416.10829592,-1.96850400,0.00000000
416.14029592,-5.11811000,0.07874016
416.17229592,0.00000000,0.07874016
416.20429592,-0.39370070,0.00000000
416.23629592,-4.72440900,0.07874016
416.26829592,-5.51181100,0.00000000
416.30029592,-1.18110200,0.00000000
416.33229592,-5.11811000,0.07874016
416.36429592,-5.51181100,0.07874016
416.39629592,-3.14960600,0.00000000
416.42829591,-6.69291300,0.00000000
416.46029591,-7.08661400,0.00000000
416.49229591,-10.23622000,0.07874016
416.52429591,-5.11811000,0.00000000
416.55629591,-6.29921200,0.07874016
416.58829591,-6.29921200,0.00000000
416.62029591,-11.41732000,0.07874016
416.65229591,-5.51181100,0.00000000
416.68429591,-9.44881800,0.07874016
416.71629591,-9.44881800,0.00000000
416.74829591,-11.02362000,0.07874016
416.78029590,-2.36220500,0.07874016
416.81229590,-14.17323000,0.07874016
416.84429590,-7.87401500,0.00000000
416.87629590,-13.77953000,0.07874016
416.90829590,-5.51181100,0.07874016
416.94029590,-9.84251900,0.07874016
416.97229590,-6.29921200,0.00000000
417.00429590,-12.59842000,0.07874016
417.03629590,0.00000000,0.07874016
417.06829590,-9.05511800,0.07874016
417.10029590,-3.93700800,0.00000000
417.13229590,-2.75590500,0.07874016
417.16429589,0.78740150,0.00000000
417.19629589,-10.62992000,0.07874016
417.22829589,-0.78740150,0.00000000
417.26029589,-6.29921200,0.07874016
417.29229589,-0.78740150,0.07874016
417.32429589,-3.93700800,0.00000000
417.35629589,-2.75590500,0.07874016
417.38829589,-5.90551100,0.07874016
417.42029589,-0.78740150,0.00000000
417.45229589,-10.62992000,0.07874016
417.48429589,-0.39370070,0.00000000
417.51629588,-1.18110200,0.00000000
417.54829588,-1.96850400,0.00000000
417.58029588,-3.14960600,0.00000000
417.61229588,0.00000000,0.07874016
417.64429588,-1.96850400,0.00000000
417.67629588,-0.39370070,0.00000000
417.70829588,-1.57480300,0.07874016
417.74029588,-2.75590500,0.07874016
417.77229588,-2.36220500,0.00000000
417.80429588,-9.44881800,0.00000000
417.83629588,-9.05511800,0.00000000
417.86829587,-6.69291300,0.07874016
417.90029587,-5.51181100,0.00000000
417.93229587,-12.59842000,0.07874016
417.96429587,-7.08661400,0.00000000
417.99629587,-10.23622000,0.07874016
418.02829587,-9.44881800,0.00000000
418.06029587,-11.02362000,0.00000000
418.09229587,-5.51181100,0.07874016
418.12429587,-9.05511800,0.07874016
418.15629587,-3.14960600,0.00000000
418.18829587,-15.74803000,0.07874016
418.22029586,-3.54330700,0.07874016
418.25229586,-7.48031400,0.07874016
418.28429586,-8.26771600,0.07874016
418.31629586,-15.74803000,0.07874016
418.34829586,-0.78740150,0.00000000
418.38029586,-14.96063000,0.07874016
418.41229586,-6.29921200,0.07874016
418.44429586,-9.05511800,0.07874016
418.47629586,-4.33070900,0.07874016
418.50829586,-11.02362000,0.07874016
418.54029586,-2.75590500,0.07874016
418.57229585,-12.59842000,0.07874016
418.60429585,0.39370070,0.07874016
418.63629585,-5.51181100,0.07874016
418.66829585,-6.29921200,0.00000000
418.70029585,-5.51181100,0.00000000
418.73229585,-0.39370070,0.00000000
418.76429585,-11.81102000,0.07874016
418.79629585,-5.51181100,0.00000000
418.82829585,-6.29921200,0.07874016
418.86029585,-6.69291300,0.00000000
418.89229585,-8.26771600,0.07874016
418.92429584,-7.48031400,0.07874016
418.95629584,-8.66141700,0.00000000
418.98829584,-5.11811000,0.00000000
419.02029584,-8.26771600,0.07874016
419.05229584,-7.48031400,0.00000000
419.08429584,-2.75590500,0.00000000
419.11629584,-9.84251900,0.07874016
419.14829584,-10.23622000,0.07874016
419.18029584,-11.02362000,0.07874016
419.21229584,-9.44881800,0.07874016
419.24429584,-14.56693000,0.07874016
419.27629583,-10.23622000,0.00000000
419.30829583,-15.35433000,0.07874016
419.34029583,-11.02362000,0.07874016
419.37229583,-17.32283000,0.07874016
419.40429583,-16.92913000,0.00000000
419.43629583,-19.29134000,0.07874016
419.46829583,-9.05511800,0.07874016
419.50029583,-22.04724000,0.07874016
419.53229583,-10.62992000,0.00000000
419.56429583,-14.56693000,0.07874016
419.59629583,-11.81102000,0.07874016
419.62829582,-18.89764000,0.07874016
419.66029582,-7.48031400,0.00000000
419.69229582,-16.14173000,0.07874016
419.72429582,-6.69291300,0.00000000
419.75629582,-14.96063000,0.07874016
419.78829582,-10.23622000,0.07874016
419.82029582,-14.17323000,0.07874016
419.85229582,-7.08661400,0.07874016
419.88429582,-20.07874000,0.07874016
419.91629582,-5.51181100,0.07874016
419.94829582,-12.20472000,0.00000000
419.98029581,-12.59842000,0.00000000
420.01229581,-13.77953000,0.07874016
420.04429581,-6.29921200,0.07874016
420.07629581,-12.99213000,0.07874016
420.10829581,-6.69291300,0.00000000
420.14029581,-10.62992000,0.00000000
420.17229581,-6.29921200,0.00000000
420.20429581,-8.66141700,0.00000000
420.23629581,-10.23622000,0.07874016
420.26829581,-9.44881800,0.00000000
420.30029581,-6.29921200,0.07874016
420.33229580,-11.02362000,0.00000000
420.36429580,-11.81102000,0.07874016
420.39629580,-7.87401500,0.00000000
420.42829580,-11.81102000,0.07874016
420.46029580,-11.81102000,0.00000000
420.49229580,-15.35433000,0.00000000
420.52429580,-14.17323000,0.00000000
420.55629580,-14.96063000,0.07874016
420.58829580,-13.38583000,0.00000000
420.62029580,-18.11024000,0.07874016
420.65229580,-9.05511800,0.00000000
420.68429579,-14.17323000,0.07874016
420.71629579,-15.74803000,0.07874016
420.74829579,-19.68504000,0.07874016
420.78029579,-10.62992000,0.07874016
420.81229579,-20.47244000,0.07874016
420.84429579,-11.81102000,0.07874016
420.87629579,-17.71653000,0.07874016
420.90829579,-13.77953000,0.00000000
420.94029579,-22.44094000,0.07874016
420.97229579,-13.38583000,0.00000000
421.00429579,-21.25984000,0.07874016
421.03629578,-6.69291300,0.00000000
421.06829578,-17.71653000,0.07874016
421.10029578,-12.59842000,0.07874016
421.13229578,-14.96063000,0.07874016
421.16429578,-7.08661400,0.00000000
421.19629578,-15.35433000,0.07874016
421.22829578,-6.29921200,0.07874016
421.26029578,-9.05511800,0.00000000
421.29229578,-7.08661400,0.07874016
421.32429578,-14.56693000,0.07874016
421.35629578,-9.84251900,0.00000000
421.38829577,-11.02362000,0.07874016
421.42029577,-6.29921200,0.07874016
421.45229577,-12.59842000,0.07874016
421.48429577,-7.48031400,0.00000000
421.51629577,-7.87401500,0.07874016
421.54829577,-9.05511800,0.00000000
421.58029577,-8.26771600,0.07874016
421.61229577,-3.14960600,0.07874016
421.64429577,-3.93700800,0.00000000
421.67629577,-4.33070900,0.00000000
421.70829577,-6.29921200,0.00000000
421.74029576,-5.51181100,0.00000000
421.77229576,-1.96850400,0.00000000
421.80429576,-9.05511800,0.07874016
421.83629576,-8.66141700,0.07874016
421.86829576,-8.66141700,0.07874016
421.90029576,-11.02362000,0.07874016
421.93229576,-16.53543000,0.07874016
421.96429576,-8.26771600,0.00000000
421.99629576,-11.02362000,0.07874016
422.02829576,-9.84251900,0.07874016
422.06029576,-12.20472000,0.07874016
422.09229575,-9.05511800,0.07874016
422.12429575,-12.99213000,0.07874016
422.15629575,-4.33070900,0.07874016
422.18829575,-13.38583000,0.07874016
422.22029575,-3.54330700,0.07874016
422.25229575,-7.87401500,0.07874016
422.28429575,-8.66141700,0.00000000
422.31629575,-9.84251900,0.07874016
422.34829575,-1.96850400,0.07874016
422.38029575,-11.02362000,0.07874016
422.41229575,-2.36220500,0.07874016
422.44429574,-8.26771600,0.07874016
422.47629574,-3.93700800,0.07874016
422.50829574,-12.99213000,0.07874016
422.54029574,-2.36220500,0.00000000
422.57229574,-7.48031400,0.00000000
422.60429574,1.57480300,0.00000000
422.63629574,-3.93700800,0.00000000
422.66829574,-4.33070900,0.00000000
422.70029574,-4.33070900,0.07874016
422.73229574,1.96850400,0.00000000
422.76429574,-4.72440900,0.07874016
422.79629573,0.00000000,0.00000000
422.82829573,-3.54330700,0.07874016
422.86029573,-1.18110200,0.00000000
422.89229573,-4.33070900,0.00000000
422.92429573,-2.36220500,0.00000000
422.95629573,-0.39370070,0.00000000
422.98829573,1.18110200,0.00000000
423.02029573,-4.33070900,0.00000000
423.05229573,-3.93700800,0.00000000
423.08429573,1.18110200,0.00000000
423.11629573,-3.93700800,0.07874016
423.14829572,-2.36220500,0.00000000
423.18029572,-2.36220500,0.07874016
423.21229572,-1.18110200,0.07874016
423.24429572,-7.08661400,0.07874016
423.27629572,-5.51181100,0.07874016
423.30829572,-6.69291300,0.07874016
423.34029572,-2.36220500,0.07874016
423.37229572,-9.05511800,0.07874016
423.40429572,-7.08661400,0.07874016
423.43629572,-8.66141700,0.00000000
423.46829572,-3.54330700,0.07874016
423.50029571,-12.20472000,0.07874016
423.53229571,-3.93700800,0.07874016
423.56429571,-6.69291300,0.07874016
423.59629571,-3.54330700,0.07874016
423.62829571,-11.81102000,0.07874016
423.66029571,-1.18110200,0.07874016
423.69229571,-6.29921200,0.07874016
423.72429571,1.96850400,0.07874016
423.75629571,-2.36220500,0.07874016
423.78829571,0.39370070,0.07874016
423.82029571,-1.57480300,0.07874016
423.85229570,1.18110200,0.07874016
423.88429570,-5.90551100,0.07874016
423.91629570,4.33070900,0.00000000
423.94829570,-2.36220500,0.07874016
423.98029570,0.00000000,0.00000000
424.01229570,-3.93700800,0.07874016
424.04429570,1.57480300,0.00000000
424.07629570,-1.57480300,0.07874016
424.10829570,1.96850400,0.07874016
424.14029570,-1.57480300,0.00000000
424.17229570,3.54330700,0.00000000
424.20429570,1.18110200,0.07874016
424.23629569,0.00000000,0.07874016
424.26829569,1.96850400,0.07874016
424.30029569,6.29921200,0.00000000
424.33229569,1.18110200,0.00000000
424.36429569,0.78740150,0.00000000
424.39629569,1.18110200,0.00000000
424.42829569,-1.57480300,0.07874016
424.46029569,-1.18110200,0.00000000
424.49229569,-5.51181100,0.00000000
424.52429569,-3.54330700,0.00000000
424.55629569,-3.14960600,0.07874016
424.58829568,-3.93700800,0.00000000
424.62029568,-7.87401500,0.07874016
424.65229568,0.00000000,0.07874016
424.68429568,-4.72440900,0.07874016
424.71629568,-3.54330700,0.07874016
424.74829568,-7.87401500,0.07874016
424.78029568,0.00000000,0.00000000
424.81229568,-8.26771600,0.07874016
424.84429568,-2.36220500,0.07874016
424.87629568,-9.05511800,0.07874016
424.90829568,0.78740150,0.07874016
424.94029567,-7.08661400,0.07874016
424.97229567,-4.72440900,0.07874016
425.00429567,-6.69291300,0.07874016
425.03629567,0.39370070,0.07874016
425.06829567,-11.81102000,0.07874016
425.10029567,0.00000000,0.00000000
425.13229567,-3.93700800,0.07874016
425.16429567,2.36220500,0.00000000
425.19629567,-3.54330700,0.07874016
425.22829567,1.57480300,0.00000000
425.26029567,-0.39370070,0.07874016
425.29229566,3.93700800,0.00000000
425.32429566,-3.14960600,0.00000000
425.35629566,1.18110200,0.00000000
425.38829566,1.18110200,0.07874016
425.42029566,2.36220500,0.00000000
425.45229566,-5.11811000,0.07874016
425.48429566,2.36220500,0.07874016
425.51629566,0.78740150,0.00000000
425.54829566,-1.18110200,0.00000000
425.58029566,-0.39370070,0.00000000
425.61229566,0.39370070,0.07874016
425.64429565,-0.39370070,0.00000000
425.67629565,2.75590500,0.07874016
425.70829565,0.78740150,0.00000000
425.74029565,1.96850400,0.00000000
425.77229565,3.93700800,0.00000000
425.80429565,-3.54330700,0.00000000
425.83629565,-2.36220500,0.07874016
425.86829565,-1.18110200,0.07874016
425.90029565,-1.18110200,0.00000000
425.93229565,-5.90551100,0.00000000
425.96429565,-2.36220500,0.00000000
425.99629564,-7.08661400,0.07874016
426.02829564,-3.54330700,0.07874016
426.06029564,-8.26771600,0.07874016
426.09229564,-3.93700800,0.00000000
426.12429564,-6.29921200,0.07874016
426.15629564,-1.57480300,0.07874016
426.18829564,-9.84251900,0.07874016
426.22029564,-0.39370070,0.00000000
426.25229564,-3.14960600,0.07874016
426.28429564,-1.18110200,0.00000000
426.31629564,-5.90551100,0.07874016
426.34829563,3.54330700,0.07874016
426.38029563,-5.90551100,0.07874016
426.41229563,0.00000000,0.07874016
426.44429563,-4.33070900,0.07874016
426.47629563,2.36220500,0.07874016
426.50829563,-2.36220500,0.07874016
426.54029563,0.39370070,0.00000000
426.57229563,-6.29921200,0.07874016
426.60429563,3.93700800,0.07874016
426.63629563,-3.14960600,0.07874016
426.66829563,-0.39370070,0.00000000
426.70029562,0.39370070,0.00000000
426.73229562,4.33070900,0.00000000
426.76429562,-1.96850400,0.07874016
426.79629562,3.14960600,0.00000000
426.82829562,0.78740150,0.07874016
426.86029562,5.90551100,0.07874016
426.89229562,1.96850400,0.07874016
426.92429562,0.78740150,0.00000000
426.95629562,1.96850400,0.00000000
426.98829562,2.75590500,0.00000000
427.02029562,-2.36220500,0.00000000
427.05229561,0.78740150,0.00000000
427.08429561,3.54330700,0.00000000
427.11629561,-2.36220500,0.00000000
427.14829561,-2.75590500,0.00000000
427.18029561,-3.93700800,0.00000000
427.21229561,-1.57480300,0.00000000
427.24429561,-4.33070900,0.07874016
427.27629561,-1.96850400,0.00000000
427.30829561,-5.51181100,0.07874016
427.34029561,-1.57480300,0.07874016
427.37229561,-6.29921200,0.07874016
427.40429560,-5.11811000,0.07874016
427.43629560,-3.54330700,0.07874016
427.46829560,-0.78740150,0.07874016
427.50029560,-13.38583000,0.07874016
427.53229560,-3.14960600,0.00000000
427.56429560,-7.48031400,0.00000000
427.59629560,-2.36220500,0.07874016
427.62829560,-10.23622000,0.07874016
427.66029560,0.00000000,0.00000000
427.69229560,-5.51181100,0.07874016
427.72429560,0.78740150,0.00000000
427.75629559,-6.69291300,0.07874016
427.78829559,0.39370070,0.00000000
427.82029559,-1.96850400,0.07874016
427.85229559,3.93700800,0.00000000
427.88429559,-4.72440900,0.07874016
427.91629559,3.54330700,0.00000000
427.94829559,-1.96850400,0.07874016
427.98029559,1.18110200,0.00000000
428.01229559,-5.11811000,0.07874016
428.04429559,3.14960600,0.00000000
428.07629559,-1.96850400,0.00000000
428.10829558,-0.78740150,0.00000000
428.14029558,-3.54330700,0.00000000
428.17229558,2.75590500,0.00000000
428.20429558,3.14960600,0.07874016
428.23629558,0.39370070,0.00000000
428.26829558,1.96850400,0.00000000
428.30029558,4.33070900,0.00000000
428.33229558,0.78740150,0.07874016
428.36429558,1.96850400,0.00000000
428.39629558,4.72440900,0.07874016
428.42829558,2.36220500,0.00000000
428.46029557,0.78740150,0.00000000
428.49229557,-5.11811000,0.07874016
428.52429557,-3.14960600,0.00000000
428.55629557,-3.14960600,0.07874016
428.58829557,-3.93700800,0.00000000
428.62029557,-7.87401500,0.00000000
428.65229557,-1.96850400,0.07874016
428.68429557,-5.51181100,0.07874016
428.71629557,-5.11811000,0.00000000
428.74829557,-5.51181100,0.07874016
428.78029557,1.57480300,0.00000000
428.81229556,-5.11811000,0.07874016
428.84429556,0.39370070,0.07874016
428.87629556,-9.05511800,0.07874016
428.90829556,1.57480300,0.00000000
428.94029556,-3.54330700,0.07874016
428.97229556,-2.36220500,0.07874016
429.00429556,-5.11811000,0.07874016
429.03629556,2.75590500,0.00000000
429.06829556,-9.05511800,0.07874016
429.10029556,-0.78740150,0.00000000
429.13229556,-3.54330700,0.07874016
429.16429555,2.36220500,0.00000000
429.19629555,-3.14960600,0.07874016
429.22829555,1.57480300,0.00000000
429.26029555,-2.75590500,0.07874016
429.29229555,5.90551100,0.00000000
429.32429555,-2.36220500,0.07874016
429.35629555,2.75590500,0.07874016
429.38829555,3.93700800,0.07874016
429.42029555,4.72440900,0.00000000
429.45229555,-3.54330700,0.07874016
429.48429555,3.54330700,0.00000000
429.51629554,1.57480300,0.07874016
429.54829554,2.36220500,0.00000000
429.58029554,0.00000000,0.00000000
429.61229554,0.39370070,0.00000000
429.64429554,1.18110200,0.00000000
429.67629554,1.18110200,0.00000000
429.70829554,-1.57480300,0.00000000
429.74029554,1.18110200,0.07874016
429.77229554,4.33070900,0.00000000
429.80429554,-2.75590500,0.00000000
429.83629554,-1.18110200,0.00000000
429.86829553,-0.39370070,0.07874016
429.90029553,0.00000000,0.00000000
429.93229553,-5.11811000,0.07874016
429.96429553,-1.96850400,0.07874016
429.99629553,-5.11811000,0.07874016
430.02829553,-3.54330700,0.07874016
430.06029553,-8.26771600,0.07874016
430.09229553,-4.33070900,0.07874016
430.12429553,-7.48031400,0.07874016
430.15629553,-1.18110200,0.00000000
430.18829553,-12.99213000,0.07874016
430.22029552,-0.39370070,0.00000000
430.25229552,-4.72440900,0.07874016
430.28429552,-3.54330700,0.07874016
430.31629552,-6.29921200,0.07874016
430.34829552,1.18110200,0.07874016
430.38029552,-4.33070900,0.07874016
430.41229552,1.96850400,0.07874016
430.44429552,-7.48031400,0.07874016
430.47629552,3.54330700,0.07874016
430.50829552,-0.39370070,0.07874016
430.54029552,-0.39370070,0.00000000
430.57229551,-8.26771600,0.07874016
430.60429551,5.11811000,0.00000000
430.63629551,-4.33070900,0.07874016
430.66829551,-1.57480300,0.00000000
430.70029551,-1.18110200,0.00000000
430.73229551,1.57480300,0.00000000
430.76429551,-1.96850400,0.07874016
430.79629551,2.36220500,0.00000000
430.82829551,-1.96850400,0.07874016
430.86029551,3.93700800,0.00000000
430.89229551,0.78740150,0.07874016
430.92429550,-0.39370070,0.00000000
430.95629550,2.75590500,0.00000000
430.98829550,5.51181100,0.00000000
431.02029550,-1.18110200,0.00000000
431.05229550,-0.78740150,0.00000000
431.08429550,0.78740150,0.00000000
431.11629550,-2.75590500,0.00000000
431.14829550,-1.96850400,0.00000000
431.18029550,-4.72440900,0.00000000
431.21229550,-1.57480300,0.00000000
431.24429550,-4.33070900,0.00000000
431.27629550,-5.90551100,0.00000000
431.30829549,-7.08661400,0.00000000
431.34029549,1.57480300,0.07874016
431.37229549,-5.51181100,0.07874016
431.40429549,-4.72440900,0.07874016
431.43629549,-5.11811000,0.00000000
431.46829549,-0.78740150,0.00000000
431.50029549,-7.87401500,0.07874016
431.53229549,0.00000000,0.00000000
431.56429549,-5.51181100,0.07874016
431.59629549,0.00000000,0.07874016
431.62829549,-7.08661400,0.07874016
431.66029548,-3.54330700,0.00000000
431.69229548,-4.72440900,0.07874016
431.72429548,2.75590500,0.00000000
431.75629548,-7.87401500,0.07874016
431.78829548,1.96850400,0.00000000
431.82029548,2.36220500,0.07874016
431.85229548,1.57480300,0.00000000
431.88429548,-3.14960600,0.07874016
431.91629548,6.69291300,0.00000000
431.94829548,-0.39370070,0.07874016
431.98029548,5.90551100,0.00000000
432.01229547,-2.36220500,0.00000000
432.04429547,2.75590500,0.00000000
432.07629547,0.78740150,0.00000000
432.10829547,3.93700800,0.00000000
432.14029547,-2.75590500,0.07874016
432.17229547,5.11811000,0.00000000
432.20429547,1.18110200,0.00000000
432.23629547,-0.39370070,0.07874016
432.26829547,1.57480300,0.00000000
432.30029547,4.33070900,0.00000000
432.33229547,3.54330700,0.00000000
432.36429546,4.33070900,0.00000000
432.39629546,2.75590500,0.00000000
432.42829546,3.14960600,0.00000000
432.46029546,5.51181100,0.00000000
432.49229546,-1.18110200,0.00000000
432.52429546,1.18110200,0.00000000
432.55629546,-0.39370070,0.00000000
432.58829546,-3.54330700,0.07874016
432.62029546,-8.26771600,0.07874016
432.65229546,-1.96850400,0.00000000
432.68429546,-3.93700800,0.07874016
432.71629545,-2.75590500,0.07874016
432.74829545,-9.05511800,0.07874016
432.78029545,-1.96850400,0.00000000
432.81229545,-7.87401500,0.07874016
432.84429545,-1.18110200,0.07874016
432.87629545,-8.66141700,0.07874016
432.90829545,2.75590500,0.07874016
432.94029545,-1.96850400,0.07874016
432.97229545,-2.75590500,0.07874016
433.00429545,-7.08661400,0.07874016
433.03629545,4.72440900,0.00000000
433.06829544,-6.69291300,0.07874016
433.10029544,1.18110200,0.07874016
433.13229544,-1.96850400,0.07874016
433.16429544,0.39370070,0.07874016
433.19629544,-5.51181100,0.07874016
433.22829544,1.18110200,0.07874016
433.26029544,-3.14960600,0.07874016
433.29229544,6.29921200,0.00000000
433.32429544,-0.39370070,0.00000000
433.35629544,-0.39370070,0.00000000
433.38829544,0.39370070,0.07874016
433.42029543,5.51181100,0.00000000
433.45229543,0.00000000,0.00000000
433.48429543,5.90551100,0.00000000
433.51629543,2.75590500,0.00000000
433.54829543,3.93700800,0.00000000
433.58029543,0.00000000,0.07874016
433.61229543,0.78740150,0.00000000
433.64429543,3.54330700,0.00000000
433.67629543,3.93700800,0.00000000
433.70829543,-1.57480300,0.00000000
433.74029543,-0.39370070,0.07874016
433.77229542,2.75590500,0.00000000
433.80429542,-2.75590500,0.00000000
433.83629542,-1.57480300,0.00000000
433.86829542,-0.39370070,0.07874016
433.90029542,-1.57480300,0.00000000
433.93229542,-5.11811000,0.07874016
433.96429542,-2.36220500,0.00000000
433.99629542,-5.11811000,0.07874016
434.02829542,1.96850400,0.00000000
434.06029542,-5.90551100,0.07874016
434.09229542,-2.75590500,0.00000000
434.12429541,-5.51181100,0.07874016
434.15629541,-1.57480300,0.07874016
434.18829541,-12.20472000,0.07874016
434.22029541,-0.39370070,0.00000000
434.25229541,-7.08661400,0.07874016
434.28429541,-1.96850400,0.00000000
434.31629541,-7.08661400,0.07874016
434.34829541,-0.78740150,0.07874016
434.38029541,-1.57480300,0.07874016
434.41229541,3.14960600,0.00000000
434.44429541,-7.08661400,0.07874016
434.47629540,3.93700800,0.00000000
434.50829540,-3.54330700,0.07874016
434.54029540,2.36220500,0.00000000
434.57229540,-4.33070900,0.07874016
434.60429540,5.90551100,0.00000000
434.63629540,0.78740150,0.07874016
434.66829540,0.00000000,0.00000000
434.70029540,-4.72440900,0.07874016
434.73229540,1.96850400,0.07874016
434.76429540,-4.72440900,0.07874016
434.79629540,1.57480300,0.07874016
434.82829539,-4.33070900,0.00000000
434.86029539,3.93700800,0.00000000
434.89229539,0.78740150,0.00000000
434.92429539,-0.78740150,0.00000000
434.95629539,1.96850400,0.00000000
434.98829539,5.51181100,0.00000000
435.02029539,-0.78740150,0.00000000
435.05229539,0.39370070,0.07874016
435.08429539,1.57480300,0.00000000
435.11629539,-2.36220500,0.07874016
435.14829539,-1.96850400,0.00000000
435.18029538,-5.51181100,0.00000000
435.21229538,-2.36220500,0.07874016
435.24429538,-5.90551100,0.00000000
435.27629538,-6.69291300,0.00000000
435.30829538,-11.02362000,0.07874016
435.34029538,-3.54330700,0.00000000
435.37229538,-8.66141700,0.07874016
435.40429538,-7.08661400,0.07874016
435.43629538,-7.87401500,0.07874016
435.46829538,-1.57480300,0.07874016
435.50029538,-10.62992000,0.07874016
435.53229537,-2.75590500,0.07874016
435.56429537,-10.62992000,0.07874016
435.59629537,-0.39370070,0.00000000
435.62829537,-8.26771600,0.07874016
435.66029537,-5.51181100,0.07874016
435.69229537,-7.08661400,0.07874016
435.72429537,-0.39370070,0.07874016
435.75629537,-11.81102000,0.07874016
435.78829537,-1.57480300,0.00000000
435.82029537,-8.26771600,0.07874016
435.85229537,0.00000000,0.07874016
435.88429536,-8.66141700,0.07874016
435.91629536,0.00000000,0.00000000
435.94829536,-3.14960600,0.07874016
435.98029536,1.96850400,0.07874016
436.01229536,-5.11811000,0.07874016
436.04429536,0.78740150,0.00000000
436.07629536,-1.57480300,0.07874016
436.10829536,0.78740150,0.00000000
436.14029536,-5.90551100,0.07874016
436.17229536,0.78740150,0.07874016
436.20429536,0.00000000,0.07874016
436.23629535,-2.75590500,0.00000000
436.26829535,-3.14960600,0.07874016
436.30029535,0.00000000,0.00000000
436.33229535,-2.36220500,0.00000000
436.36429535,-0.78740150,0.07874016
436.39629535,-2.75590500,0.07874016
436.42829535,-0.78740150,0.00000000
436.46029535,1.57480300,0.07874016
436.49229535,-6.29921200,0.00000000
436.52429535,-2.75590500,0.07874016
436.55629535,-2.36220500,0.00000000
436.58829534,-4.33070900,0.00000000
436.62029534,-7.48031400,0.07874016
436.65229534,-3.54330700,0.00000000
436.68429534,-8.26771600,0.07874016
436.71629534,-5.51181100,0.00000000
436.74829534,-11.81102000,0.07874016
436.78029534,-5.90551100,0.00000000
436.81229534,-8.66141700,0.07874016
436.84429534,-4.72440900,0.00000000
436.87629534,-14.56693000,0.07874016
436.90829534,-1.96850400,0.00000000
436.94029533,-11.02362000,0.07874016
436.97229533,-3.54330700,0.00000000
437.00429533,-9.05511800,0.07874016
437.03629533,1.18110200,0.07874016
437.06829533,-5.90551100,0.07874016
437.10029533,-2.36220500,0.00000000
437.13229533,-9.05511800,0.07874016
437.16429533,0.78740150,0.07874016
437.19629533,-7.87401500,0.07874016
437.22829533,-1.18110200,0.00000000
437.26029533,-9.44881800,0.00000000
437.29229532,0.00000000,0.00000000
437.32429532,-6.29921200,0.07874016
437.35629532,-4.33070900,0.00000000
437.38829532,-4.72440900,0.07874016
437.42029532,1.18110200,0.00000000
437.45229532,-8.26771600,0.07874016
437.48429532,-0.78740150,0.00000000
437.51629532,-3.93700800,0.07874016
437.54829532,1.18110200,0.07874016
437.58029532,-1.57480300,0.00000000
437.61229532,-2.75590500,0.00000000
437.64429531,-1.57480300,0.00000000
437.67629531,-0.39370070,0.00000000
437.70829531,-5.51181100,0.07874016
437.74029531,-3.14960600,0.00000000
437.77229531,0.39370070,0.00000000
437.80429531,-7.87401500,0.07874016
437.83629531,-7.08661400,0.00000000
437.86829531,-10.62992000,0.00000000
437.90029531,-7.08661400,0.00000000
437.93229531,-11.02362000,0.00000000
437.96429531,-9.05511800,0.07874016
437.99629530,-11.81102000,0.07874016
438.02829530,-5.11811000,0.00000000
438.06029530,-14.17323000,0.07874016
438.09229530,-9.44881800,0.07874016
438.12429530,-9.84251900,0.07874016
438.15629530,-7.48031400,0.07874016
438.18829530,-22.83464000,0.07874016
438.22029530,-6.69291300,0.00000000
438.25229530,-18.50394000,0.07874016
438.28429530,-9.44881800,0.00000000
438.31629530,-16.53543000,0.07874016
438.34829530,-9.84251900,0.00000000
438.38029529,-16.92913000,0.07874016
438.41229529,-7.48031400,0.07874016
438.44429529,-20.07874000,0.07874016
438.47629529,-6.69291300,0.07874016
438.50829529,-7.48031400,0.07874016
438.54029529,-6.69291300,0.00000000
438.57229529,-12.99213000,0.07874016
438.60429529,-2.36220500,0.00000000
438.63629529,-13.38583000,0.07874016
438.66829529,-3.93700800,0.00000000
438.70029529,-9.84251900,0.07874016
438.73229528,-6.69291300,0.07874016
438.76429528,-11.02362000,0.07874016
438.79629528,-8.26771600,0.00000000
438.82829528,-11.41732000,0.07874016
438.86029528,-6.69291300,0.00000000
438.89229528,-6.69291300,0.00000000
438.92429528,-12.59842000,0.00000000
438.95629528,-7.87401500,0.00000000
438.98829528,-5.51181100,0.00000000
439.02029528,-10.62992000,0.00000000
439.05229528,-9.05511800,0.07874016
439.08429527,-1.96850400,0.00000000
439.11629527,-7.48031400,0.00000000
439.14829527,-5.51181100,0.00000000
439.18029527,-12.99213000,0.00000000
439.21229527,-12.20472000,0.00000000
439.24429527,-12.59842000,0.07874016
439.27629527,-14.56693000,0.00000000
439.30829527,-18.50394000,0.07874016
439.34029527,-8.66141700,0.07874016
439.37229527,-18.11024000,0.07874016
439.40429527,-16.92913000,0.00000000
439.43629526,-17.71653000,0.07874016
439.46829526,-12.59842000,0.07874016
439.50029526,-20.47244000,0.07874016
439.53229526,-11.81102000,0.07874016
439.56429526,-19.68504000,0.07874016
439.59629526,-8.26771600,0.00000000
439.62829526,-13.77953000,0.07874016
439.66029526,-11.81102000,0.00000000
439.69229526,-17.71653000,0.07874016
439.72429526,-4.33070900,0.07874016
439.75629526,-22.04724000,0.07874016
439.78829525,-10.62992000,0.07874016
439.82029525,-12.59842000,0.07874016
439.85229525,-11.02362000,0.07874016
439.88429525,-16.92913000,0.07874016
439.91629525,-10.62992000,0.00000000
439.94829525,-15.35433000,0.07874016
439.98029525,-6.69291300,0.00000000
440.01229525,-12.99213000,0.07874016
440.04429525,-9.44881800,0.00000000
440.07629525,-7.87401500,0.00000000
440.10829525,-5.90551100,0.00000000
440.14029524,-14.56693000,0.07874016
440.17229524,-7.08661400,0.07874016
440.20429524,-6.69291300,0.07874016
440.23629524,-9.44881800,0.07874016
440.26829524,-9.44881800,0.07874016
440.30029524,-7.48031400,0.00000000
440.33229524,-10.62992000,0.00000000
440.36429524,-9.84251900,0.07874016
440.39629524,-11.81102000,0.00000000
440.42829524,-6.69291300,0.00000000
440.46029524,-5.51181100,0.00000000
440.49229523,-14.17323000,0.00000000
440.52429523,-12.59842000,0.00000000
440.55629523,-10.23622000,0.00000000
440.58829523,-12.59842000,0.00000000
440.62029523,-17.32283000,0.00000000
440.65229523,-9.44881800,0.00000000
440.68429523,-14.56693000,0.07874016
440.71629523,-11.81102000,0.07874016
440.74829523,-21.65354000,0.00000000
440.78029523,-12.59842000,0.07874016
440.81229523,-15.74803000,0.07874016
440.84429522,-8.66141700,0.00000000
440.87629522,-22.04724000,0.07874016
440.90829522,-9.44881800,0.00000000
440.94029522,-13.77953000,0.07874016
440.97229522,-13.77953000,0.07874016
441.00429522,-13.38583000,0.07874016
441.03629522,-3.93700800,0.07874016
441.06829522,-9.84251900,0.07874016
441.10029522,-7.08661400,0.07874016
441.13229522,-12.59842000,0.07874016
441.16429522,-1.96850400,0.00000000
441.19629521,-6.69291300,0.07874016
441.22829521,-5.11811000,0.00000000
441.26029521,-12.20472000,0.07874016
441.29229521,1.57480300,0.00000000
441.32429521,-12.99213000,0.07874016
441.35629521,-5.51181100,0.07874016
441.38829521,-6.69291300,0.07874016
441.42029521,-3.54330700,0.00000000
441.45229521,-10.62992000,0.07874016
441.48429521,-3.54330700,0.00000000
441.51629521,-4.33070900,0.07874016
441.54829520,-3.14960600,0.00000000
441.58029520,-3.54330700,0.07874016
441.61229520,-2.75590500,0.00000000
441.64429520,-0.78740150,0.00000000
441.67629520,1.18110200,0.00000000
441.70829520,-5.11811000,0.00000000
441.74029520,-3.93700800,0.00000000
441.77229520,-0.39370070,0.00000000
441.80429520,-7.08661400,0.07874016
441.83629520,-6.69291300,0.00000000
441.86829520,-5.51181100,0.07874016
441.90029519,-5.51181100,0.00000000
441.93229519,-9.44881800,0.00000000
441.96429519,-10.62992000,0.07874016
441.99629519,-12.99213000,0.00000000
442.02829519,-4.33070900,0.00000000
442.06029519,-11.81102000,0.07874016
442.09229519,-8.66141700,0.00000000
442.12429519,-9.05511800,0.07874016
442.15629519,-2.36220500,0.07874016
442.18829519,-11.41732000,0.07874016
442.22029519,-3.14960600,0.07874016
442.25229518,-6.29921200,0.07874016
442.28429518,-2.36220500,0.07874016
442.31629518,-9.05511800,0.07874016
442.34829518,-4.72440900,0.00000000
442.38029518,-6.69291300,0.00000000
442.41229518,-1.18110200,0.07874016
442.44429518,-9.44881800,0.07874016
442.47629518,-1.96850400,0.00000000
442.50829518,0.00000000,0.07874016
442.54029518,-3.14960600,0.07874016
442.57229518,-6.69291300,0.07874016
442.60429517,4.72440900,0.00000000
442.63629517,-1.18110200,0.07874016
442.66829517,2.75590500,0.07874016
442.70029517,-1.96850400,0.07874016
442.73229517,2.75590500,0.07874016
442.76429517,0.00000000,0.00000000
442.79629517,1.96850400,0.07874016
442.82829517,-3.54330700,0.00000000
442.86029517,3.93700800,0.00000000
442.89229517,0.39370070,0.07874016
442.92429517,-3.54330700,0.00000000
442.95629516,-1.96850400,0.00000000
442.98829516,3.93700800,0.00000000
443.02029516,0.78740150,0.00000000
443.05229516,0.00000000,0.00000000
443.08429516,1.57480300,0.07874016
443.11629516,1.57480300,0.00000000
443.14829516,0.39370070,0.00000000
443.18029516,-2.75590500,0.00000000
443.21229516,-0.39370070,0.00000000
443.24429516,0.00000000,0.07874016
443.27629516,-3.54330700,0.00000000
443.30829515,-8.66141700,0.00000000
443.34029515,-1.96850400,0.07874016
443.37229515,-4.72440900,0.07874016
443.40429515,-5.11811000,0.07874016
443.43629515,-6.69291300,0.00000000
443.46829515,-2.36220500,0.07874016
443.50029515,-9.84251900,0.07874016
443.53229515,-3.14960600,0.00000000
443.56429515,-8.26771600,0.07874016
443.59629515,1.18110200,0.07874016
443.62829515,-4.33070900,0.07874016
443.66029514,-3.54330700,0.07874016
443.69229514,-6.29921200,0.07874016
443.72429514,3.54330700,0.00000000
443.75629514,-8.26771600,0.07874016
443.78829514,3.14960600,0.07874016
443.82029514,-3.54330700,0.07874016
443.85229514,1.96850400,0.00000000
443.88429514,-5.90551100,0.00000000
443.91629514,-0.39370070,0.00000000
443.94829514,-4.33070900,0.07874016
443.98029514,2.75590500,0.07874016
444.01229513,-3.54330700,0.07874016
444.04429513,-1.18110200,0.07874016
444.07629513,-1.96850400,0.07874016
444.10829513,3.14960600,0.07874016
444.14029513,-2.75590500,0.07874016
444.17229513,4.33070900,0.00000000
444.20429513,1.57480300,0.00000000
444.23629513,1.96850400,0.00000000
444.26829513,-1.57480300,0.00000000
444.30029513,1.18110200,0.00000000
444.33229513,1.57480300,0.07874016
444.36429512,2.36220500,0.00000000
444.39629512,-0.78740150,0.00000000
444.42829512,-0.78740150,0.00000000
444.46029512,0.39370070,0.00000000
444.49229512,-6.69291300,0.00000000
444.52429512,-5.11811000,0.07874016
444.55629512,-3.14960600,0.00000000
444.58829512,-2.75590500,0.00000000
444.62029512,-9.05511800,0.07874016
444.65229512,-4.72440900,0.00000000
444.68429512,-6.29921200,0.07874016
444.71629511,-3.54330700,0.00000000
444.74829511,-6.69291300,0.07874016
444.78029511,-3.54330700,0.00000000
444.81229511,-7.08661400,0.07874016
444.84429511,-1.57480300,0.07874016
444.87629511,-12.20472000,0.07874016
444.90829511,-1.57480300,0.07874016
444.94029511,-7.87401500,0.07874016
444.97229511,-3.14960600,0.07874016
445.00429511,-10.62992000,0.07874016
445.03629511,-1.57480300,0.07874016
445.06829510,-7.08661400,0.07874016
445.10029510,-2.36220500,0.07874016
445.13229510,-5.90551100,0.07874016
445.16429510,1.96850400,0.00000000
445.19629510,-2.36220500,0.07874016
445.22829510,1.18110200,0.00000000
445.26029510,-4.33070900,0.07874016
445.29229510,5.90551100,0.07874016
445.32429510,-0.78740150,0.07874016
445.35629510,0.00000000,0.00000000
445.38829510,-1.57480300,0.00000000
445.42029510,1.96850400,0.00000000
445.45229509,-3.93700800,0.00000000
445.48429509,1.18110200,0.07874016
445.51629509,-0.39370070,0.07874016
445.54829509,2.36220500,0.00000000
445.58029509,-1.57480300,0.07874016
445.61229509,-1.96850400,0.00000000
445.64429509,-0.39370070,0.07874016
445.67629509,3.93700800,0.00000000
445.70829509,-0.78740150,0.07874016
445.74029509,1.57480300,0.00000000
445.77229509,4.33070900,0.00000000
445.80429508,-0.39370070,0.07874016
445.83629508,-0.78740150,0.00000000
445.86829508,-3.14960600,0.00000000
445.90029508,-1.96850400,0.00000000
445.93229508,-5.11811000,0.00000000
445.96429508,-5.11811000,0.07874016
445.99629508,-7.87401500,0.00000000
446.02829508,-1.57480300,0.00000000
446.06029508,-7.08661400,0.07874016
446.09229508,-5.90551100,0.00000000
446.12429508,-6.69291300,0.07874016
446.15629507,0.00000000,0.00000000
446.18829507,-7.08661400,0.07874016
446.22029507,-3.14960600,0.00000000
446.25229507,-5.11811000,0.07874016
446.28429507,1.96850400,0.07874016
446.31629507,-5.51181100,0.00000000
446.34829507,0.39370070,0.00000000
446.38029507,-3.93700800,0.07874016
446.41229507,2.75590500,0.00000000
446.44429507,-8.26771600,0.07874016
446.47629507,0.78740150,0.00000000
446.50829506,-2.36220500,0.07874016
446.54029506,0.78740150,0.00000000
446.57229506,-5.51181100,0.00000000
446.60429506,3.54330700,0.07874016
446.63629506,-3.54330700,0.07874016
446.66829506,2.75590500,0.07874016
446.70029506,-3.54330700,0.07874016
446.73229506,3.54330700,0.00000000
446.76429506,-0.78740150,0.07874016
446.79629506,3.14960600,0.07874016
446.82829506,-2.36220500,0.07874016
446.86029505,3.93700800,0.00000000
446.89229505,2.36220500,0.07874016
446.92429505,-0.39370070,0.00000000
446.95629505,0.00000000,0.00000000
446.98829505,3.54330700,0.00000000
447.02029505,-1.18110200,0.00000000
447.05229505,0.00000000,0.00000000
447.08429505,0.00000000,0.00000000
447.11629505,0.00000000,0.00000000
447.14829505,1.57480300,0.07874016
447.18029505,-4.33070900,0.00000000
447.21229504,-2.36220500,0.07874016
447.24429504,-2.36220500,0.07874016
447.27629504,-2.75590500,0.00000000
447.30829504,-7.87401500,0.07874016
447.34029504,0.00000000,0.00000000
447.37229504,-4.72440900,0.07874016
447.40429504,-4.72440900,0.00000000
447.43629504,-7.08661400,0.00000000
447.46829504,-2.75590500,0.07874016
447.50029504,-9.05511800,0.07874016
447.53229504,-1.96850400,0.00000000
447.56429503,-11.41732000,0.07874016
447.59629503,-2.75590500,0.07874016
447.62829503,-7.48031400,0.07874016
447.66029503,-5.90551100,0.07874016
447.69229503,-5.51181100,0.07874016
447.72429503,2.75590500,0.07874016
447.75629503,-8.66141700,0.07874016
447.78829503,0.78740150,0.07874016
447.82029503,-1.96850400,0.07874016
447.85229503,2.36220500,0.00000000
447.88429503,-6.29921200,0.07874016
447.91629502,2.36220500,0.07874016
447.94829502,-3.93700800,0.00000000
447.98029502,1.96850400,0.00000000
448.01229502,-3.54330700,0.07874016
448.04429502,-2.75590500,0.07874016
448.07629502,-1.57480300,0.07874016
448.10829502,2.75590500,0.07874016
448.14029502,-5.51181100,0.07874016
448.17229502,0.39370070,0.00000000
448.20429502,-0.39370070,0.07874016
448.23629502,1.18110200,0.07874016
448.26829501,0.00000000,0.00000000
448.30029501,3.54330700,0.07874016
448.33229501,3.54330700,0.00000000
448.36429501,2.75590500,0.00000000
448.39629501,-0.78740150,0.00000000
448.42829501,1.18110200,0.00000000
448.46029501,4.72440900,0.00000000
448.49229501,-2.36220500,0.00000000
448.52429501,-3.14960600,0.07874016
448.55629501,-2.75590500,0.00000000
448.58829501,-3.14960600,0.00000000
448.62029500,-7.48031400,0.07874016
448.65229500,-3.54330700,0.07874016
448.68429500,-5.51181100,0.07874016
448.71629500,-3.14960600,0.07874016
448.74829500,-8.66141700,0.07874016
448.78029500,-3.54330700,0.00000000
448.81229500,-2.36220500,0.07874016
448.84429500,0.39370070,0.07874016
448.87629500,-9.84251900,0.07874016
448.90829500,0.39370070,0.00000000
448.94029500,-5.51181100,0.07874016
448.97229499,-2.75590500,0.00000000
449.00429499,-9.44881800,0.07874016
449.03629499,1.18110200,0.00000000
449.06829499,-5.11811000,0.07874016
449.10029499,-0.39370070,0.00000000
449.13229499,-7.48031400,0.07874016
449.16429499,0.00000000,0.00000000
449.19629499,-1.18110200,0.00000000
449.22829499,1.18110200,0.00000000
449.26029499,-3.93700800,0.07874016
449.29229499,5.90551100,0.00000000
449.32429498,-1.96850400,0.07874016
449.35629498,1.18110200,0.00000000
449.38829498,0.78740150,0.07874016
449.42029498,5.90551100,0.00000000
449.45229498,-0.39370070,0.07874016
449.48429498,1.96850400,0.00000000
449.51629498,-1.96850400,0.07874016
449.54829498,1.57480300,0.00000000
449.58029498,-0.78740150,0.00000000
449.61229498,0.00000000,0.00000000
449.64429498,0.78740150,0.00000000
449.67629497,3.93700800,0.00000000
449.70829497,-1.96850400,0.00000000
449.74029497,-1.18110200,0.00000000
449.77229497,3.54330700,0.07874016
449.80429497,0.39370070,0.07874016
449.83629497,0.00000000,0.00000000
449.86829497,-2.75590500,0.00000000
449.90029497,-1.18110200,0.00000000
449.93229497,-4.33070900,0.07874016
449.96429497,-2.75590500,0.00000000
449.99629497,-5.51181100,0.07874016
450.02829496,-0.39370070,0.00000000
450.06029496,-6.69291300,0.00000000
450.09229496,-7.08661400,0.00000000
450.12429496,-9.44881800,0.00000000
450.15629496,-2.36220500,0.07874016
450.18829496,-8.66141700,0.07874016
450.22029496,-2.75590500,0.00000000
450.25229496,-9.44881800,0.07874016
450.28429496,0.00000000,0.00000000
450.31629496,-7.87401500,0.07874016
450.34829496,-1.18110200,0.07874016
450.38029495,-3.14960600,0.07874016
450.41229495,3.93700800,0.00000000
450.44429495,-9.05511800,0.07874016
450.47629495,0.39370070,0.00000000
450.50829495,-3.54330700,0.07874016
450.54029495,2.36220500,0.00000000
450.57229495,-3.93700800,0.07874016
450.60429495,1.96850400,0.07874016
450.63629495,-1.96850400,0.07874016
450.66829495,0.00000000,0.00000000
450.70029495,-6.69291300,0.07874016
450.73229494,1.57480300,0.00000000
450.76429494,1.18110200,0.07874016
450.79629494,3.54330700,0.00000000
450.82829494,-3.14960600,0.07874016
450.86029494,4.72440900,0.00000000
450.89229494,3.14960600,0.07874016
450.92429494,0.39370070,0.00000000
450.95629494,1.57480300,0.00000000
450.98829494,3.93700800,0.00000000
451.02029494,0.78740150,0.00000000
451.05229494,0.00000000,0.00000000
451.08429493,0.00000000,0.00000000
451.11629493,0.78740150,0.00000000
451.14829493,1.96850400,0.00000000
451.18029493,-4.33070900,0.00000000
451.21229493,-3.54330700,0.00000000
451.24429493,-2.75590500,0.07874016
451.27629493,-1.96850400,0.00000000
451.30829493,-6.29921200,0.07874016
451.34029493,0.00000000,0.00000000
451.37229493,-1.18110200,0.00000000
451.40429493,-1.18110200,0.00000000
451.43629492,-4.33070900,0.07874016
451.46829492,-0.78740150,0.07874016
451.50029492,-5.51181100,0.07874016
451.53229492,0.39370070,0.00000000
451.56429492,-7.08661400,0.07874016
451.59629492,-0.39370070,0.00000000
451.62829492,-4.33070900,0.07874016
451.66029492,-3.14960600,0.07874016
451.69229492,-8.26771600,0.07874016
451.72429492,3.54330700,0.00000000
451.75629492,-6.29921200,0.07874016
451.78829491,1.57480300,0.00000000
451.82029491,-0.78740150,0.07874016
451.85229491,3.54330700,0.00000000
451.88429491,-1.96850400,0.07874016
451.91629491,4.72440900,0.07874016
451.94829491,-2.36220500,0.07874016
451.98029491,7.48031400,0.07874016
452.01229491,-1.18110200,0.07874016
452.04429491,0.39370070,0.00000000
452.07629491,1.57480300,0.07874016
452.10829491,3.93700800,0.07874016
452.14029490,-3.14960600,0.07874016
452.17229490,2.75590500,0.00000000
452.20429490,1.18110200,0.07874016
452.23629490,2.75590500,0.00000000
452.26829490,0.78740150,0.00000000
452.30029490,2.36220500,0.07874016
452.33229490,3.54330700,0.00000000
452.36429490,5.11811000,0.00000000
452.39629490,1.18110200,0.00000000
452.42829490,1.96850400,0.00000000
452.46029490,6.29921200,0.07874016
452.49229489,0.00000000,0.00000000
452.52429489,-0.78740150,0.00000000
452.55629489,-1.57480300,0.00000000
452.58829489,-0.78740150,0.00000000
452.62029489,-7.08661400,0.07874016
452.65229489,-4.72440900,0.00000000
452.68429489,-7.48031400,0.00000000
452.71629489,-1.57480300,0.00000000
452.74829489,-7.48031400,0.07874016
452.78029489,-3.14960600,0.07874016
452.81229489,-3.93700800,0.07874016
452.84429489,-0.39370070,0.00000000
452.87629488,-9.84251900,0.07874016
452.90829488,0.39370070,0.07874016
452.94029488,-3.14960600,0.07874016
452.97229488,0.00000000,0.00000000
453.00429488,-10.62992000,0.07874016
453.03629488,2.36220500,0.00000000
453.06829488,-4.33070900,0.07874016
453.10029488,1.18110200,0.00000000
453.13229488,-4.33070900,0.00000000
453.16429488,0.00000000,0.07874016
453.19629488,-3.14960600,0.07874016
453.22829487,0.00000000,0.00000000
453.26029487,-7.48031400,0.07874016
453.29229487,4.72440900,0.00000000
453.32429487,0.00000000,0.07874016
453.35629487,1.96850400,0.07874016
453.38829487,1.18110200,0.07874016
453.42029487,4.33070900,0.00000000
453.45229487,-0.39370070,0.07874016
453.48429487,3.93700800,0.00000000
453.51629487,-0.78740150,0.00000000
453.54829487,5.51181100,0.00000000
453.58029486,2.75590500,0.07874016
453.61229486,-0.39370070,0.00000000
453.64429486,0.39370070,0.00000000
453.67629486,3.93700800,0.07874016
453.70829486,0.00000000,0.07874016
453.74029486,0.00000000,0.00000000
453.77229486,2.36220500,0.00000000
453.80429486,0.00000000,0.07874016
453.83629486,-0.78740150,0.00000000
453.86829486,-2.36220500,0.07874016
453.90029486,0.39370070,0.00000000
453.93229485,0.00000000,0.07874016
453.96429485,-0.39370070,0.07874016
453.99629485,-7.08661400,0.07874016
454.02829485,0.39370070,0.00000000
454.06029485,-4.33070900,0.07874016
454.09229485,-5.11811000,0.07874016
454.12429485,-7.48031400,0.07874016
454.15629485,-0.39370070,0.07874016
454.18829485,-10.23622000,0.07874016
454.22029485,-3.14960600,0.00000000
454.25229485,-11.41732000,0.07874016
454.28429484,0.39370070,0.00000000
454.31629484,-7.08661400,0.07874016
454.34829484,-3.14960600,0.00000000
454.38029484,-6.29921200,0.07874016
454.41229484,2.36220500,0.07874016
454.44429484,-8.66141700,0.07874016
454.47629484,1.96850400,0.00000000
454.50829484,-3.93700800,0.07874016
454.54029484,3.93700800,0.00000000
454.57229484,-7.87401500,0.07874016
454.60429484,0.00000000,0.07874016
454.63629483,-1.96850400,0.07874016
454.66829483,1.18110200,0.00000000
454.70029483,-5.90551100,0.00000000
454.73229483,-0.78740150,0.07874016
454.76429483,-5.90551100,0.07874016
454.79629483,0.39370070,0.00000000
454.82829483,-7.08661400,0.07874016
454.86029483,0.78740150,0.00000000
454.89229483,1.96850400,0.00000000
454.92429483,-0.39370070,0.00000000
454.95629483,-3.14960600,0.00000000
454.98829482,1.57480300,0.00000000
455.02029482,0.39370070,0.00000000
455.05229482,1.57480300,0.00000000
455.08429482,-0.78740150,0.00000000
455.11629482,-1.57480300,0.00000000
455.14829482,-1.57480300,0.00000000
455.18029482,-7.48031400,0.07874016
455.21229482,-7.08661400,0.00000000
455.24429482,-4.72440900,0.07874016
455.27629482,-3.93700800,0.00000000
455.30829482,-11.81102000,0.07874016
455.34029481,-6.69291300,0.00000000
455.37229481,-8.26771600,0.07874016
455.40429481,-5.51181100,0.00000000
455.43629481,-8.66141700,0.07874016
455.46829481,-3.93700800,0.00000000
455.50029481,-9.44881800,0.07874016
455.53229481,-2.36220500,0.00000000
455.56429481,-13.77953000,0.07874016
455.59629481,-3.93700800,0.00000000
455.62829481,-7.08661400,0.07874016
455.66029481,-5.51181100,0.07874016
455.69229480,-9.44881800,0.07874016
455.72429480,-2.75590500,0.07874016
455.75629480,-11.02362000,0.07874016
455.78829480,-3.14960600,0.00000000
455.82029480,-7.48031400,0.07874016
455.85229480,0.39370070,0.00000000
455.88429480,-4.33070900,0.07874016
455.91629480,-1.57480300,0.00000000
455.94829480,-5.51181100,0.07874016
455.98029480,3.14960600,0.07874016
456.01229480,-2.75590500,0.07874016
456.04429479,0.78740150,0.00000000
456.07629479,-1.96850400,0.07874016
456.10829479,2.36220500,0.07874016
456.14029479,-5.11811000,0.00000000
456.17229479,-0.78740150,0.00000000
456.20429479,-3.14960600,0.07874016
456.23629479,1.57480300,0.07874016
456.26829479,-3.14960600,0.07874016
456.30029479,-3.14960600,0.00000000
456.33229479,-1.96850400,0.00000000
456.36429479,2.36220500,0.00000000
456.39629478,-0.78740150,0.07874016
456.42829478,-0.39370070,0.07874016
456.46029478,3.93700800,0.07874016
456.49229478,-1.57480300,0.00000000
456.52429478,-3.93700800,0.00000000
456.55629478,-4.33070900,0.00000000
456.58829478,-2.75590500,0.00000000
456.62029478,-6.69291300,0.07874016
456.65229478,-5.51181100,0.00000000
456.68429478,-10.23622000,0.07874016
456.71629478,-4.33070900,0.00000000
456.74829477,-9.05511800,0.07874016
456.78029477,-8.26771600,0.07874016
456.81229477,-10.62992000,0.07874016
456.84429477,-4.33070900,0.00000000
456.87629477,-15.74803000,0.07874016
456.90829477,-5.11811000,0.07874016
456.94029477,-10.23622000,0.07874016
456.97229477,-1.57480300,0.00000000
457.00429477,-9.44881800,0.07874016
457.03629477,-3.14960600,0.00000000
457.06829477,-7.08661400,0.07874016
457.10029476,-1.96850400,0.00000000
457.13229476,-11.02362000,0.07874016
457.16429476,-1.96850400,0.00000000
457.19629476,-8.26771600,0.07874016
457.22829476,0.00000000,0.00000000
457.26029476,-10.62992000,0.07874016
457.29229476,-3.14960600,0.00000000
457.32429476,-8.66141700,0.07874016
457.35629476,-1.96850400,0.00000000
457.38829476,-10.62992000,0.07874016
457.42029476,-1.18110200,0.00000000
457.45229475,-4.72440900,0.07874016
457.48429475,-3.54330700,0.07874016
457.51629475,-6.69291300,0.07874016
457.54829475,-0.78740150,0.00000000
457.58029475,-3.54330700,0.07874016
457.61229475,-4.72440900,0.00000000
457.64429475,-5.90551100,0.00000000
457.67629475,-2.36220500,0.07874016
457.70829475,-4.72440900,0.00000000
457.74029475,-7.48031400,0.00000000
457.77229475,-5.11811000,0.00000000
457.80429474,-7.87401500,0.07874016
457.83629474,-7.87401500,0.00000000
457.86829474,-12.20472000,0.00000000
457.90029474,-9.05511800,0.00000000
457.93229474,-10.62992000,0.07874016
457.96429474,-9.44881800,0.07874016
457.99629474,-14.96063000,0.07874016
458.02829474,-9.44881800,0.07874016
458.06029474,-13.38583000,0.07874016
458.09229474,-10.23622000,0.00000000
458.12429474,-16.14173000,0.07874016
458.15629473,-7.08661400,0.00000000
458.18829473,-14.96063000,0.07874016
458.22029473,-12.99213000,0.07874016
458.25229473,-22.04724000,0.07874016
458.28429473,-9.05511800,0.00000000
458.31629473,-18.11024000,0.07874016
458.34829473,-10.62992000,0.00000000
458.38029473,-16.14173000,0.07874016
458.41229473,-7.48031400,0.07874016
458.44429473,-17.32283000,0.07874016
458.47629473,-8.66141700,0.00000000
458.50829472,-15.35433000,0.07874016
458.54029472,-4.33070900,0.07874016
458.57229472,-11.41732000,0.07874016
458.60429472,-7.48031400,0.00000000
458.63629472,-12.59842000,0.07874016
458.66829472,-3.54330700,0.07874016
458.70029472,-13.38583000,0.07874016
458.73229472,-9.44881800,0.00000000
458.76429472,-10.23622000,0.00000000
458.79629472,-6.69291300,0.00000000
458.82829472,-14.96063000,0.07874016
458.86029471,-8.66141700,0.00000000
458.89229471,-10.23622000,0.00000000
458.92429471,-7.48031400,0.07874016
458.95629471,-9.05511800,0.00000000
458.98829471,-7.48031400,0.07874016
459.02029471,-7.48031400,0.00000000
459.05229471,-6.69291300,0.07874016
459.08429471,-10.23622000,0.00000000
459.11629471,-9.05511800,0.07874016
459.14829471,-4.72440900,0.00000000
459.18029471,-11.81102000,0.00000000
459.21229470,-12.59842000,0.00000000
459.24429470,-14.17323000,0.00000000
459.27629470,-12.59842000,0.00000000
459.30829470,-19.68504000,0.07874016
459.34029470,-16.53543000,0.07874016
459.37229470,-18.89764000,0.07874016
459.40429470,-12.99213000,0.00000000
459.43629470,-19.29134000,0.07874016
459.46829470,-14.56693000,0.07874016
459.50029470,-17.71653000,0.07874016
459.53229470,-11.81102000,0.07874016
459.56429469,-21.65354000,0.07874016
459.59629469,-11.02362000,0.07874016
459.62829469,-18.11024000,0.07874016
459.66029469,-10.62992000,0.07874016
459.69229469,-19.29134000,0.07874016
459.72429469,-11.41732000,0.07874016
459.75629469,-18.11024000,0.07874016
459.78829469,-10.23622000,0.07874016
459.82029469,-21.25984000,0.07874016
459.85229469,-10.62992000,0.07874016
459.88429469,-13.38583000,0.07874016
459.91629469,-11.02362000,0.07874016
459.94829468,-18.50394000,0.07874016
459.98029468,-5.90551100,0.00000000
460.01229468,-14.96063000,0.07874016
460.04429468,-10.62992000,0.07874016
460.07629468,-11.41732000,0.07874016
460.10829468,-5.90551100,0.07874016
460.14029468,-9.84251900,0.07874016
460.17229468,-8.66141700,0.07874016
460.20429468,-13.38583000,0.07874016
460.23629468,-8.26771600,0.00000000
460.26829468,-9.84251900,0.00000000
460.30029467,-10.23622000,0.00000000
460.33229467,-9.84251900,0.00000000
460.36429467,-5.51181100,0.00000000
460.39629467,-11.02362000,0.07874016
460.42829467,-12.20472000,0.00000000
460.46029467,-6.69291300,0.00000000
460.49229467,-8.66141700,0.07874016
460.52429467,-9.05511800,0.00000000
460.55629467,-11.02362000,0.00000000
460.58829467,-9.44881800,0.00000000
460.62029467,-10.62992000,0.07874016
460.65229466,-9.44881800,0.00000000
460.68429466,-12.59842000,0.07874016
460.71629466,-8.26771600,0.07874016
460.74829466,-12.99213000,0.00000000
460.78029466,-11.81102000,0.00000000
460.81229466,-16.92913000,0.07874016
460.84429466,-6.29921200,0.07874016
460.87629466,-15.35433000,0.07874016
460.90829466,-9.44881800,0.07874016
460.94029466,-14.96063000,0.07874016
460.97229466,-7.08661400,0.00000000
461.00429465,-12.99213000,0.07874016
461.03629465,-7.08661400,0.00000000
461.06829465,-7.87401500,0.07874016
461.10029465,0.00000000,0.07874016
461.13229465,-12.20472000,0.07874016
461.16429465,-3.54330700,0.00000000
461.19629465,-7.87401500,0.00000000
461.22829465,-1.57480300,0.07874016
461.26029465,-7.87401500,0.00000000
461.29229465,-2.36220500,0.07874016
461.32429465,-5.11811000,0.00000000
461.35629464,-3.93700800,0.00000000
461.38829464,-9.44881800,0.07874016
461.42029464,-2.36220500,0.00000000
461.45229464,-4.33070900,0.07874016
461.48429464,1.18110200,0.00000000
461.51629464,-6.69291300,0.07874016
461.54829464,-1.18110200,0.07874016
461.58029464,0.00000000,0.00000000
461.61229464,-1.96850400,0.00000000
461.64429464,-1.57480300,0.00000000
461.67629464,1.57480300,0.00000000
461.70829463,-0.39370070,0.00000000
461.74029463,-1.96850400,0.00000000
461.77229463,-2.36220500,0.00000000
461.80429463,-2.36220500,0.07874016
461.83629463,-1.18110200,0.00000000
461.86829463,-5.90551100,0.00000000
461.90029463,-6.69291300,0.00000000
461.93229463,-6.69291300,0.00000000
461.96429463,-4.33070900,0.00000000
461.99629463,-9.84251900,0.07874016
462.02829463,-3.93700800,0.00000000
462.06029462,-3.54330700,0.07874016
462.09229462,-4.33070900,0.00000000
462.12429462,-9.44881800,0.00000000
462.15629462,-2.75590500,0.00000000
462.18829462,-7.08661400,0.07874016
462.22029462,-0.39370070,0.00000000
462.25229462,-7.87401500,0.07874016
462.28429462,-2.36220500,0.00000000
462.31629462,-5.51181100,0.00000000
462.34829462,-5.51181100,0.00000000
462.38029462,-11.02362000,0.07874016
462.41229461,1.18110200,0.00000000
462.44429461,-2.75590500,0.07874016
462.47629461,-3.14960600,0.00000000
462.50829461,-4.33070900,0.07874016
462.54029461,3.14960600,0.00000000
462.57229461,-1.18110200,0.07874016
462.60429461,3.54330700,0.07874016
462.63629461,-2.75590500,0.07874016
462.66829461,5.90551100,0.07874016
462.70029461,-0.39370070,0.07874016
462.73229461,0.00000000,0.00000000
462.76429460,1.96850400,0.00000000
462.79629460,5.51181100,0.07874016
462.82829460,-1.57480300,0.00000000
462.86029460,1.96850400,0.07874016
462.89229460,0.39370070,0.00000000
462.92429460,1.57480300,0.07874016
462.95629460,0.00000000,0.07874016
462.98829460,2.36220500,0.00000000
463.02029460,3.14960600,0.00000000
463.05229460,5.51181100,0.00000000
463.08429460,1.96850400,0.00000000
463.11629459,1.57480300,0.00000000
463.14829459,6.69291300,0.00000000
463.18029459,1.96850400,0.07874016
463.21229459,-0.39370070,0.00000000
463.24429459,-0.78740150,0.00000000
463.27629459,1.18110200,0.07874016
463.30829459,-5.90551100,0.00000000
463.34029459,-3.14960600,0.07874016
463.37229459,-5.11811000,0.00000000
463.40429459,-1.96850400,0.07874016
463.43629459,-4.72440900,0.07874016
463.46829458,-5.51181100,0.07874016
463.50029458,-5.11811000,0.07874016
463.53229458,0.78740150,0.00000000
463.56429458,-7.87401500,0.07874016
463.59629458,0.00000000,0.07874016
463.62829458,-1.18110200,0.07874016
463.66029458,1.57480300,0.00000000
463.69229458,-6.29921200,0.07874016
463.72429458,3.93700800,0.07874016
463.75629458,-3.14960600,0.07874016
463.78829458,3.93700800,0.00000000
463.82029457,-2.36220500,0.07874016
463.85229457,1.57480300,0.07874016
463.88429457,-2.75590500,0.07874016
463.91629457,3.93700800,0.00000000
463.94829457,-5.11811000,0.07874016
463.98029457,5.11811000,0.00000000
464.01229457,1.96850400,0.07874016
464.04429457,2.75590500,0.00000000
464.07629457,-1.96850400,0.07874016
464.10829457,6.69291300,0.00000000
464.14029457,1.57480300,0.07874016
464.17229456,4.33070900,0.00000000
464.20429456,2.75590500,0.07874016
464.23629456,5.11811000,0.00000000
464.26829456,4.72440900,0.00000000
464.30029456,1.96850400,0.07874016
464.33229456,0.78740150,0.00000000
464.36429456,6.29921200,0.00000000
464.39629456,1.96850400,0.00000000
464.42829456,0.00000000,0.00000000
464.46029456,3.93700800,0.00000000
464.49229456,0.78740150,0.07874016
464.52429455,0.78740150,0.00000000
464.55629455,-2.75590500,0.00000000
464.58829455,0.00000000,0.00000000
464.62029455,-1.57480300,0.07874016
464.65229455,-0.78740150,0.00000000
464.68429455,-4.72440900,0.07874016
464.71629455,0.78740150,0.07874016
464.74829455,-0.78740150,0.07874016
464.78029455,-1.96850400,0.07874016
464.81229455,-3.93700800,0.07874016
464.84429455,1.96850400,0.07874016
464.87629454,-6.69291300,0.07874016
464.90829454,-1.96850400,0.00000000
464.94029454,-3.54330700,0.07874016
464.97229454,0.00000000,0.07874016
465.00429454,-5.90551100,0.07874016
465.03629454,1.57480300,0.00000000
465.06829454,-4.33070900,0.07874016
465.10029454,6.69291300,0.00000000
465.13229454,-2.75590500,0.07874016
465.16429454,3.14960600,0.00000000
465.19629454,2.36220500,0.07874016
465.22829453,6.69291300,0.07874016
465.26029453,-1.57480300,0.07874016
465.29229453,4.72440900,0.00000000
465.32429453,1.96850400,0.07874016
465.35629453,6.29921200,0.00000000
465.38829453,2.75590500,0.00000000
465.42029453,1.96850400,0.00000000
465.45229453,1.18110200,0.00000000
465.48429453,5.51181100,0.07874016
465.51629453,-0.78740150,0.00000000
465.54829453,5.51181100,0.00000000
465.58029452,6.69291300,0.07874016
465.61229452,5.11811000,0.07874016
465.64429452,3.14960600,0.00000000
465.67629452,6.69291300,0.00000000
465.70829452,6.29921200,0.00000000
465.74029452,6.29921200,0.00000000
465.77229452,6.29921200,0.00000000
465.80429452,5.11811000,0.00000000
465.83629452,6.29921200,0.00000000
465.86829452,0.39370070,0.00000000
465.90029452,0.00000000,0.00000000
465.93229451,1.57480300,0.00000000
465.96429451,2.36220500,0.00000000
465.99629451,-4.72440900,0.07874016
466.02829451,-1.18110200,0.00000000
466.06029451,-1.18110200,0.07874016
466.09229451,0.39370070,0.00000000
466.12429451,-1.57480300,0.07874016
466.15629451,3.54330700,0.00000000
466.18829451,-1.18110200,0.07874016
466.22029451,3.93700800,0.07874016
466.25229451,-7.48031400,0.07874016
466.28429450,3.93700800,0.00000000
466.31629450,1.57480300,0.07874016
466.34829450,1.18110200,0.00000000
466.38029450,-4.72440900,0.07874016
466.41229450,3.54330700,0.07874016
466.44429450,-1.57480300,0.07874016
466.47629450,1.57480300,0.07874016
466.50829450,-3.93700800,0.07874016
466.54029450,7.08661400,0.00000000
466.57229450,1.18110200,0.07874016
466.60429450,3.14960600,0.00000000
466.63629449,-4.72440900,0.07874016
466.66829449,9.44881800,0.07874016
466.70029449,3.93700800,0.07874016
466.73229449,4.33070900,0.07874016
466.76429449,4.33070900,0.07874016
466.79629449,6.69291300,0.00000000
466.82829449,-1.57480300,0.07874016
466.86029449,4.33070900,0.00000000
466.89229449,3.14960600,0.07874016
466.92429449,5.11811000,0.00000000
466.95629449,1.57480300,0.00000000
466.98829449,1.18110200,0.00000000
467.02029448,1.96850400,0.00000000
467.05229448,5.90551100,0.00000000
467.08429448,1.96850400,0.00000000
467.11629448,0.78740150,0.00000000
467.14829448,5.90551100,0.00000000
467.18029448,0.00000000,0.07874016
467.21229448,-1.18110200,0.00000000
467.24429448,0.39370070,0.00000000
467.27629448,3.93700800,0.00000000
467.30829448,-2.75590500,0.00000000
467.34029448,-2.75590500,0.07874016
467.37229447,-6.29921200,0.07874016
467.40429447,-0.78740150,0.00000000
467.43629447,-6.69291300,0.07874016
467.46829447,-4.72440900,0.00000000
467.50029447,-6.29921200,0.07874016
467.53229447,-1.18110200,0.00000000
467.56429447,-9.84251900,0.07874016
467.59629447,-2.36220500,0.00000000
467.62829447,-3.14960600,0.07874016
467.66029447,1.57480300,0.00000000
467.69229447,-3.93700800,0.00000000
467.72429446,1.57480300,0.07874016
467.75629446,-3.14960600,0.07874016
467.78829446,3.54330700,0.07874016
467.82029446,-3.54330700,0.07874016
467.85229446,3.14960600,0.00000000
467.88429446,3.14960600,0.07874016
467.91629446,2.36220500,0.07874016
467.94829446,-6.29921200,0.07874016
467.98029446,3.93700800,0.00000000
468.01229446,-2.36220500,0.07874016
468.04429446,2.75590500,0.00000000
468.07629445,-1.57480300,0.00000000
468.10829445,4.33070900,0.00000000
468.14029445,0.00000000,0.07874016
468.17229445,3.54330700,0.00000000
468.20429445,0.00000000,0.00000000
468.23629445,6.69291300,0.00000000
468.26829445,5.90551100,0.07874016
468.30029445,1.96850400,0.00000000
468.33229445,1.96850400,0.00000000
468.36429445,6.29921200,0.07874016
468.39629445,3.54330700,0.00000000
468.42829444,2.36220500,0.00000000
468.46029444,3.93700800,0.00000000
468.49229444,1.57480300,0.00000000
468.52429444,0.00000000,0.00000000
468.55629444,-3.93700800,0.00000000
468.58829444,-1.57480300,0.00000000
468.62029444,-1.96850400,0.00000000
468.65229444,-2.36220500,0.07874016
468.68429444,-6.29921200,0.00000000
468.71629444,0.78740150,0.00000000
468.74829444,-1.96850400,0.00000000
468.78029443,-2.36220500,0.00000000
468.81229443,-4.33070900,0.07874016
468.84429443,2.36220500,0.00000000
468.87629443,-9.05511800,0.07874016
468.90829443,-1.57480300,0.00000000
468.94029443,-4.33070900,0.07874016
468.97229443,-1.18110200,0.07874016
469.00429443,-5.51181100,0.07874016
469.03629443,-1.57480300,0.00000000
469.06829443,-7.87401500,0.07874016
469.10029443,3.93700800,0.00000000
469.13229442,-7.87401500,0.07874016
469.16429442,1.18110200,0.07874016
469.19629442,-3.14960600,0.07874016
469.22829442,5.90551100,0.07874016
469.26029442,-2.75590500,0.07874016
469.29229442,4.33070900,0.07874016
469.32429442,-0.39370070,0.00000000
469.35629442,3.93700800,0.00000000
469.38829442,-0.78740150,0.00000000
469.42029442,1.57480300,0.07874016
469.45229442,-1.57480300,0.00000000
469.48429441,3.93700800,0.00000000
469.51629441,-3.93700800,0.07874016
469.54829441,1.96850400,0.00000000
469.58029441,1.18110200,0.00000000
469.61229441,1.18110200,0.00000000
469.64429441,-0.39370070,0.07874016
469.67629441,3.14960600,0.00000000
469.70829441,2.36220500,0.00000000
469.74029441,2.36220500,0.00000000
469.77229441,2.36220500,0.00000000
469.80429441,1.96850400,0.00000000
469.83629440,4.33070900,0.00000000
469.86829440,-2.36220500,0.00000000
469.90029440,-3.54330700,0.00000000
469.93229440,-2.75590500,0.07874016
469.96429440,-1.96850400,0.00000000
469.99629440,-9.44881800,0.00000000
470.02829440,-4.33070900,0.00000000
470.06029440,-5.90551100,0.07874016
470.09229440,-5.90551100,0.07874016
470.12429440,-10.23622000,0.07874016
470.15629440,-3.93700800,0.00000000
470.18829439,-7.08661400,0.07874016
470.22029439,0.00000000,0.07874016
470.25229439,-7.48031400,0.00000000
470.28429439,-0.78740150,0.07874016
470.31629439,-6.29921200,0.07874016
470.34829439,-1.96850400,0.07874016
470.38029439,-6.69291300,0.07874016
470.41229439,2.36220500,0.07874016
470.44429439,-3.93700800,0.07874016
470.47629439,-2.36220500,0.00000000
470.50829439,-6.69291300,0.07874016
470.54029438,1.18110200,0.00000000
470.57229438,-4.33070900,0.07874016
470.60429438,0.78740150,0.00000000
470.63629438,-4.72440900,0.07874016
470.66829438,4.72440900,0.07874016
470.70029438,-1.57480300,0.07874016
470.73229438,0.00000000,0.00000000
470.76429438,0.78740150,0.07874016
470.79629438,5.90551100,0.07874016
470.82829438,0.00000000,0.07874016
470.86029438,2.36220500,0.00000000
470.89229437,1.57480300,0.07874016
470.92429437,3.14960600,0.00000000
470.95629437,0.39370070,0.07874016
470.98829437,2.36220500,0.00000000
471.02029437,1.57480300,0.00000000
471.05229437,3.14960600,0.00000000
471.08429437,-2.36220500,0.00000000
471.11629437,-0.78740150,0.00000000
471.14829437,3.93700800,0.07874016
471.18029437,0.39370070,0.00000000
471.21229437,-0.78740150,0.00000000
471.24429436,-0.78740150,0.00000000
471.27629436,-0.39370070,0.00000000
471.30829436,-4.72440900,0.00000000
471.34029436,-1.18110200,0.00000000
471.37229436,-2.75590500,0.00000000
471.40429436,1.18110200,0.00000000
471.43629436,-5.11811000,0.00000000
471.46829436,-4.33070900,0.00000000
471.50029436,-7.48031400,0.07874016
471.53229436,0.39370070,0.07874016
471.56429436,-8.66141700,0.00000000
471.59629435,-2.36220500,0.00000000
471.62829435,-4.33070900,0.07874016
471.66029435,-3.54330700,0.07874016
471.69229435,-8.66141700,0.07874016
471.72429435,1.18110200,0.07874016
471.75629435,-4.72440900,0.07874016
471.78829435,5.11811000,0.07874016
471.82029435,-5.11811000,0.07874016
471.85229435,1.96850400,0.00000000
471.88429435,-0.78740150,0.07874016
471.91629435,2.75590500,0.00000000
471.94829434,-3.54330700,0.07874016
471.98029434,4.72440900,0.00000000
472.01229434,-2.36220500,0.00000000
472.04429434,0.00000000,0.00000000
472.07629434,-3.93700800,0.07874016
472.10829434,4.33070900,0.00000000
472.14029434,1.18110200,0.00000000
472.17229434,1.57480300,0.00000000
472.20429434,-1.96850400,0.07874016
472.23629434,2.75590500,0.00000000
472.26829434,1.96850400,0.07874016
472.30029433,1.18110200,0.07874016
472.33229433,3.54330700,0.00000000
472.36429433,7.87401500,0.00000000
472.39629433,1.96850400,0.00000000
472.42829433,0.78740150,0.00000000
472.46029433,3.14960600,0.00000000
472.49229433,1.18110200,0.00000000
472.52429433,1.18110200,0.00000000
472.55629433,-3.54330700,0.07874016
472.58829433,-3.14960600,0.00000000
472.62029433,-4.33070900,0.00000000
472.65229432,-5.51181100,0.00000000
472.68429432,-7.87401500,0.00000000
472.71629432,0.00000000,0.07874016
472.74829432,-4.33070900,0.00000000
472.78029432,-4.33070900,0.07874016
472.81229432,-7.08661400,0.07874016
472.84429432,0.00000000,0.00000000
472.87629432,-6.29921200,0.07874016
472.90829432,-1.18110200,0.07874016
472.94029432,-6.29921200,0.07874016
472.97229432,-0.39370070,0.07874016
473.00429431,-9.84251900,0.07874016
473.03629431,-2.75590500,0.07874016
473.06829431,-7.08661400,0.07874016
473.10029431,2.36220500,0.07874016
473.13229431,-6.29921200,0.07874016
473.16429431,-1.96850400,0.00000000
473.19629431,-5.90551100,0.07874016
473.22829431,1.96850400,0.07874016
473.26029431,-5.51181100,0.07874016
473.29229431,3.54330700,0.00000000
473.32429431,-0.39370070,0.07874016
473.35629430,2.75590500,0.07874016
473.38829430,-0.39370070,0.00000000
473.42029430,0.78740150,0.07874016
473.45229430,0.00000000,0.07874016
473.48429430,5.51181100,0.00000000
473.51629430,-5.11811000,0.00000000
473.54829430,1.96850400,0.00000000
473.58029430,-0.78740150,0.07874016
473.61229430,-1.96850400,0.00000000
473.64429430,-1.57480300,0.00000000
473.67629430,2.36220500,0.00000000
473.70829429,0.78740150,0.00000000
473.74029429,0.39370070,0.00000000
473.77229429,-0.78740150,0.00000000
473.80429429,1.18110200,0.00000000
473.83629429,2.36220500,0.00000000
473.86829429,-3.14960600,0.07874016
473.90029429,-2.75590500,0.00000000
473.93229429,-2.36220500,0.07874016
473.96429429,-3.14960600,0.00000000
473.99629429,-9.84251900,0.00000000
474.02829429,-2.75590500,0.00000000
474.06029429,-5.51181100,0.07874016
474.09229428,-7.08661400,0.00000000
474.12429428,-9.84251900,0.07874016
474.15629428,-7.08661400,0.07874016
474.18829428,-11.02362000,0.07874016
474.22029428,-3.14960600,0.00000000
474.25229428,-14.17323000,0.07874016
474.28429428,-1.18110200,0.07874016
474.31629428,-7.87401500,0.07874016
474.34829428,-5.51181100,0.00000000
474.38029428,-8.26771600,0.07874016
474.41229428,0.00000000,0.07874016
474.44429427,-7.48031400,0.07874016
474.47629427,-2.36220500,0.00000000
474.50829427,-8.66141700,0.07874016
474.54029427,-0.39370070,0.00000000
474.57229427,-9.84251900,0.07874016
474.60429427,-1.18110200,0.07874016
474.63629427,-7.87401500,0.00000000
474.66829427,0.39370070,0.00000000
474.70029427,-5.11811000,0.07874016
474.73229427,-4.33070900,0.00000000
474.76429427,-5.11811000,0.07874016
474.79629426,1.96850400,0.00000000
474.82829426,-8.26771600,0.07874016
474.86029426,1.57480300,0.00000000
474.89229426,-1.96850400,0.07874016
474.92429426,0.00000000,0.07874016
474.95629426,-2.36220500,0.00000000
474.98829426,-2.75590500,0.07874016
475.02029426,-1.96850400,0.00000000
475.05229426,0.39370070,0.00000000
475.08429426,-4.72440900,0.00000000
475.11629426,-3.14960600,0.00000000
475.14829425,0.00000000,0.00000000
475.18029425,-6.29921200,0.00000000
475.21229425,-6.69291300,0.07874016
475.24429425,-6.29921200,0.00000000
475.27629425,-3.93700800,0.00000000
475.30829425,-9.05511800,0.00000000
475.34029425,-6.29921200,0.00000000
475.37229425,-8.26771600,0.07874016
475.40429425,-3.93700800,0.00000000
475.43629425,-8.66141700,0.07874016
475.46829425,-7.08661400,0.07874016
475.50029424,-10.23622000,0.07874016
475.53229424,-2.36220500,0.00000000
475.56429424,-13.38583000,0.07874016
475.59629424,-6.69291300,0.07874016
475.62829424,-7.87401500,0.07874016
475.66029424,-5.51181100,0.07874016
475.69229424,-13.38583000,0.07874016
475.72429424,-2.36220500,0.00000000
475.75629424,-9.44881800,0.07874016
475.78829424,-2.36220500,0.07874016
475.82029424,-7.87401500,0.07874016
475.85229423,-1.18110200,0.00000000
475.88429423,-5.11811000,0.07874016
475.91629423,0.78740150,0.00000000
475.94829423,-12.20472000,0.07874016
475.98029423,4.33070900,0.00000000
476.01229423,-4.72440900,0.07874016
476.04429423,-1.57480300,0.00000000
476.07629423,-3.14960600,0.07874016
476.10829423,-1.57480300,0.00000000
476.14029423,-8.66141700,0.07874016
476.17229423,-2.36220500,0.00000000
476.20429422,-8.66141700,0.07874016
476.23629422,0.78740150,0.00000000
476.26829422,-3.14960600,0.07874016
476.30029422,-4.33070900,0.00000000
476.33229422,-3.54330700,0.00000000
476.36429422,0.78740150,0.00000000
476.39629422,-3.14960600,0.07874016
476.42829422,-1.18110200,0.07874016
476.46029422,0.39370070,0.00000000
476.49229422,-2.36220500,0.00000000
476.52429422,-4.33070900,0.00000000
476.55629421,-7.87401500,0.00000000
476.58829421,-6.29921200,0.00000000
476.62029421,-7.08661400,0.07874016
476.65229421,-7.87401500,0.00000000
476.68429421,-13.38583000,0.00000000
476.71629421,-6.29921200,0.00000000
476.74829421,-11.41732000,0.07874016
476.78029421,-11.02362000,0.00000000
476.81229421,-13.77953000,0.07874016
476.84429421,-2.75590500,0.00000000
476.87629421,-15.74803000,0.07874016
476.90829420,-7.08661400,0.07874016
476.94029420,-13.77953000,0.07874016
476.97229420,-7.48031400,0.00000000
477.00429420,-14.96063000,0.07874016
477.03629420,-7.08661400,0.00000000
477.06829420,-16.53543000,0.07874016
477.10029420,-3.93700800,0.00000000
477.13229420,-15.74803000,0.07874016
477.16429420,-10.23622000,0.00000000
477.19629420,-13.77953000,0.07874016
477.22829420,-4.72440900,0.00000000
477.26029419,-18.89764000,0.07874016
477.29229419,-6.69291300,0.00000000
477.32429419,-11.02362000,0.07874016
477.35629419,-6.29921200,0.00000000
477.38829419,-10.62992000,0.07874016
477.42029419,-4.72440900,0.00000000
477.45229419,-9.84251900,0.07874016
477.48429419,-4.33070900,0.00000000
477.51629419,-11.81102000,0.00000000
477.54829419,-6.29921200,0.00000000
477.58029419,-5.51181100,0.00000000
477.61229418,-8.26771600,0.00000000
477.64429418,-11.41732000,0.00000000
477.67629418,-7.48031400,0.00000000
477.70829418,-9.05511800,0.00000000
477.74029418,-9.05511800,0.00000000
477.77229418,-8.66141700,0.00000000
477.80429418,-8.26771600,0.00000000
477.83629418,-7.08661400,0.00000000
477.86829418,-13.77953000,0.07874016
477.90029418,-11.81102000,0.00000000
477.93229418,-10.23622000,0.07874016
477.96429417,-8.66141700,0.00000000
477.99629417,-15.74803000,0.00000000
478.02829417,-11.02362000,0.00000000
478.06029417,-14.96063000,0.07874016
478.09229417,-14.96063000,0.07874016
478.12429417,-19.29134000,0.07874016
478.15629417,-11.41732000,0.00000000
478.18829417,-16.92913000,0.07874016
478.22029417,-12.20472000,0.07874016
478.25229417,-22.44094000,0.07874016
478.28429417,-13.38583000,0.07874016
478.31629416,-19.29134000,0.07874016
478.34829416,-11.81102000,0.07874016
478.38029416,-20.86614000,0.07874016
478.41229416,-7.08661400,0.00000000
478.44429416,-15.35433000,0.07874016
478.47629416,-11.02362000,0.07874016
478.50829416,-15.35433000,0.07874016
478.54029416,-5.51181100,0.00000000
478.57229416,-14.17323000,0.07874016
478.60429416,-9.05511800,0.00000000
478.63629416,-14.96063000,0.07874016
478.66829415,-7.08661400,0.00000000
478.70029415,-14.17323000,0.07874016
478.73229415,-8.66141700,0.00000000
478.76429415,-13.77953000,0.07874016
478.79629415,-6.69291300,0.00000000
478.82829415,-14.17323000,0.07874016
478.86029415,-9.84251900,0.07874016
478.89229415,-10.23622000,0.07874016
478.92429415,-5.90551100,0.00000000
478.95629415,-10.23622000,0.07874016
478.98829415,-8.26771600,0.00000000
479.02029414,-7.08661400,0.00000000
479.05229414,-6.29921200,0.07874016
479.08429414,-10.62992000,0.00000000
479.11629414,-8.66141700,0.00000000
479.14829414,-6.29921200,0.07874016
479.18029414,-12.99213000,0.00000000
479.21229414,-14.17323000,0.00000000
479.24429414,-14.17323000,0.07874016
479.27629414,-11.02362000,0.07874016
479.30829414,-15.74803000,0.07874016
479.34029414,-14.17323000,0.07874016
479.37229413,-16.92913000,0.07874016
479.40429413,-12.59842000,0.07874016
479.43629413,-19.68504000,0.07874016
479.46829413,-13.38583000,0.00000000
479.50029413,-15.74803000,0.07874016
479.53229413,-8.66141700,0.07874016
479.56429413,-20.07874000,0.07874016
479.59629413,-12.99213000,0.07874016
479.62829413,-18.89764000,0.07874016
479.66029413,-11.41732000,0.00000000
479.69229413,-20.86614000,0.07874016
479.72429412,-12.20472000,0.07874016
479.75629412,-16.14173000,0.07874016
479.78829412,-10.62992000,0.07874016
479.82029412,-20.47244000,0.07874016
479.85229412,-9.05511800,0.00000000
479.88429412,-12.59842000,0.07874016
479.91629412,-7.48031400,0.00000000
479.94829412,-12.20472000,0.07874016
479.98029412,-4.72440900,0.00000000
480.01229412,-9.05511800,0.07874016
480.04429412,-6.69291300,0.07874016
480.07629411,-7.87401500,0.07874016
480.10829411,-4.33070900,0.00000000
480.14029411,-7.87401500,0.07874016
480.17229411,-4.33070900,0.07874016
480.20429411,-9.44881800,0.00000000
480.23629411,-3.93700800,0.00000000
480.26829411,-6.69291300,0.07874016
480.30029411,-7.48031400,0.00000000
480.33229411,-6.69291300,0.00000000
480.36429411,-2.36220500,0.07874016
480.39629411,-6.29921200,0.00000000
480.42829410,-5.51181100,0.00000000
480.46029410,-2.75590500,0.00000000
480.49229410,-3.54330700,0.00000000
480.52429410,-3.54330700,0.07874016
480.55629410,-8.66141700,0.00000000
480.58829410,-6.69291300,0.00000000
480.62029410,-6.69291300,0.00000000
480.65229410,-6.69291300,0.00000000
480.68429410,-13.38583000,0.00000000
480.71629410,-5.90551100,0.07874016
480.74829410,-11.81102000,0.07874016
480.78029409,-11.81102000,0.07874016
480.81229409,-12.59842000,0.07874016
480.84429409,-7.08661400,0.00000000
480.87629409,-14.17323000,0.07874016
480.90829409,-5.11811000,0.07874016
480.94029409,-10.23622000,0.07874016
480.97229409,-3.93700800,0.00000000
481.00429409,-12.59842000,0.07874016
481.03629409,-5.51181100,0.00000000
481.06829409,-8.26771600,0.07874016
481.10029409,-0.39370070,0.00000000
481.13229408,-8.26771600,0.07874016
481.16429408,-5.11811000,0.00000000
481.19629408,-6.29921200,0.07874016
481.22829408,-1.96850400,0.07874016
481.26029408,-7.87401500,0.07874016
481.29229408,-1.18110200,0.00000000
481.32429408,-5.51181100,0.07874016
481.35629408,0.00000000,0.00000000
481.38829408,-6.69291300,0.00000000
481.42029408,-1.18110200,0.00000000
481.45229408,-1.18110200,0.00000000
481.48429408,1.96850400,0.00000000
481.51629407,-2.36220500,0.07874016
481.54829407,1.18110200,0.00000000
481.58029407,0.78740150,0.07874016
481.61229407,1.18110200,0.00000000
481.64429407,0.39370070,0.00000000
481.67629407,2.75590500,0.00000000
481.70829407,0.78740150,0.00000000
481.74029407,2.75590500,0.00000000
481.77229407,-5.51181100,0.00000000
481.80429407,-1.57480300,0.00000000
481.83629407,0.78740150,0.00000000
481.86829406,-3.54330700,0.00000000
481.90029406,-1.18110200,0.00000000
481.93229406,-1.18110200,0.00000000
481.96429406,-4.33070900,0.07874016
481.99629406,-9.05511800,0.00000000
482.02829406,-1.18110200,0.00000000
482.06029406,-5.11811000,0.07874016
482.09229406,0.00000000,0.00000000
482.12429406,-8.66141700,0.07874016
482.15629406,-1.18110200,0.07874016
482.18829406,-6.69291300,0.07874016
482.22029405,-1.18110200,0.07874016
482.25229405,-10.23622000,0.07874016
482.28429405,-1.18110200,0.00000000
482.31629405,-5.90551100,0.07874016
482.34829405,-6.69291300,0.07874016
482.38029405,-9.84251900,0.07874016
482.41229405,1.18110200,0.07874016
482.44429405,-5.51181100,0.07874016
482.47629405,-1.96850400,0.07874016
482.50829405,-3.54330700,0.07874016
482.54029405,1.96850400,0.07874016
482.57229404,-1.57480300,0.00000000
482.60429404,2.36220500,0.07874016
482.63629404,-1.96850400,0.07874016
482.66829404,7.87401500,0.00000000
482.70029404,-2.75590500,0.00000000
482.73229404,1.18110200,0.00000000
482.76429404,-4.33070900,0.00000000
482.79629404,3.93700800,0.00000000
482.82829404,-4.72440900,0.07874016
482.86029404,1.57480300,0.00000000
482.89229404,-1.57480300,0.00000000
482.92429403,1.57480300,0.00000000
482.95629403,-0.78740150,0.00000000
482.98829403,-0.78740150,0.00000000
483.02029403,3.93700800,0.00000000
483.05229403,5.90551100,0.00000000
483.08429403,0.00000000,0.00000000
483.11629403,1.18110200,0.00000000
483.14829403,5.11811000,0.00000000
483.18029403,0.78740150,0.07874016
483.21229403,1.57480300,0.00000000
483.24429403,-3.14960600,0.00000000
483.27629402,-2.36220500,0.00000000
483.30829402,-4.33070900,0.07874016
483.34029402,-7.08661400,0.07874016
483.37229402,-7.87401500,0.00000000
483.40429402,-0.78740150,0.00000000
483.43629402,-6.69291300,0.07874016
483.46829402,-7.48031400,0.07874016
483.50029402,-4.33070900,0.07874016
483.53229402,-0.39370070,0.07874016
483.56429402,-5.90551100,0.07874016
483.59629402,0.78740150,0.07874016
483.62829401,-5.90551100,0.07874016
483.66029401,-0.39370070,0.07874016
483.69229401,-7.87401500,0.07874016
483.72429401,-3.54330700,0.07874016
483.75629401,-3.93700800,0.07874016
483.78829401,1.96850400,0.00000000
483.82029401,-12.59842000,0.07874016
483.85229401,1.18110200,0.00000000
483.88429401,-3.14960600,0.07874016
483.91629401,0.00000000,0.07874016
483.94829401,-9.44881800,0.07874016
483.98029400,5.11811000,0.07874016
484.01229400,-1.96850400,0.07874016
484.04429400,1.57480300,0.00000000
484.07629400,-1.18110200,0.00000000
484.10829400,1.96850400,0.00000000
484.14029400,1.96850400,0.07874016
484.17229400,4.33070900,0.00000000
484.20429400,-3.54330700,0.00000000
484.23629400,5.11811000,0.00000000
484.26829400,0.39370070,0.00000000
484.30029400,-1.96850400,0.00000000
484.33229399,-1.18110200,0.00000000
484.36429399,3.14960600,0.00000000
484.39629399,-2.36220500,0.07874016
484.42829399,-0.78740150,0.07874016
484.46029399,0.78740150,0.00000000
484.49229399,1.18110200,0.00000000
484.52429399,2.75590500,0.07874016
484.55629399,-11.41732000,0.07874016
484.58829399,0.39370070,0.00000000
484.62029399,-0.39370070,0.00000000
484.65229399,-3.54330700,0.00000000
484.68429398,-6.69291300,0.07874016
484.71629398,-1.57480300,0.00000000
484.74829398,-5.51181100,0.00000000
484.78029398,-5.11811000,0.00000000
484.81229398,-8.66141700,0.07874016
484.84429398,-2.75590500,0.07874016
484.87629398,-6.29921200,0.00000000
484.90829398,-4.72440900,0.07874016
484.94029398,-10.62992000,0.07874016
484.97229398,1.18110200,0.07874016
485.00429398,-6.69291300,0.07874016
485.03629397,-2.36220500,0.00000000
485.06829397,-7.48031400,0.07874016
485.10029397,5.11811000,0.07874016
485.13229397,-6.69291300,0.07874016
485.16429397,1.18110200,0.00000000
485.19629397,1.18110200,0.00000000
485.22829397,3.14960600,0.07874016
485.26029397,-3.14960600,0.07874016
485.29229397,0.78740150,0.07874016
485.32429397,-4.33070900,0.07874016
485.35629397,5.11811000,0.07874016
485.38829396,-3.14960600,0.07874016
485.42029396,0.00000000,0.07874016
485.45229396,1.57480300,0.00000000
485.48429396,3.93700800,0.07874016
485.51629396,-3.54330700,0.07874016
485.54829396,4.33070900,0.00000000
485.58029396,3.54330700,0.00000000
485.61229396,3.93700800,0.00000000
485.64429396,0.78740150,0.00000000
485.67629396,2.75590500,0.00000000
485.70829396,3.54330700,0.00000000
485.74029395,4.72440900,0.00000000
485.77229395,-1.18110200,0.07874016
485.80429395,3.54330700,0.00000000
485.83629395,3.93700800,0.07874016
485.86829395,-4.72440900,0.07874016
485.90029395,-3.54330700,0.00000000
485.93229395,-1.96850400,0.00000000
485.96429395,-2.36220500,0.00000000
485.99629395,-6.29921200,0.07874016
486.02829395,-1.96850400,0.00000000
486.06029395,-3.93700800,0.07874016
486.09229394,-1.57480300,0.00000000
486.12429394,-5.51181100,0.07874016
486.15629394,-0.39370070,0.07874016
486.18829394,-3.14960600,0.07874016
486.22029394,0.39370070,0.07874016
486.25229394,-8.66141700,0.07874016
486.28429394,1.18110200,0.07874016
486.31629394,-5.90551100,0.07874016
486.34829394,0.00000000,0.00000000
486.38029394,-7.48031400,0.00000000
486.41229394,0.39370070,0.00000000
486.44429393,-4.72440900,0.07874016
486.47629393,-0.39370070,0.07874016
486.50829393,-9.84251900,0.07874016
486.54029393,5.51181100,0.00000000
486.57229393,-1.57480300,0.07874016
486.60429393,1.57480300,0.07874016
486.63629393,-2.36220500,0.07874016
486.66829393,5.51181100,0.00000000
486.70029393,0.78740150,0.07874016
486.73229393,2.36220500,0.07874016
486.76429393,0.00000000,0.07874016
486.79629392,4.72440900,0.07874016
486.82829392,-1.96850400,0.00000000
486.86029392,0.78740150,0.07874016
486.89229392,-1.57480300,0.07874016
486.92429392,5.11811000,0.07874016
486.95629392,0.78740150,0.00000000
486.98829392,-1.18110200,0.00000000
487.02029392,1.18110200,0.07874016
487.05229392,3.93700800,0.07874016
487.08429392,0.00000000,0.07874016
487.11629392,3.93700800,0.00000000
487.14829391,5.90551100,0.07874016
487.18029391,1.96850400,0.07874016
487.21229391,1.18110200,0.00000000
487.24429391,-1.57480300,0.07874016
487.27629391,0.39370070,0.00000000
487.30829391,-0.78740150,0.00000000
487.34029391,-2.36220500,0.00000000
487.37229391,-6.69291300,0.07874016
487.40429391,-0.78740150,0.00000000
487.43629391,-6.69291300,0.00000000
487.46829391,-5.51181100,0.07874016
487.50029390,-4.33070900,0.00000000
487.53229390,0.39370070,0.07874016
487.56429390,-9.44881800,0.07874016
487.59629390,-1.57480300,0.07874016
487.62829390,-5.90551100,0.07874016
487.66029390,1.57480300,0.07874016
487.69229390,-3.14960600,0.07874016
487.72429390,0.39370070,0.00000000
487.75629390,-4.33070900,0.07874016
487.78829390,2.75590500,0.07874016
487.82029390,-4.33070900,0.07874016
487.85229389,0.39370070,0.07874016
487.88429389,-1.96850400,0.07874016
487.91629389,2.75590500,0.07874016
487.94829389,-6.29921200,0.00000000
487.98029389,2.75590500,0.00000000
488.01229389,-3.14960600,0.07874016
488.04429389,4.33070900,0.00000000
488.07629389,-0.78740150,0.07874016
488.10829389,3.14960600,0.00000000
488.14029389,3.93700800,0.00000000
488.17229389,2.75590500,0.00000000
488.20429388,-0.78740150,0.07874016
488.23629388,7.08661400,0.00000000
488.26829388,4.72440900,0.07874016
488.30029388,3.93700800,0.00000000
488.33229388,1.96850400,0.00000000
488.36429388,4.72440900,0.00000000
488.39629388,1.96850400,0.00000000
488.42829388,2.36220500,0.00000000
488.46029388,1.96850400,0.00000000
488.49229388,1.96850400,0.00000000
488.52429388,3.14960600,0.00000000
488.55629388,-3.54330700,0.00000000
488.58829387,0.00000000,0.00000000
488.62029387,1.57480300,0.07874016
488.65229387,0.39370070,0.00000000
488.68429387,-5.51181100,0.00000000
488.71629387,1.18110200,0.00000000
488.74829387,-4.33070900,0.00000000
488.78029387,-2.75590500,0.07874016
488.81229387,-4.33070900,0.07874016
488.84429387,-0.39370070,0.07874016
488.87629387,-6.29921200,0.07874016
488.90829387,-2.75590500,0.00000000
488.94029386,-11.81102000,0.07874016
488.97229386,0.00000000,0.00000000
489.00429386,-4.72440900,0.07874016
489.03629386,-4.33070900,0.00000000
489.06829386,-8.66141700,0.07874016
489.10029386,3.54330700,0.00000000
489.13229386,-6.29921200,0.07874016
489.16429386,0.39370070,0.07874016
489.19629386,0.39370070,0.07874016
489.22829386,4.33070900,0.07874016
489.26029386,-3.14960600,0.07874016
489.29229385,3.14960600,0.00000000
489.32429385,-3.54330700,0.07874016
489.35629385,5.90551100,0.00000000
489.38829385,-2.75590500,0.07874016
489.42029385,0.78740150,0.00000000
489.45229385,-0.39370070,0.07874016
489.48429385,2.75590500,0.00000000
489.51629385,-4.72440900,0.07874016
489.54829385,1.96850400,0.00000000
489.58029385,1.96850400,0.00000000
489.61229385,1.96850400,0.07874016
489.64429384,1.57480300,0.07874016
489.67629384,2.75590500,0.00000000
489.70829384,3.54330700,0.07874016
489.74029384,5.11811000,0.07874016
489.77229384,0.78740150,0.00000000
489.80429384,3.54330700,0.00000000
489.83629384,6.29921200,0.00000000
489.86829384,-1.18110200,0.00000000
489.90029384,-1.18110200,0.00000000
489.93229384,-1.57480300,0.00000000
489.96429384,-1.96850400,0.00000000
489.99629383,-5.90551100,0.00000000
490.02829383,-3.54330700,0.00000000
490.06029383,-5.11811000,0.00000000
490.09229383,-1.96850400,0.00000000
490.12429383,-6.69291300,0.07874016
490.15629383,-4.33070900,0.07874016
490.18829383,-1.96850400,0.07874016
490.22029383,0.78740150,0.00000000
490.25229383,-9.84251900,0.07874016
490.28429383,2.36220500,0.00000000
490.31629383,-3.14960600,0.07874016
490.34829382,-0.39370070,0.00000000
490.38029382,-5.51181100,0.07874016
490.41229382,0.00000000,0.00000000
490.44429382,-3.93700800,0.07874016
490.47629382,1.57480300,0.00000000
490.50829382,-7.48031400,0.07874016
490.54029382,2.75590500,0.07874016
490.57229382,-0.39370070,0.00000000
490.60429382,1.18110200,0.07874016
490.63629382,-3.14960600,0.07874016
490.66829382,7.08661400,0.00000000
490.70029381,0.00000000,0.00000000
490.73229381,2.36220500,0.00000000
490.76429381,3.54330700,0.07874016
490.79629381,5.90551100,0.07874016
490.82829381,1.96850400,0.00000000
490.86029381,5.11811000,0.00000000
490.89229381,0.78740150,0.00000000
490.92429381,6.29921200,0.00000000
490.95629381,0.39370070,0.07874016
490.98829381,0.78740150,0.00000000
491.02029381,3.14960600,0.00000000
491.05229380,5.11811000,0.07874016
491.08429380,-0.39370070,0.00000000
491.11629380,1.57480300,0.00000000
491.14829380,4.33070900,0.07874016
491.18029380,2.36220500,0.00000000
491.21229380,3.54330700,0.00000000
491.24429380,0.00000000,0.07874016
491.27629380,2.36220500,0.00000000
491.30829380,-1.18110200,0.00000000
491.34029380,-1.57480300,0.00000000
491.37229380,-4.33070900,0.07874016
491.40429379,1.57480300,0.07874016
491.43629379,-3.93700800,0.07874016
491.46829379,-4.33070900,0.07874016
491.50029379,-7.48031400,0.07874016
491.53229379,-0.39370070,0.00000000
491.56429379,-9.84251900,0.07874016
491.59629379,-0.78740150,0.07874016
491.62829379,-6.29921200,0.07874016
491.66029379,-1.18110200,0.07874016
491.69229379,-7.48031400,0.07874016
491.72429379,-1.57480300,0.00000000
491.75629378,-5.51181100,0.07874016
491.78829378,5.90551100,0.07874016
491.82029378,-1.57480300,0.00000000
491.85229378,1.18110200,0.07874016
491.88429378,-1.57480300,0.07874016
491.91629378,3.14960600,0.07874016
491.94829378,-3.93700800,0.07874016
491.98029378,4.33070900,0.00000000
492.01229378,-3.14960600,0.07874016
492.04429378,3.93700800,0.00000000
492.07629378,-4.72440900,0.07874016
492.10829377,0.78740150,0.00000000
492.14029377,3.54330700,0.00000000
492.17229377,3.54330700,0.07874016
492.20429377,-2.36220500,0.00000000
492.23629377,5.90551100,0.07874016
492.26829377,1.96850400,0.07874016
492.30029377,1.96850400,0.00000000
492.33229377,3.14960600,0.00000000
492.36429377,7.08661400,0.00000000
492.39629377,4.33070900,0.00000000
492.42829377,2.36220500,0.00000000
492.46029376,1.18110200,0.00000000
492.49229376,2.36220500,0.00000000
492.52429376,3.54330700,0.00000000
492.55629376,-2.36220500,0.00000000
492.58829376,-1.18110200,0.00000000
492.62029376,-1.96850400,0.00000000
492.65229376,-4.72440900,0.07874016
492.68429376,-7.87401500,0.07874016
492.71629376,0.78740150,0.00000000
492.74829376,-2.36220500,0.00000000
492.78029376,-0.78740150,0.07874016
492.81229375,-4.72440900,0.07874016
492.84429375,-1.57480300,0.07874016
492.87629375,-4.33070900,0.07874016
492.90829375,-0.78740150,0.07874016
492.94029375,-8.26771600,0.07874016
492.97229375,2.75590500,0.07874016
493.00429375,-9.44881800,0.07874016
493.03629375,-3.54330700,0.00000000
493.06829375,-8.26771600,0.07874016
493.10029375,0.39370070,0.07874016
493.13229375,-4.72440900,0.07874016
493.16429374,-1.57480300,0.07874016
493.19629374,-7.08661400,0.07874016
493.22829374,2.36220500,0.07874016
493.26029374,-6.69291300,0.07874016
493.29229374,3.14960600,0.07874016
493.32429374,-2.36220500,0.07874016
493.35629374,6.69291300,0.07874016
493.38829374,-1.57480300,0.00000000
493.42029374,-0.78740150,0.00000000
493.45229374,-3.14960600,0.00000000
493.48429374,3.54330700,0.00000000
493.51629373,-6.69291300,0.07874016
493.54829373,1.96850400,0.00000000
493.58029373,-2.75590500,0.00000000
493.61229373,-0.39370070,0.00000000
493.64429373,-2.36220500,0.00000000
493.67629373,-0.78740150,0.00000000
493.70829373,1.18110200,0.07874016
493.74029373,1.96850400,0.00000000
493.77229373,-2.75590500,0.00000000
493.80429373,0.39370070,0.00000000
493.83629373,3.93700800,0.00000000
493.86829372,-1.96850400,0.00000000
493.90029372,-1.18110200,0.00000000
493.93229372,-2.36220500,0.07874016
493.96429372,-3.14960600,0.00000000
493.99629372,-8.66141700,0.00000000
494.02829372,-6.29921200,0.00000000
494.06029372,-8.66141700,0.00000000
494.09229372,-3.14960600,0.00000000
494.12429372,-10.23622000,0.07874016
494.15629372,-8.26771600,0.07874016
494.18829372,-8.66141700,0.00000000
494.22029371,-4.33070900,0.07874016
494.25229371,-13.38583000,0.07874016
494.28429371,-2.75590500,0.00000000
494.31629371,-9.84251900,0.07874016
494.34829371,-2.75590500,0.00000000
494.38029371,-10.23622000,0.07874016
494.41229371,-1.57480300,0.07874016
494.44429371,-5.90551100,0.07874016
494.47629371,-1.57480300,0.07874016
494.50829371,-11.41732000,0.07874016
494.54029371,-1.18110200,0.07874016
494.57229370,-7.87401500,0.07874016
494.60429370,-3.54330700,0.00000000
494.63629370,-9.44881800,0.00000000
494.66829370,1.18110200,0.07874016
494.70029370,-4.33070900,0.07874016
494.73229370,-3.14960600,0.00000000
494.76429370,-5.90551100,0.07874016
494.79629370,0.78740150,0.00000000
494.82829370,-5.11811000,0.07874016
494.86029370,0.39370070,0.00000000
494.89229370,-3.54330700,0.00000000
494.92429369,1.96850400,0.07874016
494.95629369,-0.78740150,0.07874016
494.98829369,-3.54330700,0.07874016
495.02029369,-1.96850400,0.00000000
495.05229369,1.57480300,0.00000000
495.08429369,-4.72440900,0.00000000
495.11629369,-2.75590500,0.00000000
495.14829369,0.00000000,0.00000000
495.18029369,-3.14960600,0.07874016
495.21229369,-3.14960600,0.00000000
495.24429369,-5.51181100,0.00000000
495.27629368,-3.93700800,0.00000000
495.30829368,-5.11811000,0.00000000
495.34029368,-6.69291300,0.07874016
495.37229368,-9.84251900,0.07874016
495.40429368,-1.96850400,0.07874016
495.43629368,-7.48031400,0.07874016
495.46829368,-6.29921200,0.00000000
495.50029368,-7.87401500,0.07874016
495.53229368,-2.75590500,0.00000000
495.56429368,-12.20472000,0.00000000
495.59629368,-7.48031400,0.00000000
495.62829368,-13.77953000,0.07874016
495.66029367,-4.33070900,0.07874016
495.69229367,-12.99213000,0.07874016
495.72429367,-6.29921200,0.00000000
495.75629367,-10.23622000,0.07874016
495.78829367,-1.57480300,0.00000000
495.82029367,-9.05511800,0.07874016
495.85229367,-2.36220500,0.07874016
495.88429367,-6.29921200,0.07874016
495.91629367,0.78740150,0.00000000
495.94829367,-10.62992000,0.07874016
495.98029367,0.39370070,0.00000000
496.01229366,-7.08661400,0.07874016
496.04429366,-1.18110200,0.07874016
496.07629366,-4.72440900,0.00000000
496.10829366,-2.36220500,0.07874016
496.14029366,-5.11811000,0.00000000
496.17229366,-2.36220500,0.07874016
496.20429366,-10.62992000,0.07874016
496.23629366,0.39370070,0.00000000
496.26829366,-1.18110200,0.07874016
496.30029366,-3.54330700,0.00000000
496.33229366,-2.75590500,0.00000000
496.36429365,-0.39370070,0.00000000
496.39629365,-3.14960600,0.07874016
496.42829365,-1.96850400,0.00000000
496.46029365,-1.57480300,0.00000000
496.49229365,-1.96850400,0.00000000
496.52429365,-1.18110200,0.00000000
496.55629365,-9.05511800,0.00000000
496.58829365,-7.08661400,0.00000000
496.62029365,-6.69291300,0.07874016
496.65229365,-8.66141700,0.00000000
496.68429365,-13.77953000,0.00000000
496.71629364,-6.69291300,0.00000000
496.74829364,-14.17323000,0.07874016
496.78029364,-10.62992000,0.00000000
496.81229364,-13.77953000,0.07874016
496.84429364,-9.44881800,0.00000000
496.87629364,-14.56693000,0.07874016
496.90829364,-7.48031400,0.07874016
496.94029364,-19.29134000,0.07874016
496.97229364,-6.29921200,0.00000000
497.00429364,-12.99213000,0.07874016
497.03629364,-12.59842000,0.07874016
497.06829363,-18.50394000,0.07874016
497.10029363,-5.90551100,0.07874016
497.13229363,-21.25984000,0.07874016
497.16429363,-9.44881800,0.07874016
497.19629363,-12.99213000,0.07874016
497.22829363,-8.26771600,0.07874016
497.26029363,-15.35433000,0.07874016
497.29229363,-8.66141700,0.00000000
497.32429363,-16.92913000,0.07874016
497.35629363,-4.33070900,0.00000000
497.38829363,-10.62992000,0.07874016
497.42029362,-8.66141700,0.00000000
497.45229362,-7.08661400,0.07874016
497.48429362,-4.33070900,0.00000000
497.51629362,-14.96063000,0.00000000
497.54829362,-6.69291300,0.07874016
497.58029362,-8.26771600,0.00000000
497.61229362,-7.87401500,0.00000000
497.64429362,-10.23622000,0.00000000
497.67629362,-9.84251900,0.00000000
497.70829362,-11.02362000,0.00000000
497.74029362,-7.48031400,0.00000000
497.77229361,-10.23622000,0.00000000
497.80429361,-7.08661400,0.00000000
497.83629361,-3.93700800,0.00000000
497.86829361,-11.81102000,0.07874016
497.90029361,-11.81102000,0.00000000
497.93229361,-11.81102000,0.07874016
497.96429361,-10.62992000,0.00000000
497.99629361,-14.17323000,0.07874016
498.02829361,-11.02362000,0.00000000
498.06029361,-15.74803000,0.00000000
498.09229361,-12.20472000,0.00000000
498.12429360,-18.50394000,0.07874016
498.15629360,-16.92913000,0.07874016
498.18829360,-19.29134000,0.07874016
498.22029360,-11.02362000,0.07874016
498.25229360,-23.62205000,0.07874016
498.28429360,-12.59842000,0.00000000
498.31629360,-16.53543000,0.07874016
498.34829360,-13.77953000,0.07874016
498.38029360,-19.29134000,0.07874016
498.41229360,-8.66141700,0.07874016
498.44429360,-17.71653000,0.00000000
498.47629359,-8.26771600,0.00000000
498.50829359,-16.53543000,0.00000000
498.54029359,-9.05511800,0.07874016
498.57229359,-12.59842000,0.07874016
498.60429359,-7.48031400,0.00000000
498.63629359,-20.07874000,0.07874016
498.66829359,-5.90551100,0.00000000
498.70029359,-14.17323000,0.00000000
498.73229359,-11.81102000,0.00000000
498.76429359,-13.38583000,0.07874016
498.79629359,-7.08661400,0.00000000
498.82829358,-14.96063000,0.07874016
498.86029358,-9.05511800,0.00000000
498.89229358,-11.41732000,0.07874016
498.92429358,-5.90551100,0.00000000
498.95629358,-8.26771600,0.00000000
498.98829358,-9.05511800,0.00000000
499.02029358,-9.05511800,0.07874016
499.05229358,-5.51181100,0.00000000
499.08429358,-11.41732000,0.00000000
499.11629358,-10.23622000,0.00000000
499.14829358,-7.48031400,0.00000000
499.18029357,-9.84251900,0.00000000
499.21229357,-11.02362000,0.00000000
499.24429357,-14.56693000,0.00000000
499.27629357,-12.99213000,0.00000000
499.30829357,-13.38583000,0.00000000
499.34029357,-13.77953000,0.00000000
499.37229357,-16.92913000,0.07874016
499.40429357,-9.44881800,0.00000000
499.43629357,-13.77953000,0.07874016
499.46829357,-13.77953000,0.07874016
499.50029357,-12.59842000,0.00000000
499.53229356,-8.26771600,0.00000000
499.56429356,-14.17323000,0.07874016
499.59629356,-10.62992000,0.07874016
499.62829356,-16.14173000,0.00000000
499.66029356,-7.48031400,0.07874016
499.69229356,-12.20472000,0.00000000
499.72429356,-10.62992000,0.07874016
499.75629356,-16.92913000,0.07874016
499.78829356,-3.54330700,0.00000000
499.82029356,-15.35433000,0.07874016
499.85229356,-7.08661400,0.00000000
499.88429355,-5.51181100,0.07874016
499.91629355,-3.93700800,0.00000000
499.94829355,-11.02362000,0.07874016
499.98029355,-0.39370070,0.00000000
500.01229355,-5.11811000,0.07874016
500.04429355,-1.57480300,0.00000000
