Time,Channel A,Channel B
(us),(mV),(V)

-0.01882353,-16.92913000,0.55118110
0.04517647,-9.44881800,3.22834600
0.10917647,-3.93700800,3.22834600
0.17317647,-9.44881800,3.22834600
0.23717646,-7.48031400,3.22834600
0.30117646,-8.26771600,3.22834600
0.36517646,-6.69291300,3.22834600
0.42917646,-11.02362000,3.22834600
0.49317646,-1.96850400,3.30708700
0.55717646,-6.29921200,3.22834600
0.62117645,-3.93700800,3.22834600
0.68517645,-5.11811000,3.22834600
0.74917645,0.00000000,3.22834600
0.81317645,-9.44881800,3.22834600
0.87717645,-4.33070900,3.30708700
0.94117644,-4.72440900,3.30708700
1.00517644,-7.48031400,3.22834600
1.06917644,-5.11811000,3.22834600
1.13317644,-2.36220500,3.22834600
1.19717644,-3.93700800,3.22834600
1.26117644,-6.29921200,3.22834600
1.32517643,1.96850400,3.22834600
1.38917643,-7.08661400,3.22834600
1.45317643,-4.33070900,3.22834600
1.51717643,-3.54330700,3.22834600
1.58117643,-1.18110200,3.22834600
1.64517642,-7.87401500,3.22834600
1.70917642,0.78740150,3.22834600
1.77317642,-3.14960600,3.22834600
1.83717642,-2.75590500,3.22834600
1.90117642,-2.36220500,3.22834600
1.96517642,0.39370070,3.22834600
2.02917641,-3.14960600,3.30708700
2.09317641,0.78740150,3.30708700
2.15717641,-0.39370070,3.30708700
2.22117641,-2.36220500,3.22834600
2.28517641,-3.54330700,3.22834600
2.34917640,-3.93700800,3.30708700
2.41317640,-3.14960600,3.30708700
2.47717640,-7.08661400,3.30708700
2.54117640,-2.36220500,3.22834600
2.60517640,-6.29921200,3.22834600
2.66917640,-0.39370070,3.22834600
2.73317639,-6.69291300,3.22834600
2.79717639,-0.39370070,3.22834600
2.86117639,-6.69291300,3.22834600
2.92517639,-2.75590500,3.22834600
2.98917639,-4.33070900,3.22834600
3.05317638,-3.93700800,3.22834600
3.11717638,-3.93700800,3.22834600
3.18117638,0.39370070,3.22834600
3.24517638,-1.96850400,3.22834600
3.30917638,-3.14960600,3.22834600
3.37317638,-0.39370070,3.22834600
3.43717637,-2.75590500,3.22834600
3.50117637,-4.33070900,3.22834600
3.56517637,-2.36220500,3.30708700
3.62917637,-1.18110200,3.30708700
3.69317637,-7.48031400,3.22834600
3.75717637,-0.39370070,3.22834600
3.82117636,-2.75590500,3.30708700
3.88517636,-4.33070900,3.22834600
3.94917636,-5.11811000,3.30708700
4.01317636,0.78740150,3.22834600
4.07717636,-6.69291300,3.22834600
4.14117635,-1.18110200,3.30708700
4.20517635,-1.96850400,3.22834600
4.26917635,-1.96850400,3.22834600
4.33317635,-4.33070900,3.30708700
4.39717635,0.39370070,3.30708700
4.46117635,-4.72440900,3.30708700
4.52517634,-5.51181100,3.30708700
4.58917634,0.00000000,3.30708700
4.65317634,-2.36220500,3.30708700
4.71717634,-1.18110200,3.30708700
4.78117634,-2.36220500,3.30708700
4.84517633,-0.78740150,3.30708700
4.90917633,-7.87401500,3.22834600
4.97317633,-3.14960600,3.30708700
5.03717633,-5.90551100,3.30708700
5.10117633,-5.11811000,3.22834600
5.16517633,-7.08661400,3.30708700
5.22917632,-1.57480300,3.22834600
5.29317632,-5.90551100,3.30708700
5.35717632,-6.29921200,3.30708700
5.42117632,-4.72440900,3.22834600
5.48517632,-3.14960600,3.22834600
5.54917631,-8.66141700,3.22834600
5.61317631,-2.36220500,3.30708700
5.67717631,-4.33070900,3.22834600
5.74117631,-5.11811000,3.30708700
5.80517631,-1.18110200,3.22834600
5.86917631,-2.75590500,3.22834600
5.93317630,-3.54330700,3.30708700
5.99717630,-5.11811000,3.22834600
6.06117630,2.75590500,3.30708700
6.12517630,-6.69291300,3.30708700
6.18917630,-0.39370070,3.30708700
6.25317629,-1.57480300,3.30708700
6.31717629,-1.18110200,3.30708700
6.38117629,-6.69291300,3.30708700
6.44517629,0.00000000,3.30708700
6.50917629,-5.11811000,3.22834600
6.57317629,-4.33070900,3.30708700
6.63717628,-2.75590500,3.30708700
6.70117628,-0.39370070,3.30708700
6.76517628,-3.93700800,3.30708700
6.82917628,-1.96850400,3.30708700
6.89317628,1.18110200,3.22834600
6.95717627,-4.72440900,3.30708700
7.02117627,-2.75590500,3.30708700
7.08517627,-2.36220500,3.30708700
7.14917627,-0.78740150,3.30708700
7.21317627,-5.51181100,3.30708700
7.27717627,2.75590500,3.30708700
7.34117626,-1.96850400,3.30708700
7.40517626,-0.39370070,3.30708700
7.46917626,-3.54330700,3.30708700
7.53317626,0.00000000,3.30708700
7.59717626,-9.44881800,3.22834600
7.66117625,-2.36220500,3.30708700
7.72517625,-2.36220500,3.30708700
7.78917625,-4.72440900,3.30708700
7.85317625,-5.90551100,3.30708700
7.91717625,-2.36220500,3.30708700
7.98117625,-6.69291300,3.30708700
8.04517624,-7.48031400,3.30708700
8.10917624,0.00000000,3.22834600
8.17317624,-7.87401500,3.30708700
8.23717624,-3.14960600,3.30708700
8.30117624,-3.54330700,3.30708700
8.36517623,-1.57480300,3.30708700
8.42917623,-8.26771600,3.22834600
8.49317623,0.78740150,3.30708700
8.55717623,-4.72440900,3.30708700
8.62117623,-3.54330700,3.30708700
8.68517623,-2.36220500,3.30708700
8.74917622,0.78740150,3.30708700
8.81317622,-5.11811000,3.30708700
8.87717622,0.78740150,3.30708700
8.94117622,-3.14960600,3.30708700
9.00517622,-5.51181100,3.30708700
9.06917621,-5.11811000,3.22834600
9.13317621,-2.75590500,3.30708700
9.19717621,-3.14960600,3.30708700
9.26117621,-4.33070900,3.30708700
9.32517621,1.96850400,3.30708700
9.38917621,-1.57480300,3.30708700
9.45317620,1.96850400,3.30708700
9.51717620,-2.36220500,3.30708700
9.58117620,2.36220500,3.30708700
9.64517620,-4.72440900,3.30708700
9.70917620,1.57480300,3.30708700
9.77317619,0.00000000,3.30708700
9.83717619,1.18110200,3.30708700
9.90117619,0.00000000,3.30708700
9.96517619,3.93700800,3.30708700
10.02917619,0.00000000,3.30708700
10.09317619,-1.18110200,3.30708700
10.15717618,1.18110200,3.30708700
10.22117618,-1.18110200,3.30708700
10.28517618,-2.36220500,3.30708700
10.34917618,-0.39370070,3.30708700
10.41317618,-0.78740150,3.30708700
10.47717617,-7.08661400,3.22834600
10.54117617,-0.78740150,3.30708700
10.60517617,-5.51181100,3.22834600
10.66917617,-4.33070900,3.30708700
10.73317617,-4.33070900,3.22834600
10.79717617,1.96850400,3.30708700
10.86117616,-5.90551100,3.30708700
10.92517616,0.78740150,3.30708700
10.98917616,-2.75590500,3.30708700
11.05317616,-2.75590500,3.30708700
11.11717616,-5.11811000,3.30708700
11.18117616,-0.39370070,3.30708700
11.24517615,-3.93700800,3.30708700
11.30917615,-2.75590500,3.30708700
11.37317615,3.54330700,3.30708700
11.43717615,-1.96850400,3.30708700
11.50117615,-1.57480300,3.30708700
11.56517614,-2.36220500,3.30708700
11.62917614,-1.18110200,3.30708700
11.69317614,-7.08661400,3.30708700
11.75717614,-0.78740150,3.30708700
11.82117614,-3.14960600,3.30708700
11.88517614,-1.96850400,3.30708700
11.94917613,-3.54330700,3.30708700
12.01317613,1.18110200,3.30708700
12.07717613,-5.51181100,3.30708700
12.14117613,-2.36220500,3.30708700
12.20517613,-1.57480300,3.30708700
12.26917612,-1.57480300,3.30708700
12.33317612,-5.51181100,3.30708700
12.39717612,0.39370070,3.30708700
12.46117612,-0.78740150,3.30708700
12.52517612,-4.33070900,3.30708700
12.58917612,1.18110200,3.30708700
12.65317611,-2.36220500,3.30708700
12.71717611,-3.54330700,3.30708700
12.78117611,-3.14960600,3.30708700
12.84517611,1.96850400,3.30708700
12.90917611,-8.66141700,3.30708700
12.97317610,-2.75590500,3.30708700
13.03717610,-6.29921200,3.30708700
13.10117610,-6.69291300,3.30708700
13.16517610,-11.02362000,3.30708700
13.22917610,-6.69291300,3.30708700
13.29317610,-10.62992000,3.30708700
13.35717609,-7.87401500,3.22834600
13.42117609,-6.29921200,3.30708700
13.48517609,-7.87401500,3.30708700
13.54917609,-10.62992000,3.22834600
13.61317609,-6.69291300,3.30708700
13.67717608,-7.48031400,3.30708700
13.74117608,-14.56693000,3.22834600
13.80517608,-7.48031400,3.22834600
13.86917608,-8.66141700,3.22834600
13.93317608,-5.90551100,3.30708700
13.99717608,-8.66141700,3.30708700
14.06117607,-3.93700800,3.22834600
14.12517607,-9.44881800,3.30708700
14.18917607,-5.51181100,3.30708700
14.25317607,-7.08661400,3.30708700
14.31717607,-4.33070900,3.30708700
14.38117606,-10.62992000,3.30708700
14.44517606,-1.96850400,3.30708700
14.50917606,-7.87401500,3.30708700
14.57317606,-8.26771600,3.30708700
14.63717606,-9.05511800,3.30708700
14.70117606,-5.90551100,3.30708700
14.76517605,-8.26771600,3.30708700
14.82917605,-6.29921200,3.30708700
14.89317605,0.78740150,3.30708700
14.95717605,-9.84251900,3.30708700
15.02117605,-3.14960600,3.30708700
15.08517604,-4.72440900,3.30708700
15.14917604,-6.29921200,3.30708700
15.21317604,-9.05511800,3.30708700
15.27717604,-1.57480300,3.30708700
15.34117604,-9.05511800,3.30708700
15.40517604,-5.51181100,3.30708700
15.46917603,-4.33070900,3.30708700
15.53317603,-4.72440900,3.30708700
15.59717603,-10.23622000,3.30708700
15.66117603,-5.11811000,3.22834600
15.72517603,-12.20472000,3.30708700
15.78917602,-11.41732000,3.30708700
15.85317602,-9.05511800,3.30708700
15.91717602,-9.84251900,3.30708700
15.98117602,-12.59842000,3.30708700
16.04517602,-9.44881800,3.30708700
16.10917602,-7.08661400,3.30708700
16.17317601,-12.59842000,3.30708700
16.23717601,-8.66141700,3.22834600
16.30117601,-12.59842000,3.30708700
16.36517601,-9.05511800,3.30708700
16.42917601,-11.81102000,3.30708700
16.49317600,-3.54330700,3.30708700
16.55717600,-8.66141700,3.30708700
16.62117600,-4.72440900,3.30708700
16.68517600,-5.90551100,3.30708700
16.74917600,-5.51181100,3.30708700
16.81317600,-10.62992000,3.22834600
16.87717599,-4.33070900,3.30708700
16.94117599,-5.11811000,3.30708700
17.00517599,-8.26771600,3.30708700
17.06917599,-7.87401500,3.30708700
17.13317599,-7.08661400,3.30708700
17.19717598,-10.23622000,3.30708700
17.26117598,-9.44881800,3.30708700
17.32517598,-3.93700800,3.30708700
17.38917598,-9.05511800,3.30708700
17.45317598,-5.51181100,3.30708700
17.51717598,-4.72440900,3.30708700
17.58117597,-2.36220500,3.30708700
17.64517597,-11.81102000,3.30708700
17.70917597,-3.54330700,3.30708700
17.77317597,-10.62992000,3.30708700
17.83717597,-7.08661400,3.30708700
17.90117596,-6.29921200,3.30708700
17.96517596,-3.14960600,3.30708700
18.02917596,-7.48031400,3.30708700
18.09317596,-3.14960600,3.30708700
18.15717596,-3.14960600,3.30708700
18.22117596,-10.62992000,3.30708700
18.28517595,-7.48031400,3.30708700
18.34917595,-9.44881800,3.30708700
18.41317595,-8.66141700,3.30708700
18.47717595,-11.41732000,3.30708700
18.54117595,-5.51181100,3.30708700
18.60517595,-13.38583000,3.30708700
18.66917594,-9.44881800,3.30708700
18.73317594,-10.62992000,3.22834600
18.79717594,-7.87401500,3.30708700
18.86117594,-12.20472000,3.30708700
18.92517594,-4.72440900,3.30708700
18.98917593,-6.69291300,3.30708700
19.05317593,-7.08661400,3.30708700
19.11717593,-8.66141700,3.30708700
19.18117593,-3.14960600,3.30708700
19.24517593,-8.66141700,3.30708700
19.30917593,-7.87401500,3.30708700
19.37317592,-3.14960600,3.30708700
19.43717592,-8.66141700,3.30708700
19.50117592,-6.29921200,3.30708700
19.56517592,-3.93700800,3.30708700
19.62917592,-3.14960600,3.30708700
19.69317591,-11.02362000,3.30708700
19.75717591,-1.96850400,3.30708700
19.82117591,-9.05511800,3.30708700
19.88517591,-7.08661400,3.30708700
19.94917591,-6.69291300,3.30708700
20.01317591,-4.33070900,3.30708700
20.07717590,-8.26771600,3.30708700
20.14117590,-3.93700800,3.30708700
20.20517590,-4.33070900,3.22834600
20.26917590,-7.87401500,3.30708700
20.33317590,-7.87401500,3.30708700
20.39717589,-5.51181100,3.30708700
20.46117589,-8.66141700,3.30708700
20.52517589,-7.08661400,3.30708700
20.58917589,-3.14960600,3.30708700
20.65317589,-6.69291300,3.30708700
20.71717589,-3.93700800,3.30708700
20.78117588,-7.08661400,3.30708700
20.84517588,-5.11811000,3.30708700
20.90917588,-10.23622000,3.30708700
20.97317588,-3.93700800,3.30708700
21.03717588,-9.44881800,3.30708700
21.10117587,-6.69291300,3.30708700
21.16517587,-10.62992000,3.22834600
21.22917587,-5.11811000,3.30708700
21.29317587,-10.23622000,3.30708700
21.35717587,-7.87401500,3.30708700
21.42117587,-7.87401500,3.30708700
21.48517586,-7.48031400,3.30708700
21.54917586,-7.87401500,3.30708700
21.61317586,-5.90551100,3.22834600
21.67717586,-5.90551100,3.22834600
21.74117586,-11.41732000,3.30708700
21.80517585,-4.33070900,3.30708700
21.86917585,-8.66141700,3.30708700
21.93317585,-7.08661400,3.30708700
21.99717585,-7.08661400,3.30708700
22.06117585,-1.57480300,3.30708700
22.12517585,-7.87401500,3.30708700
22.18917584,-0.78740150,3.30708700
22.25317584,-3.54330700,3.22834600
22.31717584,-5.90551100,3.30708700
22.38117584,-6.69291300,3.30708700
22.44517584,-1.96850400,3.30708700
22.50917583,-9.05511800,3.30708700
22.57317583,-4.33070900,3.30708700
22.63717583,-1.57480300,3.30708700
22.70117583,-5.51181100,3.30708700
22.76517583,-5.11811000,3.30708700
22.82917583,-2.75590500,3.30708700
22.89317582,-3.54330700,3.30708700
22.95717582,-7.87401500,3.30708700
23.02117582,0.39370070,3.22834600
23.08517582,-6.29921200,3.30708700
23.14917582,-2.36220500,3.30708700
23.21317581,-2.75590500,3.30708700
23.27717581,0.78740150,3.30708700
23.34117581,-7.08661400,3.30708700
23.40517581,-0.78740150,3.30708700
23.46917581,-2.75590500,3.30708700
23.53317581,-3.54330700,3.30708700
23.59717580,-3.93700800,3.30708700
23.66117580,-0.78740150,3.30708700
23.72517580,-4.72440900,3.30708700
23.78917580,-5.51181100,3.30708700
23.85317580,-2.36220500,3.30708700
23.91717579,-7.08661400,3.30708700
23.98117579,-7.48031400,3.30708700
24.04517579,-5.90551100,3.30708700
24.10917579,-2.36220500,3.30708700
24.17317579,-8.66141700,3.30708700
24.23717579,-3.54330700,3.30708700
24.30117578,-5.51181100,3.30708700
24.36517578,-6.29921200,3.30708700
24.42917578,-11.41732000,3.30708700
24.49317578,-1.96850400,3.30708700
24.55717578,-10.62992000,3.30708700
24.62117577,-3.54330700,3.30708700
24.68517577,-3.54330700,3.30708700
24.74917577,-5.90551100,3.30708700
24.81317577,-7.48031400,3.30708700
24.87717577,-3.93700800,3.30708700
24.94117577,-6.29921200,3.30708700
25.00517576,-9.84251900,3.30708700
25.06917576,-5.11811000,3.30708700
25.13317576,-8.66141700,3.30708700
25.19717576,-6.69291300,3.30708700
25.26117576,-8.66141700,3.30708700
25.32517576,-5.11811000,3.30708700
25.38917575,-11.02362000,3.30708700
25.45317575,-5.51181100,3.30708700
25.51717575,-6.29921200,3.30708700
25.58117575,-5.51181100,3.30708700
25.64517575,-7.08661400,3.30708700
25.70917574,-1.57480300,3.30708700
25.77317574,-5.90551100,3.30708700
25.83717574,-4.72440900,3.30708700
25.90117574,-5.51181100,3.30708700
25.96517574,-3.54330700,3.30708700
26.02917574,-8.26771600,3.30708700
26.09317573,-3.54330700,3.30708700
26.15717573,-3.14960600,3.30708700
26.22117573,-6.29921200,3.30708700
26.28517573,-1.96850400,3.30708700
26.34917573,-4.33070900,3.30708700
26.41317572,-7.08661400,3.30708700
26.47717572,-10.62992000,3.30708700
26.54117572,-3.54330700,3.30708700
26.60517572,-12.59842000,3.30708700
26.66917572,-5.90551100,3.30708700
26.73317572,-7.87401500,3.30708700
26.79717571,-6.69291300,3.30708700
26.86117571,-10.62992000,3.30708700
26.92517571,-5.90551100,3.30708700
26.98917571,-11.02362000,3.30708700
27.05317571,-10.23622000,3.30708700
27.11717570,-9.05511800,3.30708700
27.18117570,-7.48031400,3.22834600
27.24517570,-9.44881800,3.30708700
27.30917570,-5.11811000,3.30708700
27.37317570,-5.90551100,3.30708700
27.43717570,-11.02362000,3.30708700
27.50117569,-5.11811000,3.30708700
27.56517569,-9.05511800,3.30708700
27.62917569,-8.26771600,3.30708700
27.69317569,-8.66141700,3.30708700
27.75717569,-3.54330700,3.30708700
27.82117568,-10.23622000,3.30708700
27.88517568,-4.33070900,3.30708700
27.94917568,-8.66141700,3.30708700
28.01317568,-4.72440900,3.30708700
28.07717568,-10.62992000,3.30708700
28.14117568,-4.33070900,3.30708700
28.20517567,-7.48031400,3.30708700
28.26917567,-5.11811000,3.30708700
28.33317567,-5.51181100,3.30708700
28.39717567,-6.29921200,3.30708700
28.46117567,-8.26771600,3.30708700
28.52517566,-8.26771600,3.30708700
28.58917566,-3.54330700,3.30708700
28.65317566,-8.26771600,3.30708700
28.71717566,-3.14960600,3.30708700
28.78117566,-3.14960600,3.30708700
28.84517566,-2.75590500,3.30708700
28.90917565,-7.87401500,3.30708700
28.97317565,-2.36220500,3.30708700
29.03717565,-10.23622000,3.30708700
29.10117565,-9.05511800,3.30708700
29.16517565,-8.26771600,3.30708700
29.22917564,-6.29921200,3.30708700
29.29317564,-13.77953000,3.30708700
29.35717564,-5.11811000,3.30708700
29.42117564,-9.05511800,3.30708700
29.48517564,-12.20472000,3.30708700
29.54917564,-9.44881800,3.30708700
29.61317563,-8.66141700,3.22834600
29.67717563,-10.62992000,3.30708700
29.74117563,-10.23622000,3.30708700
29.80517563,-5.11811000,3.30708700
29.86917563,-10.23622000,3.30708700
29.93317562,-6.69291300,3.30708700
29.99717562,-6.69291300,3.30708700
30.06117562,-4.72440900,3.30708700
30.12517562,-11.41732000,3.30708700
30.18917562,-1.96850400,3.30708700
30.25317562,-4.72440900,3.30708700
30.31717561,-3.54330700,3.30708700
30.38117561,-4.33070900,3.30708700
30.44517561,-1.96850400,3.30708700
30.50917561,-8.26771600,3.30708700
30.57317561,-6.69291300,3.30708700
30.63717560,-5.11811000,3.30708700
30.70117560,-9.05511800,3.30708700
30.76517560,-7.08661400,3.30708700
30.82917560,-3.14960600,3.30708700
30.89317560,-4.72440900,3.30708700
30.95717560,-7.87401500,3.30708700
31.02117559,-1.18110200,3.30708700
31.08517559,-6.69291300,3.30708700
31.14917559,-5.90551100,3.30708700
31.21317559,-4.72440900,3.30708700
31.27717559,-1.18110200,3.30708700
31.34117558,-8.66141700,3.30708700
31.40517558,0.78740150,3.30708700
31.46917558,-4.33070900,3.30708700
31.53317558,-3.93700800,3.30708700
31.59717558,-5.51181100,3.30708700
31.66117558,-3.14960600,3.30708700
31.72517557,-9.44881800,3.30708700
31.78917557,-7.48031400,3.30708700
31.85317557,-4.33070900,3.30708700
31.91717557,-8.66141700,3.30708700
31.98117557,-7.48031400,3.30708700
32.04517556,-8.66141700,3.30708700
32.10917556,-8.26771600,3.30708700
32.17317556,-11.02362000,3.30708700
32.23717556,-5.51181100,3.30708700
32.30117556,-11.41732000,3.22834600
32.36517556,-7.87401500,3.30708700
32.42917555,-9.44881800,3.30708700
32.49317555,-4.33070900,3.30708700
32.55717555,-8.66141700,3.30708700
32.62117555,-5.90551100,3.30708700
32.68517555,-6.69291300,3.30708700
32.74917555,-3.54330700,3.30708700
32.81317554,-7.08661400,3.30708700
32.87717554,-1.18110200,3.30708700
32.94117554,-4.33070900,3.30708700
33.00517554,-5.11811000,3.30708700
33.06917554,-4.33070900,3.30708700
33.13317553,-6.29921200,3.30708700
33.19717553,-9.05511800,3.30708700
33.26117553,-8.66141700,3.30708700
33.32517553,-3.14960600,3.30708700
33.38917553,-10.23622000,3.30708700
33.45317553,-2.36220500,3.30708700
33.51717552,-5.51181100,3.30708700
33.58117552,-4.72440900,3.30708700
33.64517552,-7.08661400,3.30708700
33.70917552,-1.57480300,3.30708700
33.77317552,-8.66141700,3.30708700
33.83717551,-3.54330700,3.30708700
33.90117551,-1.96850400,3.30708700
33.96517551,-3.93700800,3.30708700
34.02917551,-4.33070900,3.30708700
34.09317551,0.78740150,3.30708700
34.15717551,-3.54330700,3.30708700
34.22117550,-4.33070900,3.30708700
34.28517550,-0.39370070,3.30708700
34.34917550,-4.72440900,3.30708700
34.41317550,-5.11811000,3.30708700
34.47717550,-2.75590500,3.30708700
34.54117549,-1.96850400,3.30708700
34.60517549,-9.44881800,3.30708700
34.66917549,-3.54330700,3.30708700
34.73317549,-8.26771600,3.22834600
34.79717549,-5.90551100,3.30708700
34.86117549,-8.26771600,3.30708700
34.92517548,0.00000000,3.30708700
34.98917548,-6.69291300,3.30708700
35.05317548,-4.33070900,3.30708700
35.11717548,-2.75590500,3.30708700
35.18117548,-4.33070900,3.30708700
35.24517547,-5.90551100,3.30708700
35.30917547,-2.36220500,3.30708700
35.37317547,-1.57480300,3.22834600
35.43717547,-7.48031400,3.22834600
35.50117547,-0.39370070,3.30708700
35.56517547,-1.96850400,3.30708700
35.62917546,-2.36220500,3.30708700
35.69317546,-6.29921200,3.30708700
35.75717546,-2.36220500,3.30708700
35.82117546,-9.44881800,3.30708700
35.88517546,-5.51181100,3.30708700
35.94917545,-6.69291300,3.30708700
36.01317545,-5.11811000,3.30708700
36.07717545,-9.84251900,3.30708700
36.14117545,-2.75590500,3.30708700
36.20517545,-8.66141700,3.30708700
36.26917545,-8.66141700,3.22834600
36.33317544,-7.48031400,3.30708700
36.39717544,-3.93700800,3.30708700
36.46117544,-9.05511800,3.30708700
36.52517544,-4.33070900,3.30708700
36.58917544,-4.33070900,3.30708700
36.65317543,-8.26771600,3.30708700
36.71717543,-4.33070900,3.30708700
36.78117543,-4.33070900,3.30708700
36.84517543,-3.14960600,3.30708700
36.90917543,-7.48031400,3.30708700
36.97317543,1.57480300,3.30708700
37.03717542,-5.51181100,3.30708700
37.10117542,-4.72440900,3.30708700
37.16517542,-6.29921200,3.30708700
37.22917542,-4.72440900,3.30708700
37.29317542,-12.59842000,3.30708700
37.35717541,-6.29921200,3.30708700
37.42117541,-7.87401500,3.30708700
37.48517541,-8.66141700,3.30708700
37.54917541,-6.69291300,3.30708700
37.61317541,-2.75590500,3.30708700
37.67717541,-8.66141700,3.30708700
37.74117540,-8.66141700,3.30708700
37.80517540,-6.29921200,3.30708700
37.86917540,-9.44881800,3.30708700
37.93317540,-8.66141700,3.30708700
37.99717540,-4.33070900,3.30708700
38.06117539,-3.54330700,3.30708700
38.12517539,-11.02362000,3.30708700
38.18917539,-0.78740150,3.30708700
38.25317539,-8.66141700,3.22834600
38.31717539,-6.29921200,3.30708700
38.38117539,-7.08661400,3.30708700
38.44517538,-3.93700800,3.30708700
38.50917538,-11.41732000,3.30708700
38.57317538,-4.72440900,3.30708700
38.63717538,-7.48031400,3.30708700
38.70117538,-8.66141700,3.30708700
38.76517537,-7.48031400,3.30708700
38.82917537,-8.26771600,3.30708700
38.89317537,-8.26771600,3.30708700
38.95717537,-8.66141700,3.30708700
39.02117537,-4.72440900,3.30708700
39.08517537,-8.26771600,3.30708700
39.14917536,-4.72440900,3.30708700
39.21317536,-5.51181100,3.30708700
39.27717536,-3.93700800,3.30708700
39.34117536,-8.26771600,3.30708700
39.40517536,-3.14960600,3.30708700
39.46917536,-6.29921200,3.30708700
39.53317535,-2.75590500,3.30708700
39.59717535,-6.29921200,3.30708700
39.66117535,-1.96850400,3.30708700
39.72517535,-8.66141700,3.30708700
39.78917535,-6.69291300,3.30708700
39.85317534,-7.87401500,3.30708700
39.91717534,-8.66141700,3.30708700
39.98117534,-10.23622000,3.30708700
40.04517534,-5.51181100,3.30708700
40.10917534,-6.29921200,3.22834600
40.17317534,-10.23622000,3.30708700
40.23717533,-4.33070900,3.22834600
40.30117533,-10.23622000,3.30708700
40.36517533,-8.66141700,3.30708700
40.42917533,-9.84251900,3.30708700
40.49317533,-6.29921200,3.30708700
40.55717532,-11.41732000,3.22834600
40.62117532,-4.33070900,3.30708700
40.68517532,-5.11811000,3.30708700
40.74917532,-6.29921200,3.30708700
40.81317532,-8.66141700,3.30708700
40.87717532,-2.36220500,3.30708700
40.94117531,-9.44881800,3.30708700
41.00517531,-5.90551100,3.30708700
41.06917531,-4.33070900,3.30708700
41.13317531,-6.69291300,3.30708700
41.19717531,-7.87401500,3.30708700
41.26117530,-5.51181100,3.30708700
41.32517530,-9.44881800,3.30708700
41.38917530,-12.20472000,3.30708700
41.45317530,-5.90551100,3.30708700
41.51717530,-9.05511800,3.30708700
41.58117530,-6.29921200,3.30708700
41.64517529,-7.87401500,3.30708700
41.70917529,-0.78740150,3.30708700
41.77317529,-10.23622000,3.30708700
41.83717529,-3.93700800,3.30708700
41.90117529,-7.48031400,3.30708700
41.96517528,-6.69291300,3.30708700
42.02917528,-9.44881800,3.30708700
42.09317528,-1.96850400,3.30708700
42.15717528,-6.69291300,3.30708700
42.22117528,-6.69291300,3.30708700
42.28517528,-2.36220500,3.30708700
42.34917527,-4.33070900,3.30708700
42.41317527,-8.66141700,3.30708700
42.47717527,-7.08661400,3.30708700
42.54117527,-6.29921200,3.30708700
42.60517527,-12.20472000,3.30708700
42.66917526,-5.90551100,3.30708700
42.73317526,-7.08661400,3.30708700
42.79717526,-9.84251900,3.30708700
42.86117526,-9.84251900,3.30708700
42.92517526,-4.33070900,3.30708700
42.98917526,-15.35433000,3.30708700
43.05317525,-7.48031400,3.30708700
43.11717525,-8.66141700,3.30708700
43.18117525,-8.66141700,3.30708700
43.24517525,-10.62992000,3.30708700
43.30917525,-6.29921200,3.30708700
43.37317524,-9.05511800,3.30708700
43.43717524,-9.44881800,3.30708700
43.50117524,-8.66141700,3.22834600
43.56517524,-7.48031400,3.30708700
43.62917524,-7.87401500,3.30708700
43.69317524,-7.87401500,3.30708700
43.75717523,-3.14960600,3.30708700
43.82117523,-9.84251900,3.30708700
43.88517523,-7.08661400,3.30708700
43.94917523,-8.26771600,3.30708700
44.01317523,-6.29921200,3.30708700
44.07717522,-10.23622000,3.30708700
44.14117522,-3.54330700,3.30708700
44.20517522,-7.08661400,3.30708700
44.26917522,-5.51181100,3.30708700
44.33317522,-5.11811000,3.30708700
44.39717522,-3.93700800,3.30708700
44.46117521,-11.41732000,3.30708700
44.52517521,-6.29921200,3.30708700
44.58917521,-5.11811000,3.30708700
44.65317521,-7.87401500,3.30708700
44.71717521,-4.72440900,3.30708700
44.78117520,-1.18110200,3.30708700
44.84517520,-4.33070900,3.30708700
44.90917520,-6.69291300,3.30708700
44.97317520,0.00000000,3.30708700
45.03717520,-8.26771600,3.30708700
45.10117520,-4.33070900,3.30708700
45.16517519,-5.11811000,3.30708700
45.22917519,-3.54330700,3.30708700
45.29317519,-10.62992000,3.30708700
45.35717519,-1.96850400,3.30708700
45.42117519,-8.26771600,3.30708700
45.48517518,-8.66141700,3.30708700
45.54917518,-7.87401500,3.30708700
45.61317518,-5.90551100,3.30708700
45.67717518,-8.66141700,3.30708700
45.74117518,-3.54330700,3.30708700
45.80517518,-5.51181100,3.22834600
45.86917517,-7.87401500,3.30708700
45.93317517,-5.11811000,3.22834600
45.99717517,-5.90551100,3.30708700
46.06117517,-5.51181100,3.30708700
46.12517517,-5.90551100,3.30708700
46.18917516,-0.78740150,3.30708700
46.25317516,-5.11811000,3.30708700
46.31717516,0.00000000,3.30708700
46.38117516,-3.93700800,3.30708700
46.44517516,0.00000000,3.30708700
46.50917516,-7.08661400,3.30708700
46.57317515,-1.57480300,3.30708700
46.63717515,-6.69291300,3.30708700
46.70117515,-4.33070900,3.30708700
46.76517515,-5.51181100,3.30708700
46.82917515,-2.36220500,3.30708700
46.89317515,-5.90551100,3.22834600
46.95717514,-6.29921200,3.30708700
47.02117514,-1.96850400,3.30708700
47.08517514,-7.48031400,3.30708700
47.14917514,-5.90551100,3.30708700
47.21317514,-4.33070900,3.30708700
47.27717513,-4.33070900,3.30708700
47.34117513,-7.48031400,3.30708700
47.40517513,0.00000000,3.30708700
47.46917513,-6.69291300,3.30708700
47.53317513,-5.90551100,3.30708700
47.59717513,-5.90551100,3.30708700
47.66117512,-2.36220500,3.30708700
47.72517512,-9.05511800,3.30708700
47.78917512,-3.54330700,3.30708700
47.85317512,-7.87401500,3.30708700
47.91717512,-8.26771600,3.30708700
47.98117511,-9.84251900,3.30708700
48.04517511,-6.29921200,3.30708700
48.10917511,-10.62992000,3.30708700
48.17317511,-8.66141700,3.30708700
48.23717511,-5.51181100,3.30708700
48.30117511,-6.69291300,3.30708700
48.36517510,-7.48031400,3.30708700
48.42917510,-6.69291300,3.22834600
48.49317510,-5.11811000,3.30708700
48.55717510,-12.20472000,3.30708700
48.62117510,-5.90551100,3.22834600
48.68517509,-8.66141700,3.30708700
48.74917509,-6.29921200,3.30708700
48.81317509,-6.29921200,3.30708700
48.87717509,-0.78740150,3.30708700
48.94117509,-7.48031400,3.22834600
49.00517509,-3.54330700,3.30708700
49.06917508,-2.75590500,3.22834600
49.13317508,-6.69291300,3.30708700
49.19717508,-9.44881800,3.30708700
49.26117508,-3.14960600,3.30708700
49.32517508,-7.48031400,3.22834600
49.38917507,-9.05511800,3.30708700
49.45317507,-3.54330700,3.30708700
49.51717507,-8.26771600,3.30708700
49.58117507,-9.44881800,3.30708700
49.64517507,-8.26771600,3.30708700
49.70917507,-4.33070900,3.30708700
49.77317506,-12.59842000,3.30708700
49.83717506,-3.93700800,3.30708700
49.90117506,-5.90551100,3.30708700
49.96517506,-6.69291300,3.30708700
50.02917506,-9.44881800,3.30708700
50.09317505,-2.36220500,3.30708700
50.15717505,-9.84251900,3.30708700
50.22117505,-5.51181100,3.30708700
50.28517505,-4.33070900,3.30708700
50.34917505,-4.72440900,3.30708700
50.41317505,-5.51181100,3.30708700
50.47717504,-4.33070900,3.30708700
50.54117504,-5.11811000,3.30708700
50.60517504,-9.44881800,3.30708700
50.66917504,-6.29921200,3.30708700
50.73317504,-8.26771600,3.30708700
50.79717503,-7.08661400,3.30708700
50.86117503,-11.02362000,3.30708700
50.92517503,-4.72440900,3.30708700
50.98917503,-11.02362000,3.30708700
51.05317503,-7.48031400,3.30708700
51.11717503,-9.84251900,3.30708700
51.18117502,-5.51181100,3.30708700
51.24517502,-11.81102000,3.22834600
51.30917502,-4.33070900,3.22834600
51.37317502,-6.29921200,3.22834600
51.43717502,-5.51181100,3.30708700
51.50117501,-7.48031400,3.30708700
51.56517501,-3.14960600,3.30708700
51.62917501,-8.26771600,3.30708700
51.69317501,-6.69291300,3.30708700
51.75717501,-2.36220500,3.30708700
51.82117501,-9.84251900,3.22834600
51.88517500,-4.33070900,3.30708700
51.94917500,-5.90551100,3.30708700
52.01317500,-6.29921200,3.30708700
52.07717500,-10.62992000,3.30708700
52.14117500,-2.75590500,3.30708700
52.20517499,-11.02362000,3.30708700
52.26917499,-7.08661400,3.30708700
52.33317499,-7.08661400,3.30708700
52.39717499,-3.93700800,3.30708700
52.46117499,-7.87401500,3.30708700
52.52517499,-2.36220500,3.30708700
52.58917498,-5.90551100,3.30708700
52.65317498,-8.26771600,3.30708700
52.71717498,-5.90551100,3.30708700
52.78117498,-3.93700800,3.30708700
52.84517498,-5.90551100,3.30708700
52.90917497,-3.14960600,3.30708700
52.97317497,0.00000000,3.30708700
53.03717497,-5.11811000,3.30708700
53.10117497,-3.14960600,3.30708700
53.16517497,-6.69291300,3.30708700
53.22917497,-4.72440900,3.30708700
53.29317496,-11.02362000,3.30708700
53.35717496,-4.33070900,3.30708700
53.42117496,-9.84251900,3.30708700
53.48517496,-6.69291300,3.30708700
53.54917496,-7.87401500,3.30708700
53.61317495,-4.72440900,3.30708700
53.67717495,-11.02362000,3.22834600
53.74117495,-6.69291300,3.30708700
53.80517495,-7.08661400,3.30708700
53.86917495,-10.62992000,3.30708700
53.93317495,-6.29921200,3.30708700
53.99717494,-5.90551100,3.30708700
54.06117494,-6.69291300,3.30708700
54.12517494,-7.87401500,3.30708700
54.18917494,-5.51181100,3.30708700
54.25317494,-9.44881800,3.30708700
54.31717494,-6.29921200,3.30708700
54.38117493,-5.51181100,3.30708700
54.44517493,-3.54330700,3.30708700
54.50917493,-10.62992000,3.30708700
54.57317493,-2.75590500,3.30708700
54.63717493,-9.84251900,3.30708700
54.70117492,-9.05511800,3.30708700
54.76517492,-10.23622000,3.30708700
54.82917492,-6.69291300,3.30708700
54.89317492,-11.41732000,3.30708700
54.95717492,-7.48031400,3.30708700
55.02117492,-6.69291300,3.30708700
55.08517491,-10.23622000,3.30708700
55.14917491,-7.48031400,3.30708700
55.21317491,-7.87401500,3.30708700
55.27717491,-5.11811000,3.30708700
55.34117491,-10.62992000,3.30708700
55.40517490,-2.36220500,3.30708700
55.46917490,-5.51181100,3.30708700
55.53317490,-3.93700800,3.30708700
55.59717490,-6.69291300,3.30708700
55.66117490,-1.96850400,3.30708700
55.72517490,-10.23622000,3.30708700
55.78917489,-6.69291300,3.30708700
55.85317489,-7.48031400,3.30708700
55.91717489,-7.87401500,3.30708700
55.98117489,-10.62992000,3.30708700
56.04517489,-3.54330700,3.30708700
56.10917488,-8.66141700,3.30708700
56.17317488,-10.62992000,3.30708700
56.23717488,-7.08661400,3.30708700
56.30117488,-9.05511800,3.30708700
56.36517488,-10.62992000,3.22834600
56.42917488,-7.87401500,3.30708700
56.49317487,-3.93700800,3.22834600
56.55717487,-12.59842000,3.22834600
56.62117487,-2.75590500,3.30708700
56.68517487,-5.90551100,3.30708700
56.74917487,-8.26771600,3.22834600
56.81317486,-9.44881800,3.30708700
56.87717486,-1.18110200,3.30708700
56.94117486,-8.26771600,3.30708700
57.00517486,-1.57480300,3.30708700
57.06917486,-1.57480300,3.22834600
57.13317486,-3.54330700,3.30708700
57.19717485,-6.69291300,3.30708700
57.26117485,-3.54330700,3.30708700
57.32517485,-7.48031400,3.30708700
57.38917485,-9.05511800,3.30708700
57.45317485,-4.33070900,3.30708700
57.51717484,-5.11811000,3.30708700
57.58117484,-6.29921200,3.30708700
57.64517484,-5.90551100,3.30708700
57.70917484,-4.33070900,3.30708700
57.77317484,-8.26771600,3.30708700
57.83717484,-1.18110200,3.30708700
57.90117483,-5.11811000,3.30708700
57.96517483,0.00000000,3.30708700
58.02917483,-5.90551100,3.30708700
58.09317483,1.96850400,3.30708700
58.15717483,-5.51181100,3.30708700
58.22117482,-5.11811000,3.30708700
58.28517482,-8.26771600,3.30708700
58.34917482,-2.75590500,3.30708700
58.41317482,-6.69291300,3.30708700
58.47717482,-4.72440900,3.30708700
58.54117482,-3.54330700,3.30708700
58.60517481,-9.84251900,3.30708700
58.66917481,-6.29921200,3.30708700
58.73317481,-9.05511800,3.30708700
58.79717481,-9.44881800,3.30708700
58.86117481,-11.81102000,3.30708700
58.92517480,-5.90551100,3.30708700
58.98917480,-12.99213000,3.30708700
59.05317480,-9.05511800,3.30708700
59.11717480,-12.99213000,3.22834600
59.18117480,-6.69291300,3.30708700
59.24517480,-12.59842000,3.30708700
59.30917479,-5.11811000,3.30708700
59.37317479,-9.84251900,3.22834600
59.43717479,-7.87401500,3.30708700
59.50117479,-5.51181100,3.30708700
59.56517479,-3.93700800,3.30708700
59.62917478,-5.51181100,3.30708700
59.69317478,-3.54330700,3.30708700
59.75717478,-3.14960600,3.30708700
59.82117478,-9.44881800,3.30708700
59.88517478,-6.69291300,3.30708700
59.94917478,-8.26771600,3.30708700
60.01317477,-6.29921200,3.30708700
60.07717477,-10.62992000,3.30708700
60.14117477,-3.14960600,3.30708700
60.20517477,-9.05511800,3.30708700
60.26917477,-5.51181100,3.30708700
60.33317476,-6.69291300,3.30708700
60.39717476,-5.90551100,3.30708700
60.46117476,-9.44881800,3.30708700
60.52517476,-4.33070900,3.30708700
60.58917476,-3.54330700,3.30708700
60.65317476,-6.69291300,3.30708700
60.71717475,-4.33070900,3.30708700
60.78117475,-1.57480300,3.30708700
60.84517475,-7.48031400,3.30708700
60.90917475,-3.93700800,3.30708700
60.97317475,-2.36220500,3.30708700
61.03717475,-7.08661400,3.30708700
61.10117474,-2.75590500,3.30708700
61.16517474,-4.72440900,3.30708700
61.22917474,-4.33070900,3.30708700
61.29317474,-12.59842000,3.30708700
61.35717474,-4.72440900,3.30708700
61.42117473,-12.59842000,3.30708700
61.48517473,-9.05511800,3.30708700
61.54917473,-10.23622000,3.30708700
61.61317473,-6.29921200,3.30708700
61.67717473,-11.41732000,3.30708700
61.74117473,-3.93700800,3.30708700
61.80517472,-6.69291300,3.30708700
61.86917472,-10.23622000,3.22834600
61.93317472,-6.69291300,3.30708700
61.99717472,-6.29921200,3.30708700
62.06117472,-7.48031400,3.30708700
62.12517471,-6.69291300,3.30708700
62.18917471,-1.18110200,3.30708700
62.25317471,-5.90551100,3.30708700
62.31717471,-4.33070900,3.30708700
62.38117471,-6.69291300,3.22834600
62.44517471,-2.36220500,3.30708700
62.50917470,-7.87401500,3.30708700
62.57317470,-1.18110200,3.30708700
62.63717470,-4.33070900,3.30708700
62.70117470,-3.93700800,3.30708700
62.76517470,-7.08661400,3.30708700
62.82917469,-1.18110200,3.30708700
62.89317469,-8.66141700,3.30708700
62.95717469,-8.26771600,3.30708700
63.02117469,-4.33070900,3.30708700
63.08517469,-5.90551100,3.30708700
63.14917469,-5.90551100,3.30708700
63.21317468,-5.11811000,3.30708700
63.27717468,-2.36220500,3.30708700
63.34117468,-11.81102000,3.30708700
63.40517468,-2.36220500,3.30708700
63.46917468,-6.29921200,3.30708700
63.53317467,-7.48031400,3.30708700
63.59717467,-6.69291300,3.30708700
63.66117467,-0.39370070,3.30708700
63.72517467,-8.66141700,3.30708700
63.78917467,-3.93700800,3.30708700
63.85317467,-5.11811000,3.30708700
63.91717466,-9.84251900,3.30708700
63.98117466,-11.41732000,3.30708700
64.04517466,-5.90551100,3.30708700
64.10917466,-10.23622000,3.30708700
64.17317466,-8.66141700,3.30708700
64.23717465,-4.33070900,3.30708700
64.30117465,-8.66141700,3.30708700
64.36517465,-8.66141700,3.30708700
64.42917465,-9.84251900,3.30708700
64.49317465,-5.90551100,3.22834600
64.55717465,-12.99213000,3.30708700
64.62117464,-5.11811000,3.30708700
64.68517464,-9.84251900,3.22834600
64.74917464,-5.11811000,3.30708700
64.81317464,-9.05511800,3.30708700
64.87717464,-2.75590500,3.30708700
64.94117463,-8.66141700,3.30708700
65.00517463,-5.90551100,3.30708700
65.06917463,-4.33070900,3.30708700
65.13317463,-3.54330700,3.30708700
65.19717463,-6.69291300,3.30708700
65.26117463,-4.33070900,3.30708700
65.32517462,-4.72440900,3.30708700
65.38917462,-9.84251900,3.30708700
65.45317462,-6.69291300,3.30708700
65.51717462,-8.26771600,3.30708700
65.58117462,-8.26771600,3.30708700
65.64517461,-9.44881800,3.30708700
65.70917461,-4.33070900,3.30708700
65.77317461,-10.23622000,3.30708700
65.83717461,-5.11811000,3.30708700
65.90117461,-7.48031400,3.30708700
65.96517461,-5.90551100,3.30708700
66.02917460,-11.41732000,3.30708700
66.09317460,-2.75590500,3.30708700
66.15717460,-7.48031400,3.30708700
66.22117460,-5.51181100,3.30708700
66.28517460,-3.54330700,3.30708700
66.34917459,-5.51181100,3.30708700
66.41317459,-7.08661400,3.30708700
66.47717459,-5.51181100,3.30708700
66.54117459,-4.33070900,3.30708700
66.60517459,-10.62992000,3.30708700
66.66917459,-3.54330700,3.30708700
66.73317458,-6.69291300,3.30708700
66.79717458,-5.51181100,3.30708700
66.86117458,-9.05511800,3.30708700
66.92517458,-6.29921200,3.30708700
66.98917458,-12.20472000,3.30708700
67.05317457,-9.84251900,3.30708700
67.11717457,-9.05511800,3.30708700
67.18117457,-7.87401500,3.30708700
67.24517457,-10.23622000,3.30708700
67.30917457,-4.72440900,3.22834600
67.37317457,-7.48031400,3.30708700
67.43717456,-8.66141700,3.30708700
67.50117456,-6.69291300,3.30708700
67.56517456,-5.51181100,3.30708700
67.62917456,-7.08661400,3.30708700
67.69317456,-5.11811000,3.30708700
67.75717455,-1.18110200,3.30708700
67.82117455,-7.48031400,3.30708700
67.88517455,-1.96850400,3.30708700
67.94917455,-5.11811000,3.30708700
68.01317455,-6.29921200,3.30708700
68.07717455,-10.23622000,3.30708700
68.14117454,-0.78740150,3.30708700
68.20517454,-9.44881800,3.30708700
68.26917454,-4.72440900,3.30708700
68.33317454,-3.54330700,3.30708700
68.39717454,-4.33070900,3.30708700
68.46117454,-7.87401500,3.30708700
68.52517453,-2.75590500,3.30708700
68.58917453,-4.33070900,3.30708700
68.65317453,-6.69291300,3.30708700
68.71717453,-1.57480300,3.30708700
68.78117453,-1.18110200,3.30708700
68.84517452,-2.75590500,3.30708700
68.90917452,-2.75590500,3.30708700
68.97317452,0.39370070,3.30708700
69.03717452,-5.11811000,3.30708700
69.10117452,-1.18110200,3.30708700
69.16517452,-2.36220500,3.30708700
69.22917451,-0.78740150,3.30708700
69.29317451,-6.29921200,3.30708700
69.35717451,-0.39370070,3.30708700
69.42117451,-7.48031400,3.30708700
69.48517451,-6.69291300,3.30708700
69.54917450,-9.44881800,3.30708700
69.61317450,-7.48031400,3.30708700
69.67717450,-10.23622000,3.22834600
69.74117450,-9.05511800,3.30708700
69.80517450,-7.87401500,3.22834600
69.86917450,-10.62992000,3.30708700
69.93317449,-9.05511800,3.30708700
69.99717449,-10.62992000,3.22834600
70.06117449,-8.26771600,3.30708700
70.12517449,-14.17323000,3.30708700
70.18917449,-4.72440900,3.30708700
70.25317448,-9.44881800,3.30708700
70.31717448,-9.84251900,3.30708700
70.38117448,-5.90551100,3.30708700
70.44517448,-5.11811000,3.30708700
70.50917448,-12.59842000,3.30708700
70.57317448,-6.29921200,3.30708700
70.63717447,-8.66141700,3.30708700
70.70117447,-9.84251900,3.30708700
70.76517447,-7.87401500,3.30708700
70.82917447,-3.93700800,3.30708700
70.89317447,-9.44881800,3.30708700
70.95717446,-7.08661400,3.30708700
71.02117446,-4.72440900,3.30708700
71.08517446,-11.81102000,3.30708700
71.14917446,-7.48031400,3.30708700
71.21317446,-7.48031400,3.22834600
71.27717446,-5.90551100,3.30708700
71.34117445,-9.84251900,3.30708700
71.40517445,-1.96850400,3.30708700
71.46917445,-8.66141700,3.30708700
71.53317445,-3.93700800,3.30708700
71.59717445,-5.90551100,3.30708700
71.66117444,-4.33070900,3.30708700
71.72517444,-7.87401500,3.30708700
71.78917444,-2.36220500,3.30708700
71.85317444,-5.11811000,3.30708700
71.91717444,-6.69291300,3.30708700
71.98117444,-7.48031400,3.30708700
72.04517443,-8.26771600,3.30708700
72.10917443,-10.62992000,3.30708700
72.17317443,-11.02362000,3.30708700
72.23717443,-9.44881800,3.30708700
72.30117443,-12.59842000,3.30708700
72.36517442,-9.44881800,3.30708700
72.42917442,-10.62992000,3.30708700
72.49317442,-9.84251900,3.30708700
72.55717442,-13.77953000,3.30708700
72.62117442,-7.08661400,3.30708700
72.68517442,-13.77953000,3.22834600
72.74917441,-8.66141700,3.22834600
72.81317441,-12.59842000,3.30708700
72.87717441,-5.11811000,3.30708700
72.94117441,-10.62992000,3.30708700
73.00517441,-4.33070900,3.30708700
73.06917440,-4.72440900,3.30708700
73.13317440,-8.26771600,3.30708700
73.19717440,-6.29921200,3.30708700
73.26117440,-3.54330700,3.30708700
73.32517440,-5.11811000,3.30708700
73.38917440,-7.87401500,3.30708700
73.45317439,-1.57480300,3.30708700
73.51717439,-7.87401500,3.30708700
73.58117439,-6.69291300,3.30708700
73.64517439,-7.48031400,3.30708700
73.70917439,-6.29921200,3.30708700
73.77317438,-11.02362000,3.30708700
73.83717438,-3.14960600,3.30708700
73.90117438,-5.11811000,3.30708700
73.96517438,-4.72440900,3.30708700
74.02917438,-5.11811000,3.30708700
74.09317438,-0.39370070,3.30708700
74.15717437,-7.08661400,3.30708700
74.22117437,-5.11811000,3.30708700
74.28517437,-3.54330700,3.30708700
74.34917437,-3.93700800,3.30708700
74.41317437,-3.14960600,3.30708700
74.47717436,-1.57480300,3.30708700
74.54117436,-3.14960600,3.30708700
74.60517436,-8.66141700,3.30708700
74.66917436,-2.36220500,3.30708700
74.73317436,-9.05511800,3.30708700
74.79717436,-7.87401500,3.30708700
74.86117435,-9.05511800,3.30708700
74.92517435,-2.75590500,3.30708700
74.98917435,-12.59842000,3.30708700
75.05317435,-5.90551100,3.30708700
75.11717435,-8.26771600,3.30708700
75.18117435,-12.20472000,3.30708700
75.24517434,-9.84251900,3.30708700
75.30917434,-5.11811000,3.30708700
75.37317434,-9.44881800,3.30708700
75.43717434,-6.69291300,3.30708700
75.50117434,-2.36220500,3.30708700
75.56517433,-5.51181100,3.30708700
75.62917433,-6.69291300,3.30708700
75.69317433,-2.75590500,3.30708700
75.75717433,-3.93700800,3.30708700
75.82117433,-7.87401500,3.30708700
75.88517433,-0.39370070,3.30708700
75.94917432,-5.51181100,3.30708700
76.01317432,-4.72440900,3.30708700
76.07717432,-7.08661400,3.30708700
76.14117432,-3.14960600,3.30708700
76.20517432,-11.81102000,3.30708700
76.26917431,-4.72440900,3.30708700
76.33317431,-5.90551100,3.30708700
76.39717431,-5.51181100,3.30708700
76.46117431,-6.69291300,3.30708700
76.52517431,-3.54330700,3.30708700
76.58917431,-4.72440900,3.30708700
76.65317430,-5.51181100,3.30708700
76.71717430,-4.33070900,3.30708700
76.78117430,-6.69291300,3.30708700
76.84517430,-4.33070900,3.30708700
76.90917430,-5.90551100,3.30708700
76.97317429,-1.18110200,3.30708700
77.03717429,-6.69291300,3.30708700
77.10117429,-2.36220500,3.30708700
77.16517429,-3.93700800,3.30708700
77.22917429,-5.11811000,3.30708700
77.29317429,-9.05511800,3.30708700
77.35717428,-4.33070900,3.30708700
77.42117428,-9.05511800,3.30708700
77.48517428,-6.69291300,3.30708700
77.54917428,-7.08661400,3.30708700
77.61317428,-7.87401500,3.30708700
77.67717427,-13.77953000,3.30708700
77.74117427,-7.87401500,3.30708700
77.80517427,-8.66141700,3.30708700
77.86917427,-12.20472000,3.30708700
77.93317427,-4.33070900,3.30708700
77.99717427,-7.48031400,3.30708700
78.06117426,-6.69291300,3.22834600
78.12517426,-9.05511800,3.30708700
78.18917426,-2.75590500,3.30708700
78.25317426,-12.59842000,3.30708700
78.31717426,-4.33070900,3.30708700
78.38117425,-6.69291300,3.30708700
78.44517425,-6.29921200,3.30708700
78.50917425,-6.69291300,3.30708700
78.57317425,-0.39370070,3.30708700
78.63717425,-7.87401500,3.30708700
78.70117425,-5.90551100,3.30708700
78.76517424,-5.11811000,3.30708700
78.82917424,-7.48031400,3.30708700
78.89317424,-8.26771600,3.30708700
78.95717424,-4.33070900,3.30708700
79.02117424,-4.33070900,3.30708700
79.08517423,-7.08661400,3.30708700
79.14917423,-2.36220500,3.30708700
79.21317423,-5.51181100,3.30708700
79.27717423,-6.29921200,3.30708700
79.34117423,-6.29921200,3.30708700
79.40517423,0.00000000,3.30708700
79.46917422,-6.29921200,3.30708700
79.53317422,0.00000000,3.30708700
79.59717422,-2.75590500,3.30708700
79.66117422,0.00000000,3.30708700
79.72517422,-5.11811000,3.30708700
79.78917421,0.78740150,3.30708700
79.85317421,-4.33070900,3.30708700
79.91717421,-4.72440900,3.30708700
79.98117421,-1.96850400,3.30708700
80.04517421,-3.14960600,3.30708700
80.10917421,-5.90551100,3.30708700
80.17317420,-4.72440900,3.30708700
80.23717420,-2.36220500,3.30708700
80.30117420,-9.44881800,3.22834600
80.36517420,-4.33070900,3.30708700
80.42917420,-5.90551100,3.30708700
80.49317419,-6.69291300,3.30708700
80.55717419,-7.48031400,3.30708700
80.62117419,-0.78740150,3.30708700
80.68517419,-8.66141700,3.30708700
80.74917419,-6.29921200,3.22834600
80.81317419,-6.69291300,3.30708700
80.87717418,-4.33070900,3.30708700
80.94117418,-9.84251900,3.30708700
81.00517418,-5.11811000,3.30708700
81.06917418,-4.72440900,3.30708700
81.13317418,-5.90551100,3.30708700
81.19717417,-4.72440900,3.22834600
81.26117417,-4.33070900,3.30708700
81.32517417,-8.66141700,3.30708700
81.38917417,-9.84251900,3.30708700
81.45317417,-4.72440900,3.30708700
81.51717417,-11.81102000,3.30708700
81.58117416,-7.48031400,3.30708700
81.64517416,-8.26771600,3.30708700
81.70917416,-5.90551100,3.30708700
81.77317416,-13.38583000,3.30708700
81.83717416,-7.87401500,3.30708700
81.90117415,-11.02362000,3.30708700
81.96517415,-9.05511800,3.30708700
82.02917415,-7.87401500,3.30708700
82.09317415,-3.14960600,3.30708700
82.15717415,-8.66141700,3.30708700
82.22117415,-3.93700800,3.30708700
82.28517414,-3.14960600,3.30708700
82.34917414,-7.87401500,3.30708700
82.41317414,-6.69291300,3.30708700
82.47717414,-3.93700800,3.30708700
82.54117414,-6.69291300,3.30708700
82.60517414,-8.26771600,3.30708700
82.66917413,-2.36220500,3.30708700
82.73317413,-9.84251900,3.30708700
82.79717413,-6.69291300,3.30708700
82.86117413,-7.48031400,3.30708700
82.92517413,-6.69291300,3.30708700
82.98917412,-14.17323000,3.30708700
83.05317412,-4.33070900,3.30708700
83.11717412,-10.23622000,3.30708700
83.18117412,-9.84251900,3.30708700
83.24517412,-9.44881800,3.30708700
83.30917412,-7.48031400,3.30708700
83.37317411,-12.99213000,3.30708700
83.43717411,-9.84251900,3.30708700
83.50117411,-10.23622000,3.22834600
83.56517411,-11.02362000,3.30708700
83.62917411,-6.69291300,3.22834600
83.69317410,-9.05511800,3.30708700
83.75717410,-5.90551100,3.30708700
83.82117410,-10.62992000,3.30708700
83.88517410,-5.90551100,3.30708700
83.94917410,-9.05511800,3.30708700
84.01317410,-8.66141700,3.30708700
84.07717409,-10.23622000,3.30708700
84.14117409,-5.90551100,3.30708700
84.20517409,-11.02362000,3.30708700
84.26917409,-6.29921200,3.30708700
84.33317409,-8.66141700,3.30708700
84.39717408,-8.66141700,3.30708700
84.46117408,-11.02362000,3.30708700
84.52517408,-5.11811000,3.30708700
84.58917408,-8.66141700,3.30708700
84.65317408,-7.48031400,3.30708700
84.71717408,-2.75590500,3.30708700
84.78117407,-5.90551100,3.30708700
84.84517407,-5.90551100,3.30708700
84.90917407,-5.90551100,3.30708700
84.97317407,-3.93700800,3.30708700
85.03717407,-11.41732000,3.30708700
85.10117406,-1.18110200,3.30708700
85.16517406,-5.90551100,3.30708700
85.22917406,-4.33070900,3.30708700
85.29317406,-4.72440900,3.30708700
85.35717406,-0.78740150,3.30708700
85.42117406,-10.62992000,3.30708700
85.48517405,-6.69291300,3.30708700
85.54917405,-6.69291300,3.30708700
85.61317405,-9.05511800,3.30708700
85.67717405,-9.44881800,3.30708700
85.74117405,-3.93700800,3.30708700
85.80517404,-10.62992000,3.30708700
85.86917404,-11.81102000,3.30708700
85.93317404,-6.69291300,3.30708700
85.99717404,-10.23622000,3.30708700
86.06117404,-11.02362000,3.30708700
86.12517404,-8.66141700,3.30708700
86.18917403,-6.69291300,3.30708700
86.25317403,-11.41732000,3.30708700
86.31717403,-4.72440900,3.30708700
86.38117403,-10.23622000,3.30708700
86.44517403,-6.29921200,3.30708700
86.50917402,-11.41732000,3.30708700
86.57317402,-3.93700800,3.30708700
86.63717402,-11.02362000,3.30708700
86.70117402,-6.69291300,3.30708700
86.76517402,-4.72440900,3.30708700
86.82917402,-5.11811000,3.30708700
86.89317401,-8.66141700,3.30708700
86.95717401,-5.51181100,3.30708700
87.02117401,-6.69291300,3.30708700
87.08517401,-11.02362000,3.30708700
87.14917401,-6.69291300,3.30708700
87.21317400,-6.69291300,3.30708700
87.27717400,-7.48031400,3.30708700
87.34117400,-5.90551100,3.30708700
87.40517400,-2.75590500,3.30708700
87.46917400,-10.23622000,3.30708700
87.53317400,-5.11811000,3.30708700
87.59717399,-4.33070900,3.30708700
87.66117399,-3.54330700,3.30708700
87.72517399,-7.48031400,3.30708700
87.78917399,0.39370070,3.30708700
87.85317399,-5.51181100,3.30708700
87.91717398,-4.33070900,3.30708700
87.98117398,-5.51181100,3.30708700
88.04517398,-5.11811000,3.30708700
88.10917398,-9.84251900,3.30708700
88.17317398,-7.08661400,3.30708700
88.23717398,-5.90551100,3.30708700
88.30117397,-10.62992000,3.30708700
88.36517397,-7.08661400,3.30708700
88.42917397,-9.05511800,3.30708700
88.49317397,-8.26771600,3.30708700
88.55717397,-15.35433000,3.30708700
88.62117396,-6.29921200,3.30708700
88.68517396,-11.81102000,3.22834600
88.74917396,-9.05511800,3.30708700
88.81317396,-8.66141700,3.30708700
88.87717396,-6.29921200,3.22834600
88.94117396,-11.81102000,3.30708700
89.00517395,-5.51181100,3.30708700
89.06917395,-6.69291300,3.30708700
89.13317395,-8.26771600,3.30708700
89.19717395,-6.69291300,3.22834600
89.26117395,-1.96850400,3.30708700
89.32517394,-5.90551100,3.30708700
89.38917394,-4.33070900,3.30708700
89.45317394,-1.57480300,3.30708700
89.51717394,-8.66141700,3.30708700
89.58117394,-7.08661400,3.30708700
89.64517394,-6.69291300,3.30708700
89.70917393,-7.48031400,3.30708700
89.77317393,-11.81102000,3.30708700
89.83717393,-2.36220500,3.30708700
89.90117393,-8.66141700,3.30708700
89.96517393,-5.11811000,3.30708700
90.02917393,-6.69291300,3.22834600
90.09317392,-3.93700800,3.30708700
90.15717392,-8.66141700,3.30708700
90.22117392,-1.96850400,3.30708700
90.28517392,-4.33070900,3.30708700
90.34917392,-3.93700800,3.30708700
90.41317391,-1.18110200,3.30708700
90.47717391,-1.96850400,3.30708700
90.54117391,-4.72440900,3.30708700
90.60517391,-5.51181100,3.30708700
90.66917391,-1.96850400,3.30708700
90.73317391,-5.90551100,3.30708700
90.79717390,-3.54330700,3.30708700
90.86117390,-5.51181100,3.30708700
90.92517390,-3.14960600,3.30708700
90.98917390,-7.48031400,3.30708700
91.05317390,-2.75590500,3.30708700
91.11717389,-8.26771600,3.30708700
91.18117389,-7.08661400,3.30708700
91.24517389,-9.05511800,3.30708700
91.30917389,-2.36220500,3.30708700
91.37317389,-7.48031400,3.30708700
91.43717389,-4.33070900,3.30708700
91.50117388,-4.33070900,3.30708700
91.56517388,-4.33070900,3.30708700
91.62917388,-5.90551100,3.30708700
91.69317388,-2.75590500,3.30708700
91.75717388,-3.54330700,3.30708700
91.82117387,-6.29921200,3.30708700
91.88517387,1.57480300,3.30708700
91.94917387,-3.93700800,3.30708700
92.01317387,-4.33070900,3.30708700
92.07717387,-4.33070900,3.30708700
92.14117387,-1.57480300,3.30708700
92.20517386,-10.62992000,3.30708700
92.26917386,-3.14960600,3.30708700
92.33317386,-7.08661400,3.22834600
92.39717386,-7.48031400,3.30708700
92.46117386,-7.08661400,3.30708700
92.52517385,-4.33070900,3.30708700
92.58917385,-10.62992000,3.30708700
92.65317385,-6.69291300,3.30708700
92.71717385,-6.29921200,3.30708700
92.78117385,-7.48031400,3.30708700
92.84517385,-8.66141700,3.30708700
92.90917384,-2.75590500,3.30708700
92.97317384,-3.93700800,3.30708700
93.03717384,-8.26771600,3.30708700
93.10117384,-2.75590500,3.30708700
93.16517384,-7.87401500,3.30708700
93.22917383,-6.69291300,3.30708700
93.29317383,-7.87401500,3.30708700
93.35717383,-1.57480300,3.30708700
93.42117383,-9.44881800,3.30708700
93.48517383,-3.14960600,3.30708700
93.54917383,-5.51181100,3.30708700
93.61317382,-6.29921200,3.30708700
93.67717382,-11.02362000,3.30708700
93.74117382,-5.11811000,3.30708700
93.80517382,-9.84251900,3.30708700
93.86917382,-12.20472000,3.30708700
93.93317381,-6.29921200,3.30708700
93.99717381,-7.48031400,3.30708700
94.06117381,-7.87401500,3.30708700
94.12517381,-5.51181100,3.30708700
94.18917381,-5.51181100,3.22834600
94.25317381,-11.02362000,3.30708700
94.31717380,-3.93700800,3.30708700
94.38117380,-7.08661400,3.22834600
94.44517380,-5.11811000,3.30708700
94.50917380,-6.69291300,3.30708700
94.57317380,-0.39370070,3.30708700
94.63717379,-8.66141700,3.30708700
94.70117379,-5.51181100,3.30708700
94.76517379,-7.48031400,3.30708700
94.82917379,-5.90551100,3.30708700
94.89317379,-9.84251900,3.30708700
94.95717379,-3.93700800,3.30708700
95.02117378,-8.66141700,3.30708700
95.08517378,-9.05511800,3.30708700
95.14917378,-7.87401500,3.30708700
95.21317378,-9.05511800,3.30708700
95.27717378,-9.44881800,3.30708700
95.34117377,-9.05511800,3.30708700
95.40517377,-5.11811000,3.30708700
95.46917377,-8.66141700,3.30708700
95.53317377,-4.33070900,3.30708700
95.59717377,-6.69291300,3.30708700
95.66117377,-4.33070900,3.30708700
95.72517376,-9.84251900,3.30708700
95.78917376,-1.96850400,3.30708700
95.85317376,-6.29921200,3.30708700
95.91717376,-5.11811000,3.30708700
95.98117376,-4.72440900,3.30708700
96.04517375,-1.57480300,3.30708700
96.10917375,-8.66141700,3.30708700
96.17317375,-5.51181100,3.30708700
96.23717375,-7.48031400,3.30708700
96.30117375,-11.41732000,3.30708700
96.36517375,-9.44881800,3.30708700
96.42917374,-6.69291300,3.30708700
96.49317374,-9.44881800,3.30708700
96.55717374,-10.62992000,3.30708700
96.62117374,-3.54330700,3.22834600
96.68517374,-11.41732000,3.30708700
96.74917374,-7.48031400,3.30708700
96.81317373,-8.26771600,3.30708700
96.87717373,-7.48031400,3.30708700
96.94117373,-11.41732000,3.30708700
97.00517373,-1.57480300,3.30708700
97.06917373,-10.23622000,3.30708700
97.13317372,-4.72440900,3.30708700
97.19717372,-5.51181100,3.22834600
97.26117372,-5.11811000,3.30708700
97.32517372,-9.44881800,3.30708700
97.38917372,-6.69291300,3.30708700
97.45317372,-5.51181100,3.30708700
97.51717371,-8.66141700,3.30708700
97.58117371,-5.11811000,3.30708700
97.64517371,-6.69291300,3.30708700
97.70917371,-7.87401500,3.30708700
97.77317371,-10.23622000,3.30708700
97.83717370,-5.90551100,3.30708700
97.90117370,-12.59842000,3.30708700
97.96517370,-7.08661400,3.30708700
98.02917370,-6.69291300,3.30708700
98.09317370,-3.14960600,3.30708700
98.15717370,-7.87401500,3.30708700
98.22117369,-1.96850400,3.30708700
98.28517369,-5.51181100,3.30708700
98.34917369,-4.72440900,3.30708700
98.41317369,-6.29921200,3.30708700
98.47717369,-2.36220500,3.30708700
98.54117368,-6.29921200,3.30708700
98.60517368,-3.93700800,3.30708700
98.66917368,-2.36220500,3.30708700
98.73317368,-7.87401500,3.30708700
98.79717368,-5.90551100,3.22834600
98.86117368,-5.90551100,3.30708700
98.92517367,-5.51181100,3.22834600
98.98917367,-10.62992000,3.30708700
99.05317367,-2.75590500,3.30708700
99.11717367,-7.87401500,3.30708700
99.18117367,-7.08661400,3.22834600
99.24517366,-9.44881800,3.30708700
99.30917366,-7.08661400,3.30708700
99.37317366,-13.77953000,3.22834600
99.43717366,-6.69291300,3.30708700
99.50117366,-7.87401500,3.30708700
99.56517366,-10.62992000,3.22834600
99.62917365,-7.87401500,3.30708700
99.69317365,-3.93700800,3.30708700
99.75717365,-11.02362000,3.22834600
99.82117365,-8.66141700,3.30708700
99.88517365,-7.48031400,3.30708700
99.94917364,-9.44881800,3.22834600
100.01317364,-7.87401500,3.30708700
100.07717364,-8.26771600,3.30708700
100.14117364,-5.11811000,3.30708700
100.20517364,-11.81102000,3.30708700
100.26917364,-5.51181100,3.30708700
100.33317363,-10.62992000,3.30708700
100.39717363,-9.44881800,3.30708700
100.46117363,-12.99213000,3.30708700
100.52517363,-3.54330700,3.30708700
100.58917363,-10.62992000,3.30708700
100.65317362,-6.29921200,3.30708700
100.71717362,-4.72440900,3.30708700
100.78117362,-5.90551100,3.30708700
100.84517362,-8.66141700,3.30708700
100.90917362,-3.93700800,3.30708700
100.97317362,-6.69291300,3.30708700
101.03717361,-9.44881800,3.30708700
101.10117361,-2.36220500,3.30708700
101.16517361,-5.11811000,3.30708700
101.22917361,-6.29921200,3.30708700
101.29317361,-4.33070900,3.30708700
101.35717360,-2.36220500,3.30708700
101.42117360,-10.62992000,3.30708700
101.48517360,-4.33070900,3.30708700
101.54917360,-7.08661400,3.30708700
101.61317360,-6.69291300,3.30708700
101.67717360,-8.26771600,3.30708700
101.74117359,-1.57480300,3.30708700
101.80517359,-11.02362000,3.30708700
101.86917359,-8.66141700,3.30708700
101.93317359,-9.05511800,3.30708700
101.99717359,-8.66141700,3.30708700
102.06117358,-9.05511800,3.30708700
102.12517358,-5.90551100,3.30708700
102.18917358,-5.90551100,3.30708700
102.25317358,-7.87401500,3.30708700
102.31717358,-3.14960600,3.30708700
102.38117358,-8.66141700,3.22834600
102.44517357,-5.11811000,3.30708700
102.50917357,-7.87401500,3.30708700
102.57317357,-1.96850400,3.30708700
102.63717357,-6.69291300,3.30708700
102.70117357,-2.36220500,3.30708700
102.76517356,-4.33070900,3.30708700
102.82917356,-1.57480300,3.30708700
102.89317356,-7.87401500,3.30708700
102.95717356,-3.14960600,3.30708700
103.02117356,-6.69291300,3.30708700
103.08517356,-5.11811000,3.30708700
103.14917355,-4.72440900,3.30708700
103.21317355,-2.75590500,3.30708700
103.27717355,-6.69291300,3.30708700
103.34117355,-5.11811000,3.30708700
103.40517355,-3.93700800,3.30708700
103.46917354,-8.26771600,3.30708700
103.53317354,-4.33070900,3.30708700
103.59717354,-3.54330700,3.30708700
103.66117354,-2.36220500,3.30708700
103.72517354,-8.26771600,3.30708700
103.78917354,0.78740150,3.30708700
103.85317353,-8.26771600,3.30708700
103.91717353,-4.33070900,3.30708700
103.98117353,-6.29921200,3.30708700
104.04517353,-5.90551100,3.30708700
104.10917353,-10.62992000,3.30708700
104.17317353,-3.93700800,3.30708700
104.23717352,-7.08661400,3.30708700
104.30117352,-10.62992000,3.30708700
104.36517352,-8.26771600,3.30708700
104.42917352,-9.44881800,3.30708700
104.49317352,-11.81102000,3.30708700
104.55717351,-11.02362000,3.30708700
104.62117351,-7.87401500,3.30708700
104.68517351,-12.59842000,3.30708700
104.74917351,-5.90551100,3.30708700
104.81317351,-7.87401500,3.30708700
104.87717351,-6.69291300,3.30708700
104.94117350,-11.02362000,3.30708700
105.00517350,-3.93700800,3.22834600
105.06917350,-11.41732000,3.22834600
105.13317350,-6.29921200,3.30708700
105.19717350,-9.05511800,3.30708700
105.26117349,-1.57480300,3.30708700
105.32517349,-10.23622000,3.30708700
105.38917349,-2.36220500,3.30708700
105.45317349,-7.08661400,3.30708700
105.51717349,-8.66141700,3.30708700
105.58117349,-6.29921200,3.30708700
105.64517348,-4.72440900,3.30708700
105.70917348,-8.66141700,3.30708700
105.77317348,-10.23622000,3.30708700
105.83717348,-2.36220500,3.30708700
105.90117348,-11.41732000,3.30708700
105.96517347,-7.87401500,3.30708700
106.02917347,-8.26771600,3.30708700
106.09317347,-7.08661400,3.30708700
106.15717347,-10.62992000,3.30708700
106.22117347,-2.36220500,3.30708700
106.28517347,-7.08661400,3.30708700
106.34917346,-5.90551100,3.30708700
106.41317346,-6.69291300,3.30708700
106.47717346,-3.93700800,3.30708700
106.54117346,-11.81102000,3.30708700
106.60517346,-7.87401500,3.30708700
106.66917345,-6.69291300,3.30708700
106.73317345,-7.08661400,3.30708700
106.79717345,-6.69291300,3.30708700
106.86117345,-6.69291300,3.30708700
106.92517345,-7.87401500,3.30708700
106.98917345,-11.81102000,3.30708700
107.05317344,-5.90551100,3.30708700
107.11717344,-11.81102000,3.30708700
107.18117344,-8.66141700,3.30708700
107.24517344,-11.02362000,3.30708700
107.30917344,-4.33070900,3.30708700
107.37317343,-11.81102000,3.30708700
107.43717343,-7.87401500,3.30708700
107.50117343,-8.26771600,3.30708700
107.56517343,-9.05511800,3.22834600
107.62917343,-12.99213000,3.30708700
107.69317343,-4.72440900,3.22834600
107.75717342,-12.20472000,3.30708700
107.82117342,-7.48031400,3.30708700
107.88517342,-1.96850400,3.30708700
107.94917342,-4.72440900,3.30708700
108.01317342,-7.87401500,3.30708700
108.07717341,-6.69291300,3.30708700
108.14117341,-2.36220500,3.30708700
108.20517341,-9.84251900,3.30708700
108.26917341,-2.36220500,3.30708700
108.33317341,-5.51181100,3.30708700
108.39717341,-7.87401500,3.30708700
108.46117340,-9.44881800,3.30708700
108.52517340,-3.93700800,3.30708700
108.58917340,-15.74803000,3.22834600
108.65317340,-7.08661400,3.30708700
108.71717340,-6.69291300,3.30708700
108.78117339,-6.69291300,3.30708700
108.84517339,-7.48031400,3.30708700
108.90917339,-2.75590500,3.30708700
108.97317339,-6.69291300,3.30708700
109.03717339,-7.87401500,3.30708700
109.10117339,-5.51181100,3.30708700
109.16517338,-8.66141700,3.30708700
109.22917338,-7.08661400,3.30708700
109.29317338,-6.29921200,3.30708700
109.35717338,-1.96850400,3.30708700
109.42117338,-9.84251900,3.30708700
109.48517337,-3.93700800,3.30708700
109.54917337,-6.69291300,3.30708700
109.61317337,-5.51181100,3.30708700
109.67717337,-10.62992000,3.30708700
109.74117337,-5.11811000,3.30708700
109.80517337,-8.66141700,3.30708700
109.86917336,-7.87401500,3.30708700
109.93317336,-10.23622000,3.22834600
109.99717336,-7.48031400,3.30708700
110.06117336,-11.81102000,3.30708700
110.12517336,-7.48031400,3.30708700
110.18917335,-6.29921200,3.30708700
110.25317335,-9.44881800,3.30708700
110.31717335,-5.11811000,3.30708700
110.38117335,-3.93700800,3.30708700
110.44517335,-6.29921200,3.22834600
110.50917335,-8.66141700,3.30708700
110.57317334,-1.96850400,3.30708700
110.63717334,-9.44881800,3.22834600
110.70117334,-5.11811000,3.30708700
110.76517334,-7.48031400,3.30708700
110.82917334,-4.33070900,3.30708700
110.89317334,-9.05511800,3.30708700
110.95717333,-2.75590500,3.22834600
111.02117333,-7.87401500,3.30708700
111.08517333,-10.62992000,3.22834600
111.14917333,-8.66141700,3.30708700
111.21317333,-8.66141700,3.30708700
111.27717332,-11.02362000,3.30708700
111.34117332,-9.05511800,3.30708700
111.40517332,-5.51181100,3.30708700
111.46917332,-10.23622000,3.22834600
111.53317332,-5.11811000,3.30708700
111.59717332,-7.08661400,3.30708700
111.66117331,-7.08661400,3.30708700
111.72517331,-9.84251900,3.30708700
111.78917331,-1.96850400,3.30708700
111.85317331,-5.90551100,3.30708700
111.91717331,-3.54330700,3.30708700
111.98117330,-4.33070900,3.30708700
112.04517330,-1.57480300,3.30708700
112.10917330,-9.05511800,3.30708700
112.17317330,-3.54330700,3.30708700
112.23717330,-5.51181100,3.30708700
112.30117330,-7.87401500,3.30708700
112.36517329,-7.08661400,3.30708700
112.42917329,-5.11811000,3.30708700
112.49317329,-7.48031400,3.30708700
112.55717329,-10.62992000,3.30708700
112.62117329,-4.72440900,3.30708700
112.68517328,-11.81102000,3.30708700
112.74917328,-8.26771600,3.22834600
112.81317328,-7.08661400,3.30708700
112.87717328,-3.54330700,3.30708700
112.94117328,-10.23622000,3.30708700
113.00517328,-1.96850400,3.30708700
113.06917327,-5.90551100,3.30708700
113.13317327,-6.29921200,3.30708700
113.19717327,-5.11811000,3.30708700
113.26117327,-1.57480300,3.30708700
113.32517327,-8.26771600,3.22834600
113.38917326,-2.36220500,3.30708700
113.45317326,-1.57480300,3.30708700
113.51717326,-3.54330700,3.30708700
113.58117326,-3.54330700,3.30708700
113.64517326,-2.75590500,3.30708700
113.70917326,-4.33070900,3.30708700
113.77317325,-7.48031400,3.30708700
113.83717325,-1.96850400,3.30708700
113.90117325,-6.29921200,3.30708700
113.96517325,-3.54330700,3.22834600
114.02917325,-5.90551100,3.30708700
114.09317324,0.39370070,3.30708700
114.15717324,-7.87401500,3.30708700
114.22117324,-1.96850400,3.30708700
114.28517324,-2.36220500,3.30708700
114.34917324,-1.57480300,3.30708700
114.41317324,-3.54330700,3.30708700
114.47717323,2.75590500,3.30708700
114.54117323,-1.96850400,3.30708700
114.60517323,-4.33070900,3.30708700
114.66917323,0.39370070,3.30708700
114.73317323,-4.33070900,3.30708700
114.79717322,-6.29921200,3.30708700
114.86117322,-2.36220500,3.30708700
114.92517322,-0.39370070,3.30708700
114.98917322,-8.66141700,3.30708700
115.05317322,-2.75590500,3.30708700
115.11717322,-5.51181100,3.30708700
115.18117321,-8.66141700,3.30708700
115.24517321,-10.62992000,3.30708700
115.30917321,-4.33070900,3.30708700
115.37317321,-13.77953000,3.30708700
115.43717321,-5.90551100,3.30708700
115.50117320,-6.69291300,3.22834600
115.56517320,-7.48031400,3.30708700
115.62917320,-9.84251900,3.30708700
115.69317320,-8.26771600,3.30708700
115.75717320,-9.05511800,3.30708700
115.82117320,-10.62992000,3.30708700
115.88517319,-4.72440900,3.30708700
115.94917319,-6.69291300,3.30708700
116.01317319,-4.33070900,3.30708700
116.07717319,-5.51181100,3.30708700
116.14117319,-2.36220500,3.30708700
116.20517318,-8.66141700,3.30708700
116.26917318,-2.75590500,3.30708700
116.33317318,-6.69291300,3.30708700
116.39717318,-4.72440900,3.30708700
116.46117318,-8.66141700,3.30708700
116.52517318,-3.14960600,3.30708700
116.58917317,-8.66141700,3.30708700
116.65317317,-6.69291300,3.30708700
116.71717317,-7.87401500,3.30708700
116.78117317,-5.11811000,3.30708700
116.84517317,-7.08661400,3.30708700
116.90917316,-4.33070900,3.30708700
116.97317316,-2.36220500,3.30708700
117.03717316,-5.11811000,3.30708700
117.10117316,-3.14960600,3.30708700
117.16517316,-3.93700800,3.30708700
117.22917316,-6.29921200,3.30708700
117.29317315,-9.44881800,3.30708700
117.35717315,-0.78740150,3.30708700
117.42117315,-9.44881800,3.30708700
117.48517315,-3.93700800,3.30708700
117.54917315,-5.90551100,3.30708700
117.61317314,-4.33070900,3.30708700
117.67717314,-11.02362000,3.30708700
117.74117314,-5.90551100,3.30708700
117.80517314,-11.02362000,3.30708700
117.86917314,-11.81102000,3.30708700
117.93317314,-7.87401500,3.30708700
117.99717313,-8.66141700,3.30708700
118.06117313,-12.20472000,3.30708700
118.12517313,-8.66141700,3.30708700
118.18917313,-7.87401500,3.30708700
118.25317313,-11.41732000,3.30708700
118.31717313,-6.29921200,3.22834600
118.38117312,-8.66141700,3.30708700
118.44517312,-6.69291300,3.22834600
118.50917312,-8.26771600,3.30708700
118.57317312,-1.57480300,3.30708700
118.63717312,-8.26771600,3.22834600
118.70117311,-4.33070900,3.30708700
118.76517311,-7.08661400,3.30708700
118.82917311,-4.33070900,3.30708700
118.89317311,-10.62992000,3.30708700
118.95717311,-3.93700800,3.30708700
119.02117311,-6.69291300,3.30708700
119.08517310,-7.87401500,3.30708700
119.14917310,-5.11811000,3.30708700
119.21317310,-5.90551100,3.30708700
119.27717310,-9.44881800,3.30708700
119.34117310,-9.44881800,3.30708700
119.40517309,-3.54330700,3.30708700
119.46917309,-11.41732000,3.30708700
119.53317309,-4.72440900,3.30708700
119.59717309,-5.11811000,3.30708700
119.66117309,-3.93700800,3.30708700
119.72517309,-8.26771600,3.30708700
119.78917308,-1.96850400,3.30708700
119.85317308,-8.66141700,3.30708700
119.91717308,-7.08661400,3.30708700
119.98117308,-5.11811000,3.30708700
120.04517308,-2.75590500,3.30708700
120.10917307,-9.44881800,3.30708700
120.17317307,-3.54330700,3.30708700
120.23717307,-5.51181100,3.30708700
120.30117307,-8.66141700,3.30708700
120.36517307,-7.87401500,3.30708700
120.42917307,-7.87401500,3.30708700
120.49317306,-9.84251900,3.30708700
120.55717306,-10.62992000,3.30708700
120.62117306,-4.72440900,3.30708700
120.68517306,-11.81102000,3.30708700
120.74917306,-7.48031400,3.30708700
120.81317305,-9.44881800,3.30708700
120.87717305,-6.29921200,3.30708700
120.94117305,-11.81102000,3.30708700
121.00517305,-5.90551100,3.22834600
121.06917305,-7.08661400,3.30708700
121.13317305,-6.69291300,3.22834600
121.19717304,-8.66141700,3.30708700
121.26117304,-5.51181100,3.30708700
121.32517304,-9.44881800,3.30708700
121.38917304,-8.26771600,3.30708700
121.45317304,-4.72440900,3.30708700
121.51717303,-7.08661400,3.30708700
121.58117303,-6.69291300,3.30708700
121.64517303,-3.54330700,3.30708700
121.70917303,-3.54330700,3.30708700
121.77317303,-11.02362000,3.30708700
121.83717303,-5.51181100,3.30708700
121.90117302,-10.23622000,3.30708700
121.96517302,-9.84251900,3.30708700
122.02917302,-8.66141700,3.30708700
122.09317302,-3.14960600,3.30708700
122.15717302,-12.59842000,3.22834600
122.22117301,-3.54330700,3.30708700
122.28517301,-7.08661400,3.30708700
122.34917301,-7.87401500,3.30708700
122.41317301,-8.66141700,3.30708700
122.47717301,-4.33070900,3.30708700
122.54117301,-8.26771600,3.30708700
122.60517300,-8.26771600,3.30708700
122.66917300,-2.75590500,3.30708700
122.73317300,-8.66141700,3.30708700
122.79717300,-6.69291300,3.30708700
122.86117300,-7.48031400,3.30708700
122.92517299,-7.87401500,3.30708700
122.98917299,-11.41732000,3.30708700
123.05317299,-4.33070900,3.30708700
123.11717299,-8.66141700,3.30708700
123.18117299,-5.90551100,3.30708700
123.24517299,-8.66141700,3.30708700
123.30917298,-4.72440900,3.30708700
123.37317298,-11.41732000,3.30708700
123.43717298,-5.90551100,3.30708700
123.50117298,-9.44881800,3.30708700
123.56517298,-5.51181100,3.30708700
123.62917297,-6.29921200,3.30708700
123.69317297,-1.96850400,3.30708700
123.75717297,-3.93700800,3.30708700
123.82117297,-4.33070900,3.30708700
123.88517297,-1.18110200,3.30708700
123.94917297,-3.93700800,3.30708700
124.01317296,-0.39370070,3.30708700
124.07717296,-3.14960600,3.30708700
124.14117296,1.96850400,3.30708700
124.20517296,-4.72440900,3.30708700
124.26917296,2.36220500,3.30708700
124.33317295,-1.96850400,3.30708700
124.39717295,-2.36220500,3.30708700
124.46117295,-4.33070900,3.30708700
124.52517295,0.00000000,3.30708700
124.58917295,-5.90551100,3.30708700
124.65317295,-2.75590500,3.30708700
124.71717294,0.39370070,3.30708700
124.78117294,-2.36220500,3.30708700
124.84517294,-4.33070900,3.30708700
124.90917294,-0.39370070,3.30708700
124.97317294,-2.75590500,3.30708700
125.03717293,-4.33070900,3.30708700
125.10117293,1.18110200,3.30708700
125.16517293,-2.36220500,3.30708700
125.22917293,-3.54330700,3.30708700
125.29317293,-4.33070900,3.30708700
125.35717293,0.78740150,3.30708700
125.42117292,-8.66141700,3.30708700
125.48517292,-1.57480300,3.30708700
125.54917292,-5.11811000,3.30708700
125.61317292,-2.75590500,3.30708700
125.67717292,-5.90551100,3.30708700
125.74117292,-1.57480300,3.30708700
125.80517291,-6.69291300,3.30708700
125.86917291,-6.69291300,3.30708700
125.93317291,-4.72440900,3.30708700
125.99717291,-8.26771600,3.30708700
126.06117291,-8.66141700,3.30708700
126.12517290,-6.69291300,3.22834600
126.18917290,-2.36220500,3.30708700
126.25317290,-8.26771600,3.30708700
126.31717290,-1.18110200,3.22834600
126.38117290,-3.93700800,3.30708700
126.44517290,-3.93700800,3.30708700
126.50917289,-5.90551100,3.30708700
126.57317289,1.96850400,3.30708700
126.63717289,-6.69291300,3.30708700
126.70117289,0.78740150,3.30708700
126.76517289,-0.78740150,3.30708700
126.82917288,0.39370070,3.30708700
126.89317288,-4.33070900,3.30708700
126.95717288,3.14960600,3.30708700
127.02117288,-3.14960600,3.30708700
127.08517288,-3.93700800,3.30708700
127.14917288,0.39370070,3.30708700
127.21317287,-3.54330700,3.30708700
127.27717287,-3.14960600,3.30708700
127.34117287,-2.75590500,3.30708700
127.40517287,0.39370070,3.30708700
127.46917287,-7.48031400,3.30708700
127.53317286,0.00000000,3.30708700
127.59717286,-3.14960600,3.30708700
127.66117286,0.39370070,3.30708700
127.72517286,-2.36220500,3.30708700
127.78917286,3.54330700,3.30708700
127.85317286,-2.36220500,3.22834600
127.91717285,-0.39370070,3.30708700
127.98117285,-2.36220500,3.30708700
128.04517285,-1.18110200,3.30708700
128.10917285,-4.33070900,3.30708700
128.17317285,-0.39370070,3.30708700
128.23717284,-0.78740150,3.30708700
128.30117284,-2.75590500,3.30708700
128.36517284,-2.75590500,3.30708700
128.42917284,-3.14960600,3.30708700
128.49317284,-4.72440900,3.30708700
128.55717284,-8.66141700,3.30708700
128.62117283,-3.93700800,3.30708700
128.68517283,-9.84251900,3.30708700
128.74917283,-6.69291300,3.30708700
128.81317283,-7.08661400,3.30708700
128.87717283,-5.11811000,3.30708700
128.94117282,-11.02362000,3.22834600
129.00517282,-4.72440900,3.22834600
129.06917282,-8.66141700,3.30708700
129.13317282,-9.84251900,3.22834600
129.19717282,-6.29921200,3.30708700
129.26117282,-5.90551100,3.30708700
129.32517281,-7.87401500,3.30708700
129.38917281,-5.11811000,3.30708700
129.45317281,-4.33070900,3.30708700
129.51717281,-10.23622000,3.30708700
129.58117281,-5.11811000,3.22834600
129.64517280,-5.11811000,3.30708700
129.70917280,-7.48031400,3.30708700
129.77317280,-7.08661400,3.30708700
129.83717280,-2.75590500,3.30708700
129.90117280,-11.02362000,3.30708700
129.96517280,-5.90551100,3.30708700
130.02917279,-8.26771600,3.30708700
130.09317279,-7.08661400,3.30708700
130.15717279,-11.41732000,3.30708700
130.22117279,-2.75590500,3.30708700
130.28517279,-8.26771600,3.30708700
130.34917278,-4.33070900,3.30708700
130.41317278,-3.54330700,3.30708700
130.47717278,-4.33070900,3.30708700
130.54117278,-7.08661400,3.30708700
130.60517278,-6.69291300,3.30708700
130.66917278,-3.54330700,3.30708700
130.73317277,-7.87401500,3.30708700
130.79717277,-3.14960600,3.30708700
130.86117277,-5.11811000,3.30708700
130.92517277,-3.93700800,3.30708700
130.98917277,-7.87401500,3.30708700
131.05317276,-2.75590500,3.30708700
131.11717276,-10.23622000,3.30708700
131.18117276,-9.05511800,3.30708700
131.24517276,-9.05511800,3.30708700
131.30917276,-6.69291300,3.30708700
131.37317276,-12.59842000,3.30708700
131.43717275,-7.08661400,3.30708700
131.50117275,-9.44881800,3.22834600
131.56517275,-9.84251900,3.30708700
131.62917275,-10.23622000,3.30708700
131.69317275,-7.87401500,3.30708700
131.75717274,-10.62992000,3.30708700
131.82117274,-8.66141700,3.30708700
131.88517274,-4.33070900,3.22834600
131.94917274,-9.84251900,3.30708700
132.01317274,-6.69291300,3.22834600
132.07717274,-7.87401500,3.30708700
132.14117273,-5.11811000,3.30708700
132.20517273,-11.81102000,3.30708700
132.26917273,-3.14960600,3.30708700
132.33317273,-7.48031400,3.30708700
132.39717273,-5.51181100,3.30708700
132.46117273,-7.48031400,3.30708700
132.52517272,-5.11811000,3.30708700
132.58917272,-11.81102000,3.30708700
132.65317272,-9.44881800,3.30708700
132.71717272,-7.48031400,3.30708700
132.78117272,-9.05511800,3.22834600
132.84517271,-8.26771600,3.30708700
132.90917271,-3.54330700,3.30708700
132.97317271,-2.75590500,3.30708700
133.03717271,-5.90551100,3.30708700
133.10117271,-1.18110200,3.30708700
133.16517271,-4.72440900,3.30708700
133.22917270,-4.33070900,3.30708700
133.29317270,-3.93700800,3.30708700
133.35717270,1.18110200,3.30708700
133.42117270,-7.08661400,3.30708700
133.48517270,1.18110200,3.30708700
133.54917269,-1.96850400,3.30708700
133.61317269,-2.36220500,3.30708700
133.67717269,-5.51181100,3.30708700
133.74117269,1.18110200,3.30708700
133.80517269,-5.90551100,3.30708700
133.86917269,-4.33070900,3.30708700
133.93317268,-1.96850400,3.30708700
133.99717268,-6.69291300,3.30708700
134.06117268,-5.11811000,3.30708700
134.12517268,-4.33070900,3.30708700
134.18917268,-5.51181100,3.30708700
134.25317267,-10.62992000,3.30708700
134.31717267,-2.36220500,3.30708700
134.38117267,-5.90551100,3.30708700
134.44517267,-4.72440900,3.30708700
134.50917267,-5.90551100,3.30708700
134.57317267,-2.75590500,3.30708700
134.63717266,-8.26771600,3.22834600
134.70117266,-3.14960600,3.30708700
134.76517266,-7.08661400,3.22834600
134.82917266,-4.33070900,3.30708700
134.89317266,-5.11811000,3.30708700
134.95717265,-0.78740150,3.30708700
135.02117265,-4.33070900,3.30708700
135.08517265,-3.93700800,3.30708700
135.14917265,-4.33070900,3.30708700
135.21317265,-5.51181100,3.30708700
135.27717265,-5.51181100,3.30708700
135.34117264,-6.69291300,3.30708700
135.40517264,-2.36220500,3.30708700
135.46917264,-7.87401500,3.30708700
135.53317264,-1.18110200,3.30708700
135.59717264,-4.72440900,3.30708700
135.66117263,-2.75590500,3.30708700
135.72517263,-6.69291300,3.30708700
135.78917263,0.39370070,3.30708700
135.85317263,-5.90551100,3.30708700
135.91717263,-2.75590500,3.30708700
135.98117263,-1.57480300,3.30708700
136.04517262,-0.78740150,3.30708700
136.10917262,-4.33070900,3.30708700
136.17317262,0.39370070,3.30708700
136.23717262,-2.36220500,3.30708700
136.30117262,-4.33070900,3.30708700
136.36517261,0.00000000,3.30708700
136.42917261,-1.57480300,3.30708700
136.49317261,-4.72440900,3.30708700
136.55717261,-3.93700800,3.30708700
136.62117261,-1.96850400,3.30708700
136.68517261,-10.23622000,3.30708700
136.74917260,-4.33070900,3.30708700
136.81317260,-8.26771600,3.30708700
136.87717260,-6.29921200,3.30708700
136.94117260,-9.05511800,3.30708700
137.00517260,-0.78740150,3.22834600
137.06917259,-7.87401500,3.30708700
137.13317259,-5.11811000,3.30708700
137.19717259,-4.33070900,3.30708700
137.26117259,-4.33070900,3.30708700
137.32517259,-7.08661400,3.30708700
137.38917259,-2.75590500,3.30708700
137.45317258,-1.57480300,3.30708700
137.51717258,-4.33070900,3.30708700
137.58117258,0.00000000,3.30708700
137.64517258,0.00000000,3.30708700
137.70917258,-3.14960600,3.30708700
137.77317257,-3.93700800,3.30708700
137.83717257,1.57480300,3.30708700
137.90117257,-5.90551100,3.30708700
137.96517257,-2.36220500,3.30708700
138.02917257,0.00000000,3.30708700
138.09317257,0.39370070,3.30708700
138.15717256,-5.90551100,3.30708700
138.22117256,3.14960600,3.30708700
138.28517256,-3.14960600,3.30708700
138.34917256,-0.39370070,3.30708700
138.41317256,0.39370070,3.30708700
138.47717255,3.93700800,3.30708700
138.54117255,-0.78740150,3.30708700
138.60517255,3.14960600,3.30708700
138.66917255,4.72440900,3.30708700
138.73317255,-1.96850400,3.30708700
138.79717255,1.96850400,3.30708700
138.86117254,0.78740150,3.30708700
138.92517254,1.96850400,3.30708700
138.98917254,-0.78740150,3.30708700
139.05317254,5.51181100,3.30708700
139.11717254,0.39370070,3.30708700
139.18117253,1.96850400,3.30708700
139.24517253,-1.57480300,3.30708700
139.30917253,0.39370070,3.30708700
139.37317253,-5.51181100,3.30708700
139.43717253,0.00000000,3.30708700
139.50117253,-1.57480300,3.30708700
139.56517252,-1.57480300,3.30708700
139.62917252,-2.36220500,3.30708700
139.69317252,3.54330700,3.30708700
139.75717252,-0.78740150,3.30708700
139.82117252,-2.36220500,3.30708700
139.88517252,1.57480300,3.30708700
139.94917251,-1.57480300,3.30708700
140.01317251,0.00000000,3.30708700
140.07717251,1.96850400,3.30708700
140.14117251,4.72440900,3.30708700
140.20517251,-3.54330700,3.30708700
140.26917250,5.11811000,3.30708700
140.33317250,0.00000000,3.30708700
140.39717250,-0.39370070,3.30708700
140.46117250,-1.18110200,3.30708700
140.52517250,4.33070900,3.30708700
140.58917250,-3.54330700,3.30708700
140.65317249,1.57480300,3.30708700
140.71717249,0.78740150,3.30708700
140.78117249,-1.96850400,3.30708700
140.84517249,-2.36220500,3.30708700
140.90917249,2.75590500,3.22834600
140.97317248,-1.96850400,3.30708700
141.03717248,-0.39370070,3.30708700
141.10117248,5.11811000,3.30708700
141.16517248,1.57480300,3.30708700
141.22917248,2.75590500,3.30708700
141.29317248,1.96850400,3.30708700
141.35717247,2.75590500,3.30708700
141.42117247,-2.75590500,3.30708700
141.48517247,4.33070900,3.30708700
141.54917247,-0.78740150,3.30708700
141.61317247,3.93700800,3.30708700
141.67717246,1.96850400,3.30708700
141.74117246,5.90551100,3.30708700
141.80517246,-1.18110200,3.30708700
141.86917246,0.78740150,3.30708700
141.93317246,-0.78740150,3.30708700
141.99717246,-0.39370070,3.30708700
142.06117245,-1.57480300,3.30708700
142.12517245,0.00000000,3.30708700
142.18917245,1.57480300,3.30708700
142.25317245,-1.96850400,3.30708700
142.31717245,2.36220500,3.30708700
142.38117244,-1.18110200,3.30708700
142.44517244,0.00000000,3.30708700
142.50917244,-1.18110200,3.30708700
142.57317244,4.33070900,3.30708700
142.63717244,-1.96850400,3.30708700
142.70117244,2.75590500,3.30708700
142.76517243,1.96850400,3.22834600
142.82917243,2.36220500,3.30708700
142.89317243,-1.96850400,3.30708700
142.95717243,4.72440900,3.30708700
143.02117243,-1.96850400,3.30708700
143.08517242,1.96850400,3.30708700
143.14917242,3.14960600,3.30708700
143.21317242,2.36220500,3.30708700
143.27717242,-1.57480300,3.30708700
143.34117242,1.57480300,3.30708700
143.40517242,1.57480300,3.30708700
143.46917241,-3.54330700,3.30708700
143.53317241,1.96850400,3.30708700
143.59717241,-0.39370070,3.30708700
143.66117241,2.75590500,3.30708700
143.72517241,0.39370070,3.30708700
143.78917240,6.69291300,3.30708700
143.85317240,0.00000000,3.30708700
143.91717240,3.14960600,3.30708700
143.98117240,1.57480300,3.30708700
144.04517240,2.36220500,3.30708700
144.10917240,-1.18110200,3.30708700
144.17317239,5.90551100,3.30708700
144.23717239,3.54330700,3.30708700
144.30117239,2.75590500,3.30708700
144.36517239,3.93700800,3.30708700
144.42917239,3.93700800,3.30708700
144.49317238,-1.57480300,3.30708700
144.55717238,1.18110200,3.30708700
144.62117238,2.36220500,3.30708700
144.68517238,-3.14960600,3.30708700
144.74917238,1.57480300,3.30708700
144.81317238,0.78740150,3.30708700
144.87717237,-1.18110200,3.30708700
144.94117237,-5.90551100,3.30708700
145.00517237,1.96850400,3.30708700
145.06917237,-6.69291300,3.22834600
145.13317237,-1.18110200,3.30708700
145.19717236,-1.96850400,3.30708700
145.26117236,-1.57480300,3.30708700
145.32517236,-5.90551100,3.30708700
145.38917236,-0.39370070,3.22834600
145.45317236,-4.72440900,3.22834600
145.51717236,-6.69291300,3.30708700
145.58117235,-4.33070900,3.30708700
145.64517235,-3.54330700,3.30708700
145.70917235,-4.33070900,3.30708700
145.77317235,-4.72440900,3.30708700
145.83717235,-2.75590500,3.30708700
145.90117234,-7.08661400,3.30708700
145.96517234,-6.29921200,3.30708700
146.02917234,-8.66141700,3.22834600
146.09317234,-7.08661400,3.30708700
146.15717234,-11.41732000,3.30708700
146.22117234,-4.33070900,3.30708700
146.28517233,-8.66141700,3.30708700
146.34917233,-5.51181100,3.30708700
146.41317233,-9.05511800,3.30708700
146.47717233,-2.75590500,3.30708700
146.54117233,-9.44881800,3.30708700
146.60517233,-6.69291300,3.30708700
146.66917232,-5.90551100,3.30708700
146.73317232,-7.08661400,3.30708700
146.79717232,-7.08661400,3.30708700
146.86117232,-4.33070900,3.30708700
146.92517232,-5.51181100,3.30708700
146.98917231,-11.02362000,3.30708700
147.05317231,-4.33070900,3.30708700
147.11717231,-9.05511800,3.30708700
147.18117231,-9.05511800,3.30708700
147.24517231,-9.05511800,3.30708700
147.30917231,-5.90551100,3.30708700
147.37317230,-13.38583000,3.30708700
147.43717230,-7.48031400,3.30708700
147.50117230,-10.62992000,3.30708700
147.56517230,-12.59842000,3.30708700
147.62917230,-13.77953000,3.30708700
147.69317229,-8.66141700,3.22834600
147.75717229,-11.02362000,3.30708700
147.82117229,-6.69291300,3.22834600
147.88517229,-6.29921200,3.30708700
147.94917229,-6.69291300,3.30708700
148.01317229,-8.66141700,3.30708700
148.07717228,-6.29921200,3.30708700
148.14117228,-6.69291300,3.30708700
148.20517228,-7.87401500,3.30708700
148.26917228,-1.18110200,3.30708700
148.33317228,-5.51181100,3.22834600
148.39717227,-1.18110200,3.30708700
148.46117227,-5.11811000,3.30708700
148.52517227,1.96850400,3.30708700
148.58917227,-7.48031400,3.30708700
148.65317227,-3.14960600,3.30708700
148.71717227,-5.90551100,3.30708700
148.78117226,-3.14960600,3.30708700
148.84517226,-6.29921200,3.30708700
148.90917226,-1.18110200,3.30708700
148.97317226,-4.72440900,3.30708700
149.03717226,-3.93700800,3.30708700
149.10117225,-2.75590500,3.30708700
149.16517225,-4.33070900,3.30708700
149.22917225,-4.33070900,3.30708700
149.29317225,0.00000000,3.30708700
149.35717225,1.18110200,3.30708700
149.42117225,-5.51181100,3.30708700
149.48517224,1.18110200,3.30708700
149.54917224,-3.54330700,3.30708700
149.61317224,-4.33070900,3.30708700
149.67717224,-4.72440900,3.30708700
149.74117224,1.18110200,3.30708700
149.80517223,-7.87401500,3.30708700
149.86917223,0.78740150,3.30708700
149.93317223,-6.69291300,3.30708700
149.99717223,-4.72440900,3.30708700
150.06117223,-7.48031400,3.30708700
150.12517223,-3.54330700,3.30708700
150.18917222,-5.11811000,3.22834600
150.25317222,-7.48031400,3.22834600
150.31717222,-3.14960600,3.30708700
150.38117222,-6.29921200,3.30708700
150.44517222,-5.11811000,3.30708700
150.50917221,-7.48031400,3.30708700
150.57317221,-2.75590500,3.30708700
150.63717221,-9.84251900,3.30708700
150.70117221,-3.93700800,3.30708700
150.76517221,-4.33070900,3.30708700
150.82917221,-3.14960600,3.30708700
150.89317220,-7.48031400,3.22834600
150.95717220,1.18110200,3.30708700
151.02117220,-7.87401500,3.30708700
151.08517220,-3.14960600,3.30708700
151.14917220,-3.93700800,3.30708700
151.21317219,-0.78740150,3.30708700
151.27717219,-8.66141700,3.30708700
151.34117219,-1.57480300,3.30708700
151.40517219,-2.75590500,3.30708700
151.46917219,-6.69291300,3.30708700
151.53317219,-2.36220500,3.30708700
151.59717218,-2.36220500,3.30708700
151.66117218,-5.51181100,3.30708700
151.72517218,-5.90551100,3.30708700
151.78917218,1.57480300,3.30708700
151.85317218,-7.08661400,3.30708700
151.91717217,1.18110200,3.30708700
151.98117217,-1.18110200,3.30708700
152.04517217,-1.57480300,3.30708700
152.10917217,-8.26771600,3.30708700
152.17317217,0.39370070,3.30708700
152.23717217,-6.29921200,3.30708700
152.30117216,-4.33070900,3.30708700
152.36517216,-1.57480300,3.30708700
152.42917216,1.18110200,3.30708700
152.49317216,-3.14960600,3.30708700
152.55717216,0.00000000,3.30708700
152.62117215,-2.75590500,3.30708700
152.68517215,-5.90551100,3.30708700
152.74917215,-3.93700800,3.30708700
152.81317215,-2.75590500,3.30708700
152.87717215,-3.54330700,3.30708700
152.94117215,-6.69291300,3.30708700
153.00517214,2.75590500,3.30708700
153.06917214,-3.93700800,3.30708700
153.13317214,-0.78740150,3.30708700
153.19717214,-4.33070900,3.30708700
153.26117214,1.18110200,3.22834600
153.32517213,-4.72440900,3.30708700
153.38917213,1.18110200,3.30708700
153.45317213,-0.39370070,3.30708700
153.51717213,-0.78740150,3.30708700
153.58117213,-1.18110200,3.30708700
153.64517213,1.96850400,3.30708700
153.70917212,-1.96850400,3.30708700
153.77317212,-3.14960600,3.30708700
153.83717212,2.36220500,3.30708700
153.90117212,-1.96850400,3.30708700
153.96517212,-0.78740150,3.30708700
154.02917212,0.00000000,3.30708700
154.09317211,1.18110200,3.30708700
154.15717211,-3.93700800,3.30708700
154.22117211,1.57480300,3.30708700
154.28517211,-2.36220500,3.30708700
154.34917211,0.00000000,3.30708700
154.41317210,0.00000000,3.30708700
154.47717210,5.51181100,3.30708700
154.54117210,-1.96850400,3.30708700
154.60517210,3.54330700,3.30708700
154.66917210,0.39370070,3.30708700
154.73317210,0.39370070,3.30708700
154.79717209,-1.18110200,3.30708700
154.86117209,2.36220500,3.30708700
154.92517209,1.96850400,3.30708700
154.98917209,0.78740150,3.30708700
155.05317209,5.51181100,3.30708700
155.11717208,0.78740150,3.30708700
155.18117208,1.96850400,3.30708700
155.24517208,-0.39370070,3.30708700
155.30917208,2.75590500,3.30708700
155.37317208,-5.11811000,3.30708700
155.43717208,1.57480300,3.30708700
155.50117207,-0.78740150,3.30708700
155.56517207,0.00000000,3.30708700
155.62917207,-2.36220500,3.30708700
155.69317207,1.96850400,3.30708700
155.75717207,-5.11811000,3.30708700
155.82117206,-1.18110200,3.30708700
155.88517206,1.96850400,3.30708700
155.94917206,-0.39370070,3.30708700
156.01317206,-2.36220500,3.30708700
156.07717206,3.93700800,3.30708700
156.14117206,0.00000000,3.30708700
156.20517205,-2.75590500,3.30708700
156.26917205,2.36220500,3.30708700
156.33317205,-1.18110200,3.30708700
156.39717205,0.39370070,3.30708700
156.46117205,0.78740150,3.30708700
156.52517204,5.51181100,3.30708700
156.58917204,-3.14960600,3.30708700
156.65317204,4.33070900,3.30708700
156.71717204,-0.39370070,3.30708700
156.78117204,-0.39370070,3.30708700
156.84517204,-3.93700800,3.30708700
156.90917203,1.96850400,3.30708700
156.97317203,-0.78740150,3.30708700
157.03717203,1.18110200,3.30708700
157.10117203,2.75590500,3.30708700
157.16517203,1.96850400,3.30708700
157.22917202,1.18110200,3.30708700
157.29317202,0.39370070,3.30708700
157.35717202,1.96850400,3.30708700
157.42117202,-1.57480300,3.30708700
157.48517202,2.36220500,3.30708700
157.54917202,1.96850400,3.30708700
157.61317201,2.36220500,3.30708700
157.67717201,-1.57480300,3.30708700
157.74117201,6.29921200,3.30708700
157.80517201,-0.78740150,3.30708700
157.86917201,1.57480300,3.30708700
157.93317200,0.39370070,3.30708700
157.99717200,3.14960600,3.30708700
158.06117200,-4.33070900,3.30708700
158.12517200,3.93700800,3.30708700
158.18917200,0.00000000,3.30708700
158.25317200,-3.93700800,3.30708700
158.31717199,-0.39370070,3.30708700
158.38117199,0.78740150,3.30708700
158.44517199,-3.14960600,3.22834600
158.50917199,-1.96850400,3.30708700
158.57317199,5.90551100,3.30708700
158.63717198,-2.75590500,3.22834600
158.70117198,1.57480300,3.30708700
158.76517198,0.39370070,3.30708700
158.82917198,0.00000000,3.30708700
158.89317198,-3.93700800,3.30708700
158.95717198,4.33070900,3.30708700
159.02117197,-1.18110200,3.30708700
159.08517197,1.18110200,3.30708700
159.14917197,1.96850400,3.30708700
159.21317197,3.93700800,3.30708700
159.27717197,-2.36220500,3.30708700
159.34117196,0.78740150,3.30708700
159.40517196,-0.39370070,3.30708700
159.46917196,-1.96850400,3.30708700
159.53317196,-0.39370070,3.30708700
159.59717196,1.96850400,3.30708700
159.66117196,0.78740150,3.30708700
159.72517195,-1.57480300,3.30708700
159.78917195,4.72440900,3.30708700
159.85317195,-1.57480300,3.30708700
159.91717195,1.96850400,3.30708700
159.98117195,-0.39370070,3.30708700
160.04517194,3.93700800,3.30708700
160.10917194,-2.75590500,3.30708700
160.17317194,3.14960600,3.30708700
160.23717194,-1.18110200,3.30708700
160.30117194,-1.18110200,3.30708700
160.36517194,-2.36220500,3.30708700
160.42917193,0.00000000,3.30708700
160.49317193,-3.93700800,3.30708700
160.55717193,-1.96850400,3.30708700
160.62117193,0.00000000,3.30708700
160.68517193,-5.11811000,3.30708700
160.74917192,-5.90551100,3.30708700
160.81317192,-5.51181100,3.30708700
160.87717192,-5.90551100,3.30708700
160.94117192,-9.84251900,3.30708700
161.00517192,-5.90551100,3.30708700
161.06917192,-9.05511800,3.30708700
161.13317191,-5.51181100,3.30708700
161.19717191,-7.87401500,3.30708700
161.26117191,-4.33070900,3.30708700
161.32517191,-11.81102000,3.30708700
161.38917191,-6.69291300,3.30708700
161.45317191,-9.84251900,3.30708700
161.51717190,-5.90551100,3.30708700
161.58117190,-9.84251900,3.30708700
161.64517190,-5.11811000,3.30708700
161.70917190,-6.29921200,3.30708700
161.77317190,-8.26771600,3.30708700
161.83717189,-5.90551100,3.30708700
161.90117189,-8.26771600,3.30708700
161.96517189,-8.66141700,3.30708700
162.02917189,-9.05511800,3.30708700
162.09317189,-4.72440900,3.30708700
162.15717189,-11.41732000,3.22834600
162.22117188,-5.90551100,3.30708700
162.28517188,-7.48031400,3.30708700
162.34917188,-7.48031400,3.30708700
162.41317188,-10.23622000,3.30708700
162.47717188,-4.33070900,3.30708700
162.54117187,-9.84251900,3.22834600
162.60517187,-4.33070900,3.30708700
162.66917187,-4.72440900,3.30708700
162.73317187,-5.51181100,3.30708700
162.79717187,-9.44881800,3.22834600
162.86117187,-3.54330700,3.30708700
162.92517186,-8.26771600,3.30708700
162.98917186,-8.66141700,3.30708700
163.05317186,-2.36220500,3.30708700
163.11717186,-4.72440900,3.30708700
163.18117186,-3.14960600,3.30708700
163.24517185,-3.93700800,3.30708700
163.30917185,-1.57480300,3.30708700
163.37317185,-11.02362000,3.30708700
163.43717185,-3.14960600,3.30708700
163.50117185,-8.26771600,3.30708700
163.56517185,-6.29921200,3.30708700
163.62917184,-8.26771600,3.30708700
163.69317184,-2.36220500,3.30708700
163.75717184,-7.08661400,3.30708700
163.82117184,-4.72440900,3.30708700
163.88517184,-5.11811000,3.22834600
163.94917183,-4.72440900,3.30708700
164.01317183,-5.90551100,3.30708700
164.07717183,-5.51181100,3.30708700
164.14117183,-3.14960600,3.30708700
164.20517183,-6.29921200,3.30708700
164.26917183,-2.36220500,3.30708700
164.33317182,-2.75590500,3.22834600
164.39717182,-4.33070900,3.30708700
164.46117182,-8.66141700,3.30708700
164.52517182,0.39370070,3.30708700
164.58917182,-6.69291300,3.30708700
164.65317181,-3.93700800,3.30708700
164.71717181,-5.11811000,3.30708700
164.78117181,-1.96850400,3.30708700
164.84517181,-9.44881800,3.30708700
164.90917181,-1.96850400,3.30708700
164.97317181,-5.90551100,3.30708700
165.03717180,-7.48031400,3.30708700
165.10117180,-3.93700800,3.30708700
165.16517180,-1.57480300,3.30708700
165.22917180,-3.93700800,3.30708700
165.29317180,-3.93700800,3.30708700
165.35717179,1.96850400,3.30708700
165.42117179,-6.29921200,3.30708700
165.48517179,-2.36220500,3.30708700
165.54917179,-4.33070900,3.30708700
165.61317179,-2.75590500,3.30708700
165.67717179,-5.11811000,3.30708700
165.74117178,2.75590500,3.30708700
165.80517178,-3.54330700,3.30708700
165.86917178,-3.54330700,3.30708700
165.93317178,-3.14960600,3.30708700
165.99717178,-2.36220500,3.30708700
166.06117177,-8.66141700,3.30708700
166.12517177,-4.33070900,3.30708700
166.18917177,-3.54330700,3.30708700
166.25317177,-4.72440900,3.30708700
166.31717177,-4.72440900,3.30708700
166.38117177,-3.14960600,3.30708700
166.44517176,-5.51181100,3.30708700
166.50917176,-7.87401500,3.30708700
166.57317176,-1.96850400,3.30708700
166.63717176,-7.08661400,3.30708700
166.70117176,-3.54330700,3.30708700
166.76517175,-5.90551100,3.30708700
166.82917175,-0.78740150,3.30708700
166.89317175,-9.05511800,3.30708700
166.95717175,-1.18110200,3.30708700
167.02117175,-5.90551100,3.22834600
167.08517175,-5.51181100,3.30708700
167.14917174,-5.11811000,3.30708700
167.21317174,-0.78740150,3.30708700
167.27717174,-5.90551100,3.22834600
167.34117174,-4.33070900,3.30708700
167.40517174,-1.96850400,3.30708700
167.46917173,-6.29921200,3.30708700
167.53317173,-5.11811000,3.30708700
167.59717173,-3.93700800,3.30708700
167.66117173,-2.75590500,3.30708700
167.72517173,-4.33070900,3.30708700
167.78917173,1.18110200,3.30708700
167.85317172,-2.36220500,3.30708700
167.91717172,0.78740150,3.30708700
167.98117172,-1.96850400,3.30708700
168.04517172,2.36220500,3.30708700
168.10917172,-3.93700800,3.30708700
168.17317172,2.36220500,3.30708700
168.23717171,-0.39370070,3.30708700
168.30117171,3.54330700,3.30708700
168.36517171,0.39370070,3.30708700
168.42917171,3.93700800,3.30708700
168.49317171,1.18110200,3.30708700
168.55717170,-0.39370070,3.30708700
168.62117170,2.75590500,3.30708700
168.68517170,0.00000000,3.30708700
168.74917170,-0.78740150,3.30708700
168.81317170,-1.18110200,3.30708700
168.87717170,2.75590500,3.30708700
168.94117169,-5.51181100,3.30708700
169.00517169,0.39370070,3.30708700
169.06917169,-1.96850400,3.30708700
169.13317169,-2.36220500,3.30708700
169.19717169,-3.54330700,3.30708700
169.26117168,3.54330700,3.30708700
169.32517168,-2.36220500,3.30708700
169.38917168,0.78740150,3.30708700
169.45317168,1.18110200,3.30708700
169.51717168,0.39370070,3.30708700
169.58117168,-4.33070900,3.30708700
169.64517167,2.75590500,3.22834600
169.70917167,-0.78740150,3.30708700
169.77317167,-1.57480300,3.30708700
169.83717167,3.93700800,3.30708700
169.90117167,0.00000000,3.30708700
169.96517166,0.00000000,3.30708700
170.02917166,-0.39370070,3.30708700
170.09317166,1.18110200,3.30708700
170.15717166,-5.90551100,3.30708700
170.22117166,3.14960600,3.30708700
170.28517166,-0.78740150,3.30708700
170.34917165,1.57480300,3.30708700
170.41317165,-1.18110200,3.30708700
170.47717165,3.93700800,3.30708700
170.54117165,-1.57480300,3.30708700
170.60517165,1.57480300,3.30708700
170.66917164,1.57480300,3.30708700
170.73317164,1.96850400,3.30708700
170.79717164,1.57480300,3.30708700
170.86117164,3.14960600,3.30708700
170.92517164,3.54330700,3.30708700
170.98917164,0.00000000,3.30708700
171.05317163,3.54330700,3.30708700
171.11717163,1.96850400,3.30708700
171.18117163,1.57480300,3.30708700
171.24517163,-0.39370070,3.30708700
171.30917163,6.69291300,3.30708700
171.37317162,-1.18110200,3.30708700
171.43717162,1.57480300,3.30708700
171.50117162,0.00000000,3.30708700
171.56517162,1.18110200,3.30708700
171.62917162,-5.90551100,3.30708700
171.69317162,3.54330700,3.30708700
171.75717161,-1.96850400,3.30708700
171.82117161,-2.36220500,3.30708700
171.88517161,1.96850400,3.30708700
171.94917161,3.54330700,3.30708700
172.01317161,-1.96850400,3.30708700
172.07717160,-0.78740150,3.22834600
172.14117160,3.14960600,3.30708700
172.20517160,-4.72440900,3.22834600
172.26917160,1.18110200,3.30708700
172.33317160,1.18110200,3.30708700
172.39717160,2.75590500,3.30708700
172.46117159,-1.18110200,3.30708700
172.52517159,6.29921200,3.30708700
172.58917159,-1.96850400,3.30708700
172.65317159,0.00000000,3.30708700
172.71717159,0.78740150,3.30708700
172.78117158,3.54330700,3.30708700
172.84517158,-1.96850400,3.30708700
172.90917158,3.14960600,3.30708700
172.97317158,1.57480300,3.30708700
173.03717158,0.78740150,3.30708700
173.10117158,1.18110200,3.30708700
173.16517157,1.96850400,3.30708700
173.22917157,0.00000000,3.30708700
173.29317157,0.00000000,3.30708700
173.35717157,6.69291300,3.30708700
173.42117157,0.39370070,3.30708700
173.48517156,3.54330700,3.30708700
173.54917156,2.36220500,3.30708700
173.61317156,4.72440900,3.30708700
173.67717156,-2.36220500,3.30708700
173.74117156,5.90551100,3.30708700
173.80517156,1.18110200,3.30708700
173.86917155,3.14960600,3.30708700
173.93317155,3.93700800,3.30708700
173.99717155,5.90551100,3.30708700
174.06117155,-1.57480300,3.30708700
174.12517155,0.39370070,3.30708700
174.18917154,1.18110200,3.30708700
174.25317154,-2.75590500,3.30708700
174.31717154,0.00000000,3.30708700
174.38117154,1.18110200,3.30708700
174.44517154,0.00000000,3.22834600
174.50917154,-2.36220500,3.30708700
174.57317153,3.14960600,3.30708700
174.63717153,-2.36220500,3.30708700
174.70117153,-0.39370070,3.30708700
174.76517153,0.00000000,3.30708700
174.82917153,0.78740150,3.30708700
174.89317152,-3.54330700,3.30708700
174.95717152,2.36220500,3.30708700
175.02117152,-1.57480300,3.22834600
175.08517152,1.18110200,3.30708700
175.14917152,-3.54330700,3.30708700
175.21317152,-1.57480300,3.22834600
175.27717151,-3.54330700,3.30708700
175.34117151,-3.14960600,3.30708700
175.40517151,-1.18110200,3.30708700
175.46917151,-4.33070900,3.30708700
175.53317151,-3.14960600,3.30708700
175.59717151,-5.11811000,3.30708700
175.66117150,-3.54330700,3.30708700
175.72517150,-10.62992000,3.30708700
175.78917150,-2.75590500,3.30708700
175.85317150,-6.69291300,3.30708700
175.91717150,-4.33070900,3.30708700
175.98117149,-4.72440900,3.30708700
176.04517149,-1.18110200,3.30708700
176.10917149,-8.66141700,3.30708700
176.17317149,-3.54330700,3.30708700
176.23717149,-5.90551100,3.30708700
176.30117149,-7.87401500,3.30708700
176.36517148,-7.48031400,3.30708700
176.42917148,-2.36220500,3.30708700
176.49317148,-7.08661400,3.30708700
176.55717148,-6.69291300,3.30708700
176.62117148,-2.75590500,3.30708700
176.68517147,-9.44881800,3.30708700
176.74917147,-9.05511800,3.30708700
176.81317147,-7.48031400,3.30708700
176.87717147,-7.87401500,3.30708700
176.94117147,-13.38583000,3.30708700
177.00517147,-4.33070900,3.30708700
177.06917146,-10.62992000,3.30708700
177.13317146,-10.62992000,3.30708700
177.19717146,-13.38583000,3.30708700
177.26117146,-7.87401500,3.30708700
177.32517146,-13.38583000,3.30708700
177.38917145,-9.84251900,3.30708700
177.45317145,-10.62992000,3.30708700
177.51717145,-10.62992000,3.30708700
177.58117145,-10.62992000,3.22834600
177.64517145,-10.23622000,3.30708700
177.70917145,-9.84251900,3.30708700
177.77317144,-14.17323000,3.30708700
177.83717144,-8.66141700,3.30708700
177.90117144,-9.84251900,3.30708700
177.96517144,-9.05511800,3.30708700
178.02917144,-9.44881800,3.30708700
178.09317143,-3.54330700,3.30708700
178.15717143,-11.02362000,3.30708700
178.22117143,-6.29921200,3.30708700
178.28517143,-9.44881800,3.30708700
178.34917143,-7.08661400,3.30708700
178.41317143,-10.23622000,3.30708700
178.47717142,-1.57480300,3.30708700
178.54117142,-7.08661400,3.30708700
178.60517142,-5.11811000,3.30708700
178.66917142,-2.75590500,3.30708700
178.73317142,-3.54330700,3.30708700
178.79717141,-6.69291300,3.30708700
178.86117141,-3.93700800,3.30708700
178.92517141,-1.57480300,3.30708700
178.98917141,-6.69291300,3.30708700
179.05317141,0.39370070,3.30708700
179.11717141,-3.54330700,3.30708700
179.18117140,-2.75590500,3.30708700
179.24517140,-5.51181100,3.30708700
179.30917140,-0.39370070,3.30708700
179.37317140,-8.66141700,3.30708700
179.43717140,-4.33070900,3.30708700
179.50117139,-5.51181100,3.30708700
179.56517139,-4.33070900,3.30708700
179.62917139,-7.87401500,3.30708700
179.69317139,-4.33070900,3.30708700
179.75717139,-8.26771600,3.30708700
179.82117139,-9.44881800,3.30708700
179.88517138,-6.69291300,3.30708700
179.94917138,-6.29921200,3.30708700
180.01317138,-7.48031400,3.30708700
180.07717138,-5.11811000,3.30708700
180.14117138,-2.75590500,3.22834600
180.20517137,-7.87401500,3.30708700
180.26917137,-5.11811000,3.22834600
180.33317137,-7.08661400,3.30708700
180.39717137,-3.93700800,3.30708700
180.46117137,-8.66141700,3.30708700
180.52517137,0.00000000,3.30708700
180.58917136,-7.48031400,3.30708700
180.65317136,-3.54330700,3.30708700
180.71717136,-4.72440900,3.30708700
180.78117136,-4.72440900,3.30708700
180.84517136,-9.44881800,3.30708700
180.90917135,-4.72440900,3.30708700
180.97317135,-5.90551100,3.30708700
181.03717135,-7.87401500,3.30708700
181.10117135,-1.96850400,3.30708700
181.16517135,-4.72440900,3.30708700
181.22917135,-5.11811000,3.30708700
181.29317134,-4.33070900,3.30708700
181.35717134,-1.18110200,3.30708700
181.42117134,-7.48031400,3.30708700
181.48517134,-1.18110200,3.30708700
181.54917134,-2.75590500,3.30708700
181.61317133,-1.57480300,3.30708700
181.67717133,-4.33070900,3.30708700
181.74117133,1.18110200,3.30708700
181.80517133,-6.69291300,3.30708700
181.86917133,-2.36220500,3.30708700
181.93317133,-4.33070900,3.30708700
181.99717132,-3.14960600,3.30708700
182.06117132,-6.29921200,3.30708700
182.12517132,-2.36220500,3.30708700
182.18917132,-3.54330700,3.30708700
182.25317132,-7.87401500,3.30708700
182.31717131,-5.90551100,3.30708700
182.38117131,-7.08661400,3.30708700
182.44517131,-5.11811000,3.30708700
182.50917131,-9.05511800,3.30708700
182.57317131,-1.18110200,3.30708700
182.63717131,-5.51181100,3.30708700
182.70117130,-2.36220500,3.30708700
182.76517130,-3.14960600,3.30708700
182.82917130,-0.78740150,3.30708700
182.89317130,-8.26771600,3.30708700
182.95717130,-0.78740150,3.30708700
183.02117130,-2.36220500,3.30708700
183.08517129,-3.14960600,3.30708700
183.14917129,-0.39370070,3.30708700
183.21317129,2.75590500,3.30708700
183.27717129,-2.75590500,3.30708700
183.34117129,-1.18110200,3.30708700
183.40517128,1.18110200,3.30708700
183.46917128,-4.33070900,3.30708700
183.53317128,-0.39370070,3.30708700
183.59717128,1.57480300,3.30708700
183.66117128,0.39370070,3.30708700
183.72517128,-4.33070900,3.30708700
183.78917127,4.72440900,3.30708700
183.85317127,-3.54330700,3.30708700
183.91717127,0.00000000,3.30708700
183.98117127,-0.78740150,3.30708700
184.04517127,2.75590500,3.30708700
184.10917126,-2.36220500,3.30708700
184.17317126,4.72440900,3.30708700
184.23717126,1.96850400,3.30708700
184.30117126,0.39370070,3.30708700
184.36517126,1.57480300,3.30708700
184.42917126,2.75590500,3.30708700
184.49317125,0.78740150,3.30708700
184.55717125,0.00000000,3.30708700
184.62117125,5.11811000,3.30708700
184.68517125,1.18110200,3.30708700
184.74917125,1.96850400,3.30708700
184.81317124,0.00000000,3.30708700
184.87717124,1.96850400,3.30708700
184.94117124,-3.93700800,3.30708700
185.00517124,2.36220500,3.30708700
185.06917124,-0.78740150,3.30708700
185.13317124,0.39370070,3.30708700
185.19717123,-1.57480300,3.30708700
185.26117123,5.11811000,3.30708700
185.32517123,-2.36220500,3.30708700
185.38917123,1.18110200,3.30708700
185.45317123,0.00000000,3.30708700
185.51717122,-0.78740150,3.30708700
185.58117122,-0.78740150,3.30708700
185.64517122,2.75590500,3.30708700
185.70917122,1.96850400,3.30708700
185.77317122,-0.78740150,3.30708700
185.83717122,5.11811000,3.30708700
185.90117121,-0.39370070,3.30708700
185.96517121,1.57480300,3.30708700
186.02917121,-0.39370070,3.30708700
186.09317121,4.33070900,3.30708700
186.15717121,-1.57480300,3.30708700
186.22117120,4.33070900,3.30708700
186.28517120,1.57480300,3.30708700
186.34917120,1.57480300,3.30708700
186.41317120,0.00000000,3.30708700
186.47717120,2.36220500,3.30708700
186.54117120,-1.18110200,3.30708700
186.60517119,1.57480300,3.30708700
186.66917119,2.75590500,3.30708700
186.73317119,2.75590500,3.30708700
186.79717119,1.57480300,3.30708700
186.86117119,3.93700800,3.30708700
186.92517118,3.54330700,3.30708700
186.98917118,-0.39370070,3.30708700
187.05317118,3.93700800,3.30708700
187.11717118,1.57480300,3.30708700
187.18117118,3.54330700,3.30708700
187.24517118,1.57480300,3.30708700
187.30917117,8.26771600,3.30708700
187.37317117,-2.36220500,3.30708700
187.43717117,3.14960600,3.30708700
187.50117117,1.57480300,3.30708700
187.56517117,1.18110200,3.30708700
187.62917116,-3.54330700,3.30708700
187.69317116,3.54330700,3.30708700
187.75717116,-0.78740150,3.30708700
187.82117116,0.00000000,3.30708700
187.88517116,3.93700800,3.30708700
187.94917116,-1.18110200,3.30708700
188.01317115,-1.18110200,3.30708700
188.07717115,1.18110200,3.30708700
188.14117115,2.36220500,3.30708700
188.20517115,-3.54330700,3.30708700
188.26917115,4.33070900,3.30708700
188.33317114,1.57480300,3.22834600
188.39717114,0.78740150,3.30708700
188.46117114,-0.39370070,3.30708700
188.52517114,4.33070900,3.30708700
188.58917114,-3.14960600,3.30708700
188.65317114,2.75590500,3.30708700
188.71717113,0.78740150,3.30708700
188.78117113,2.75590500,3.30708700
188.84517113,-0.39370070,3.30708700
188.90917113,3.93700800,3.30708700
188.97317113,0.39370070,3.30708700
189.03717112,-1.18110200,3.30708700
189.10117112,0.39370070,3.30708700
189.16517112,0.39370070,3.30708700
189.22917112,1.18110200,3.30708700
189.29317112,-0.39370070,3.30708700
189.35717112,5.90551100,3.30708700
189.42117111,-0.78740150,3.30708700
189.48517111,3.14960600,3.30708700
189.54917111,0.78740150,3.30708700
189.61317111,1.96850400,3.30708700
189.67717111,-3.54330700,3.30708700
189.74117111,6.29921200,3.30708700
189.80517110,1.96850400,3.30708700
189.86917110,1.57480300,3.30708700
189.93317110,2.75590500,3.30708700
189.99717110,4.72440900,3.30708700
190.06117110,-3.14960600,3.30708700
190.12517109,0.78740150,3.30708700
190.18917109,0.00000000,3.30708700
190.25317109,-3.93700800,3.30708700
190.31717109,-1.96850400,3.30708700
190.38117109,0.00000000,3.30708700
190.44517109,-4.72440900,3.30708700
190.50917108,-5.51181100,3.30708700
190.57317108,-0.39370070,3.30708700
190.63717108,-10.62992000,3.22834600
190.70117108,-4.72440900,3.30708700
190.76517108,-5.51181100,3.22834600
190.82917107,-2.75590500,3.30708700
190.89317107,-9.05511800,3.30708700
190.95717107,-2.36220500,3.22834600
191.02117107,-9.05511800,3.30708700
191.08517107,-6.69291300,3.30708700
191.14917107,-6.29921200,3.22834600
191.21317106,-4.72440900,3.30708700
191.27717106,-7.48031400,3.30708700
191.34117106,-6.69291300,3.30708700
191.40517106,-3.14960600,3.30708700
191.46917106,-7.08661400,3.30708700
191.53317105,-6.29921200,3.30708700
191.59717105,-9.05511800,3.30708700
191.66117105,-8.26771600,3.30708700
191.72517105,-11.41732000,3.30708700
191.78917105,-3.14960600,3.30708700
191.85317105,-8.66141700,3.30708700
191.91717104,-8.66141700,3.22834600
191.98117104,-7.48031400,3.30708700
192.04517104,-3.93700800,3.22834600
192.10917104,-12.59842000,3.30708700
192.17317104,-4.72440900,3.30708700
192.23717103,-9.84251900,3.30708700
192.30117103,-8.26771600,3.30708700
192.36517103,-8.66141700,3.30708700
192.42917103,-6.29921200,3.30708700
192.49317103,-9.05511800,3.22834600
192.55717103,-7.48031400,3.30708700
192.62117102,-5.51181100,3.30708700
192.68517102,-9.44881800,3.30708700
192.74917102,-8.66141700,3.30708700
192.81317102,-9.05511800,3.30708700
192.87717102,-7.08661400,3.30708700
192.94117101,-14.17323000,3.30708700
193.00517101,-10.23622000,3.30708700
193.06917101,-12.20472000,3.30708700
193.13317101,-9.05511800,3.22834600
193.19717101,-10.62992000,3.30708700
193.26117101,-6.69291300,3.30708700
193.32517100,-11.41732000,3.30708700
193.38917100,-4.72440900,3.30708700
193.45317100,-5.90551100,3.30708700
193.51717100,-4.33070900,3.22834600
193.58117100,-7.87401500,3.30708700
193.64517099,-3.93700800,3.22834600
193.70917099,-7.87401500,3.30708700
193.77317099,-7.87401500,3.30708700
193.83717099,-5.51181100,3.30708700
193.90117099,-3.93700800,3.30708700
193.96517099,-3.93700800,3.30708700
194.02917098,-2.75590500,3.30708700
194.09317098,2.36220500,3.30708700
194.15717098,-9.44881800,3.30708700
194.22117098,-1.18110200,3.30708700
194.28517098,-3.54330700,3.30708700
194.34917097,-4.33070900,3.30708700
194.41317097,-6.69291300,3.30708700
194.47717097,1.18110200,3.30708700
194.54117097,-5.90551100,3.30708700
194.60517097,-2.75590500,3.30708700
194.66917097,-1.57480300,3.30708700
194.73317096,-4.72440900,3.30708700
194.79717096,-7.87401500,3.30708700
194.86117096,0.39370070,3.30708700
194.92517096,-4.33070900,3.30708700
194.98917096,-5.90551100,3.30708700
195.05317095,0.39370070,3.30708700
195.11717095,-2.75590500,3.30708700
195.18117095,-4.72440900,3.30708700
195.24517095,-2.75590500,3.30708700
195.30917095,0.00000000,3.30708700
195.37317095,-6.69291300,3.30708700
195.43717094,1.18110200,3.30708700
195.50117094,-1.96850400,3.30708700
195.56517094,-0.78740150,3.30708700
195.62917094,-7.08661400,3.30708700
195.69317094,-1.18110200,3.30708700
195.75717093,-9.44881800,3.30708700
195.82117093,-6.29921200,3.30708700
195.88517093,-6.69291300,3.30708700
195.94917093,-4.33070900,3.30708700
196.01317093,-7.48031400,3.22834600
196.07717093,-4.33070900,3.30708700
196.14117092,-3.54330700,3.30708700
196.20517092,-7.48031400,3.30708700
196.26917092,-5.11811000,3.30708700
196.33317092,-3.54330700,3.30708700
196.39717092,-3.93700800,3.30708700
196.46117091,-7.08661400,3.30708700
196.52517091,1.57480300,3.30708700
196.58917091,-3.54330700,3.30708700
196.65317091,-3.14960600,3.30708700
196.71717091,-3.93700800,3.30708700
196.78117091,-1.57480300,3.30708700
196.84517090,-8.26771600,3.22834600
196.90917090,-0.78740150,3.30708700
196.97317090,-3.93700800,3.30708700
197.03717090,-4.72440900,3.30708700
197.10117090,-4.33070900,3.30708700
197.16517090,-0.78740150,3.30708700
197.22917089,-7.87401500,3.30708700
197.29317089,-6.29921200,3.30708700
197.35717089,-1.96850400,3.30708700
197.42117089,-7.08661400,3.30708700
197.48517089,-2.36220500,3.30708700
197.54917088,-2.36220500,3.30708700
197.61317088,-0.39370070,3.30708700
197.67717088,-5.11811000,3.30708700
197.74117088,2.36220500,3.30708700
197.80517088,-4.33070900,3.30708700
197.86917088,-2.75590500,3.30708700
197.93317087,-1.57480300,3.30708700
197.99717087,3.14960600,3.30708700
198.06117087,-2.75590500,3.30708700
198.12517087,1.96850400,3.30708700
198.18917087,1.18110200,3.30708700
198.25317086,-0.39370070,3.30708700
198.31717086,-2.75590500,3.30708700
198.38117086,0.39370070,3.30708700
198.44517086,-2.36220500,3.30708700
198.50917086,-2.36220500,3.30708700
198.57317086,3.54330700,3.30708700
198.63717085,-1.57480300,3.30708700
198.70117085,-0.39370070,3.30708700
198.76517085,-0.78740150,3.30708700
198.82917085,2.36220500,3.30708700
198.89317085,-5.11811000,3.30708700
198.95717084,3.14960600,3.30708700
199.02117084,-1.57480300,3.30708700
199.08517084,1.57480300,3.30708700
199.14917084,0.39370070,3.30708700
199.21317084,4.72440900,3.30708700
199.27717084,-1.57480300,3.30708700
199.34117083,1.96850400,3.30708700
199.40517083,1.96850400,3.30708700
199.46917083,0.00000000,3.30708700
199.53317083,1.96850400,3.30708700
199.59717083,3.93700800,3.30708700
199.66117082,2.36220500,3.30708700
199.72517082,0.00000000,3.30708700
199.78917082,3.14960600,3.30708700
199.85317082,-0.78740150,3.30708700
199.91717082,1.57480300,3.30708700
199.98117082,0.78740150,3.30708700
200.04517081,4.33070900,3.30708700
200.10917081,0.00000000,3.30708700
200.17317081,5.51181100,3.30708700
200.23717081,1.96850400,3.30708700
200.30117081,4.33070900,3.30708700
200.36517080,-1.57480300,3.30708700
200.42917080,4.72440900,3.30708700
200.49317080,0.39370070,3.30708700
200.55717080,1.96850400,3.30708700
200.62117080,3.54330700,3.30708700
200.68517080,3.93700800,3.30708700
200.74917079,1.18110200,3.30708700
200.81317079,1.96850400,3.30708700
200.87717079,3.93700800,3.30708700
200.94117079,-3.93700800,3.30708700
201.00517079,2.75590500,3.30708700
201.06917078,0.78740150,3.30708700
201.13317078,0.78740150,3.30708700
201.19717078,-1.18110200,3.30708700
201.26117078,5.51181100,3.30708700
201.32517078,-3.14960600,3.30708700
201.38917078,0.78740150,3.30708700
201.45317077,0.39370070,3.22834600
201.51717077,0.78740150,3.30708700
201.58117077,-0.78740150,3.30708700
201.64517077,5.51181100,3.22834600
201.70917077,-0.39370070,3.30708700
201.77317076,1.57480300,3.30708700
201.83717076,4.33070900,3.30708700
201.90117076,1.18110200,3.30708700
201.96517076,-0.39370070,3.30708700
202.02917076,1.57480300,3.30708700
202.09317076,4.33070900,3.30708700
202.15717075,-0.78740150,3.30708700
202.22117075,5.90551100,3.30708700
202.28517075,1.57480300,3.30708700
202.34917075,1.96850400,3.30708700
202.41317075,-1.57480300,3.30708700
202.47717074,4.33070900,3.30708700
202.54117074,-1.96850400,3.30708700
202.60517074,2.36220500,3.30708700
202.66917074,2.75590500,3.30708700
202.73317074,4.72440900,3.30708700
202.79717074,0.39370070,3.30708700
202.86117073,4.33070900,3.30708700
202.92517073,3.54330700,3.30708700
202.98917073,0.39370070,3.30708700
203.05317073,3.93700800,3.30708700
203.11717073,5.11811000,3.30708700
203.18117072,2.75590500,3.22834600
203.24517072,2.36220500,3.30708700
203.30917072,7.87401500,3.30708700
203.37317072,0.78740150,3.30708700
203.43717072,2.36220500,3.30708700
203.50117072,1.96850400,3.30708700
203.56517071,4.33070900,3.30708700
203.62917071,-2.36220500,3.30708700
203.69317071,6.69291300,3.30708700
203.75717071,0.00000000,3.30708700
203.82117071,0.39370070,3.30708700
203.88517071,-0.39370070,3.30708700
203.94917070,2.36220500,3.30708700
204.01317070,-3.93700800,3.30708700
204.07717070,0.00000000,3.30708700
204.14117070,1.18110200,3.30708700
204.20517070,-1.18110200,3.30708700
204.26917069,0.39370070,3.30708700
204.33317069,1.18110200,3.30708700
204.39717069,0.78740150,3.30708700
204.46117069,-3.14960600,3.30708700
204.52517069,2.75590500,3.30708700
204.58917069,-1.57480300,3.30708700
204.65317068,0.00000000,3.30708700
204.71717068,0.78740150,3.30708700
204.78117068,3.93700800,3.30708700
204.84517068,-2.75590500,3.30708700
204.90917068,3.93700800,3.30708700
204.97317067,0.39370070,3.30708700
205.03717067,0.00000000,3.30708700
205.10117067,-2.36220500,3.30708700
205.16517067,3.14960600,3.30708700
205.22917067,-2.36220500,3.30708700
205.29317067,-1.18110200,3.30708700
205.35717066,1.96850400,3.30708700
205.42117066,-4.33070900,3.30708700
205.48517066,-4.33070900,3.30708700
205.54917066,-1.96850400,3.30708700
205.61317066,-1.18110200,3.30708700
205.67717065,-6.69291300,3.30708700
205.74117065,1.96850400,3.30708700
205.80517065,-3.54330700,3.30708700
205.86917065,-1.96850400,3.30708700
205.93317065,-3.93700800,3.30708700
205.99717065,-1.57480300,3.30708700
206.06117064,-7.87401500,3.30708700
206.12517064,-1.96850400,3.30708700
206.18917064,-4.33070900,3.30708700
206.25317064,-3.93700800,3.30708700
206.31717064,-5.51181100,3.30708700
206.38117063,-2.75590500,3.30708700
206.44517063,-7.48031400,3.30708700
206.50917063,-7.87401500,3.30708700
206.57317063,-8.26771600,3.22834600
206.63717063,-8.66141700,3.30708700
206.70117063,-7.08661400,3.30708700
206.76517062,-9.44881800,3.30708700
206.82917062,-6.69291300,3.30708700
206.89317062,-11.41732000,3.30708700
206.95717062,-7.87401500,3.30708700
207.02117062,-12.99213000,3.30708700
207.08517061,-8.26771600,3.30708700
207.14917061,-13.38583000,3.30708700
207.21317061,-6.69291300,3.22834600
207.27717061,-10.23622000,3.30708700
207.34117061,-8.66141700,3.30708700
207.40517061,-9.05511800,3.22834600
207.46917060,-8.66141700,3.30708700
207.53317060,-12.20472000,3.22834600
207.59717060,-9.05511800,3.30708700
207.66117060,-9.44881800,3.30708700
207.72517060,-12.59842000,3.30708700
207.78917059,-7.08661400,3.30708700
207.85317059,-8.26771600,3.30708700
207.91717059,-10.62992000,3.30708700
207.98117059,-11.41732000,3.30708700
208.04517059,-6.69291300,3.30708700
208.10917059,-13.77953000,3.22834600
208.17317058,-7.08661400,3.30708700
208.23717058,-7.48031400,3.30708700
208.30117058,-5.51181100,3.22834600
208.36517058,-8.26771600,3.30708700
208.42917058,0.00000000,3.30708700
208.49317057,-8.66141700,3.30708700
208.55717057,-5.51181100,3.30708700
208.62117057,-4.33070900,3.30708700
208.68517057,-3.93700800,3.30708700
208.74917057,-5.90551100,3.30708700
208.81317057,-2.36220500,3.30708700
208.87717056,-1.18110200,3.30708700
208.94117056,-6.29921200,3.30708700
209.00517056,-1.96850400,3.30708700
209.06917056,-5.51181100,3.30708700
209.13317056,-6.29921200,3.30708700
209.19717055,-7.87401500,3.30708700
209.26117055,-1.18110200,3.30708700
209.32517055,-7.48031400,3.30708700
209.38917055,-5.11811000,3.30708700
209.45317055,-5.90551100,3.30708700
209.51717055,-3.93700800,3.22834600
209.58117054,-11.41732000,3.30708700
209.64517054,-3.93700800,3.30708700
209.70917054,-6.69291300,3.22834600
209.77317054,-7.48031400,3.30708700
209.83717054,-6.69291300,3.30708700
209.90117053,-3.54330700,3.30708700
209.96517053,-7.87401500,3.30708700
210.02917053,-6.29921200,3.30708700
210.09317053,-3.14960600,3.30708700
210.15717053,-9.84251900,3.30708700
210.22117053,-5.11811000,3.30708700
210.28517052,-5.90551100,3.30708700
210.34917052,-3.14960600,3.30708700
210.41317052,-8.26771600,3.30708700
210.47717052,-0.78740150,3.30708700
210.54117052,-7.87401500,3.30708700
210.60517051,-5.90551100,3.30708700
210.66917051,-5.90551100,3.30708700
210.73317051,-3.14960600,3.30708700
210.79717051,-8.26771600,3.30708700
210.86117051,-1.96850400,3.30708700
210.92517051,-2.36220500,3.30708700
210.98917050,-4.72440900,3.30708700
211.05317050,-5.51181100,3.30708700
211.11717050,-1.96850400,3.30708700
211.18117050,-5.11811000,3.30708700
211.24517050,-6.29921200,3.30708700
211.30917050,-1.18110200,3.30708700
211.37317049,-1.96850400,3.30708700
211.43717049,-1.96850400,3.30708700
211.50117049,-3.14960600,3.30708700
211.56517049,1.57480300,3.30708700
211.62917049,-9.05511800,3.30708700
211.69317048,-2.36220500,3.30708700
211.75717048,-4.72440900,3.30708700
211.82117048,-3.93700800,3.30708700
211.88517048,-6.69291300,3.30708700
211.94917048,0.39370070,3.30708700
212.01317048,-7.08661400,3.30708700
212.07717047,-6.29921200,3.30708700
212.14117047,-3.93700800,3.30708700
212.20517047,-8.26771600,3.30708700
212.26917047,-9.05511800,3.30708700
212.33317047,-3.93700800,3.30708700
212.39717046,-3.54330700,3.22834600
212.46117046,-8.66141700,3.30708700
212.52517046,-2.36220500,3.30708700
212.58917046,-5.11811000,3.30708700
212.65317046,-4.72440900,3.30708700
212.71717046,-3.93700800,3.30708700
212.78117045,-1.18110200,3.30708700
212.84517045,-6.69291300,3.30708700
212.90917045,1.96850400,3.30708700
212.97317045,-1.57480300,3.30708700
213.03717045,0.00000000,3.30708700
213.10117044,-3.54330700,3.30708700
213.16517044,1.57480300,3.30708700
213.22917044,-3.93700800,3.30708700
213.29317044,-1.57480300,3.30708700
213.35717044,0.39370070,3.30708700
213.42117044,0.00000000,3.30708700
213.48517043,0.39370070,3.30708700
213.54917043,-0.78740150,3.30708700
213.61317043,1.57480300,3.30708700
213.67717043,-2.75590500,3.30708700
213.74117043,2.36220500,3.30708700
213.80517042,-0.39370070,3.30708700
213.86917042,1.57480300,3.30708700
213.93317042,-1.96850400,3.30708700
213.99717042,5.90551100,3.30708700
214.06117042,0.00000000,3.30708700
214.12517042,1.18110200,3.30708700
214.18917041,0.00000000,3.30708700
214.25317041,1.57480300,3.30708700
214.31717041,-1.96850400,3.30708700
214.38117041,2.75590500,3.30708700
214.44517041,0.00000000,3.30708700
214.50917040,-1.96850400,3.30708700
214.57317040,1.18110200,3.30708700
214.63717040,0.39370070,3.22834600
214.70117040,-2.75590500,3.30708700
214.76517040,-2.75590500,3.30708700
214.82917040,1.96850400,3.30708700
214.89317039,-5.11811000,3.30708700
214.95717039,1.96850400,3.30708700
215.02117039,-0.39370070,3.30708700
215.08517039,1.96850400,3.30708700
215.14917039,-3.93700800,3.30708700
215.21317038,3.93700800,3.30708700
215.27717038,-3.54330700,3.30708700
215.34117038,0.00000000,3.30708700
215.40517038,1.18110200,3.30708700
215.46917038,1.96850400,3.30708700
215.53317038,-1.18110200,3.30708700
215.59717037,2.36220500,3.30708700
215.66117037,1.96850400,3.30708700
215.72517037,-1.57480300,3.30708700
215.78917037,0.39370070,3.30708700
215.85317037,0.78740150,3.30708700
215.91717036,0.00000000,3.30708700
215.98117036,-1.18110200,3.30708700
216.04517036,5.90551100,3.30708700
216.10917036,-1.57480300,3.30708700
216.17317036,0.39370070,3.30708700
216.23717036,0.39370070,3.30708700
216.30117035,3.54330700,3.30708700
216.36517035,-4.33070900,3.30708700
216.42917035,6.29921200,3.30708700
216.49317035,1.96850400,3.30708700
216.55717035,2.36220500,3.30708700
216.62117034,3.14960600,3.30708700
216.68517034,4.33070900,3.30708700
216.74917034,-0.39370070,3.30708700
216.81317034,0.78740150,3.30708700
216.87717034,5.51181100,3.30708700
216.94117034,-0.78740150,3.30708700
217.00517033,3.93700800,3.30708700
217.06917033,3.14960600,3.30708700
217.13317033,2.75590500,3.30708700
217.19717033,-2.75590500,3.30708700
217.26117033,3.93700800,3.30708700
217.32517032,-2.36220500,3.30708700
217.38917032,0.78740150,3.30708700
217.45317032,-1.18110200,3.30708700
217.51717032,2.75590500,3.30708700
217.58117032,-2.36220500,3.30708700
217.64517032,2.36220500,3.30708700
217.70917031,0.39370070,3.30708700
217.77317031,0.39370070,3.30708700
217.83717031,-1.96850400,3.30708700
217.90117031,3.54330700,3.30708700
217.96517031,2.75590500,3.30708700
218.02917030,0.00000000,3.30708700
218.09317030,5.11811000,3.30708700
218.15717030,1.57480300,3.30708700
218.22117030,1.96850400,3.22834600
218.28517030,0.78740150,3.30708700
218.34917030,5.51181100,3.30708700
218.41317029,-3.93700800,3.30708700
218.47717029,4.33070900,3.30708700
218.54117029,3.54330700,3.30708700
218.60517029,1.18110200,3.30708700
218.66917029,-0.78740150,3.30708700
218.73317029,5.51181100,3.30708700
218.79717028,-2.36220500,3.30708700
218.86117028,-0.78740150,3.30708700
218.92517028,2.75590500,3.30708700
218.98917028,0.78740150,3.30708700
219.05317028,0.00000000,3.30708700
219.11717027,5.11811000,3.30708700
219.18117027,1.96850400,3.30708700
219.24517027,-1.96850400,3.30708700
219.30917027,2.75590500,3.30708700
219.37317027,-0.39370070,3.30708700
219.43717027,0.78740150,3.30708700
219.50117026,0.00000000,3.30708700
219.56517026,5.11811000,3.30708700
219.62917026,-1.96850400,3.30708700
219.69317026,4.72440900,3.30708700
219.75717026,-0.78740150,3.30708700
219.82117025,0.39370070,3.30708700
219.88517025,-2.36220500,3.30708700
219.94917025,1.96850400,3.30708700
220.01317025,-1.18110200,3.30708700
220.07717025,-1.18110200,3.30708700
220.14117025,-0.39370070,3.30708700
220.20517024,-2.36220500,3.30708700
220.26917024,-2.36220500,3.30708700
220.33317024,-5.11811000,3.22834600
220.39717024,-3.54330700,3.30708700
220.46117024,-6.29921200,3.30708700
220.52517023,-1.96850400,3.30708700
220.58917023,-3.93700800,3.30708700
220.65317023,-2.75590500,3.30708700
220.71717023,-7.08661400,3.30708700
220.78117023,-1.96850400,3.22834600
220.84517023,-8.26771600,3.30708700
220.90917022,-5.51181100,3.30708700
220.97317022,-5.90551100,3.30708700
221.03717022,-2.75590500,3.22834600
221.10117022,-7.48031400,3.30708700
221.16517022,-1.96850400,3.30708700
221.22917021,-6.29921200,3.30708700
221.29317021,-8.66141700,3.30708700
221.35717021,-5.11811000,3.30708700
221.42117021,-8.26771600,3.30708700
221.48517021,-8.66141700,3.30708700
221.54917021,-8.66141700,3.30708700
221.61317020,-3.93700800,3.30708700
221.67717020,-9.84251900,3.30708700
221.74117020,-4.72440900,3.30708700
221.80517020,-8.26771600,3.30708700
221.86917020,-6.69291300,3.30708700
221.93317019,-10.23622000,3.30708700
221.99717019,-4.33070900,3.30708700
222.06117019,-8.66141700,3.30708700
222.12517019,-6.69291300,3.30708700
222.18917019,-7.08661400,3.30708700
222.25317019,-5.51181100,3.30708700
222.31717018,-11.02362000,3.30708700
222.38117018,-8.26771600,3.30708700
222.44517018,-8.26771600,3.30708700
222.50917018,-11.81102000,3.30708700
222.57317018,-9.05511800,3.30708700
222.63717017,-8.26771600,3.30708700
222.70117017,-9.84251900,3.30708700
222.76517017,-12.59842000,3.30708700
222.82917017,-6.29921200,3.30708700
222.89317017,-14.96063000,3.30708700
222.95717017,-11.81102000,3.30708700
223.02117016,-11.81102000,3.30708700
223.08517016,-7.08661400,3.30708700
223.14917016,-12.99213000,3.22834600
223.21317016,-3.93700800,3.30708700
223.27717016,-7.87401500,3.22834600
223.34117015,-8.66141700,3.30708700
223.40517015,-7.08661400,3.30708700
223.46917015,-6.29921200,3.30708700
223.53317015,-8.66141700,3.30708700
223.59717015,-4.33070900,3.30708700
223.66117015,-1.18110200,3.30708700
223.72517014,-6.69291300,3.30708700
223.78917014,-2.75590500,3.30708700
223.85317014,-3.14960600,3.30708700
223.91717014,-4.72440900,3.30708700
223.98117014,-7.87401500,3.30708700
224.04517013,-1.57480300,3.30708700
224.10917013,-6.29921200,3.30708700
224.17317013,-2.36220500,3.30708700
224.23717013,-4.72440900,3.30708700
224.30117013,-0.78740150,3.30708700
224.36517013,-7.08661400,3.30708700
224.42917012,-1.96850400,3.30708700
224.49317012,-3.93700800,3.30708700
224.55717012,-3.93700800,3.30708700
224.62117012,-3.54330700,3.30708700
224.68517012,0.00000000,3.30708700
224.74917011,-1.57480300,3.30708700
224.81317011,-6.29921200,3.30708700
224.87717011,-0.39370070,3.30708700
224.94117011,-5.90551100,3.30708700
225.00517011,-5.11811000,3.30708700
225.06917011,-4.72440900,3.30708700
225.13317010,-0.39370070,3.30708700
225.19717010,-9.05511800,3.30708700
225.26117010,-2.36220500,3.30708700
225.32517010,-4.72440900,3.30708700
225.38917010,-7.08661400,3.30708700
225.45317010,-8.66141700,3.30708700
225.51717009,-3.93700800,3.30708700
225.58117009,-10.62992000,3.30708700
225.64517009,-5.90551100,3.22834600
225.70917009,-4.72440900,3.22834600
225.77317009,-6.29921200,3.30708700
225.83717008,-5.90551100,3.30708700
225.90117008,-3.93700800,3.30708700
225.96517008,-7.87401500,3.30708700
226.02917008,-9.44881800,3.30708700
226.09317008,-1.18110200,3.30708700
226.15717008,-6.69291300,3.30708700
226.22117007,-3.93700800,3.22834600
226.28517007,-4.72440900,3.30708700
226.34917007,0.00000000,3.30708700
226.41317007,-7.08661400,3.30708700
226.47717007,-0.39370070,3.30708700
226.54117006,-4.33070900,3.30708700
226.60517006,-3.93700800,3.30708700
226.66917006,-4.33070900,3.30708700
226.73317006,0.00000000,3.30708700
226.79717006,-3.54330700,3.30708700
226.86117006,-3.93700800,3.30708700
226.92517005,-2.36220500,3.30708700
226.98917005,-4.33070900,3.30708700
227.05317005,-4.33070900,3.30708700
227.11717005,-3.14960600,3.30708700
227.18117005,-1.57480300,3.30708700
227.24517004,-4.72440900,3.30708700
227.30917004,0.00000000,3.30708700
227.37317004,-3.14960600,3.30708700
227.43717004,-3.93700800,3.30708700
227.50117004,-6.69291300,3.30708700
227.56517004,0.00000000,3.30708700
227.62917003,-7.08661400,3.30708700
227.69317003,-1.18110200,3.30708700
227.75717003,-1.18110200,3.30708700
227.82117003,-1.18110200,3.30708700
227.88517003,-4.33070900,3.30708700
227.94917002,-1.18110200,3.30708700
228.01317002,-4.72440900,3.30708700
228.07717002,-4.72440900,3.30708700
228.14117002,0.00000000,3.30708700
228.20517002,-3.54330700,3.30708700
228.26917002,-2.75590500,3.30708700
228.33317001,-0.39370070,3.30708700
228.39717001,0.00000000,3.22834600
228.46117001,-4.72440900,3.30708700
228.52517001,0.78740150,3.30708700
228.58917001,-3.14960600,3.30708700
228.65317000,-0.78740150,3.30708700
228.71717000,-1.96850400,3.30708700
228.78117000,3.54330700,3.30708700
228.84517000,-2.75590500,3.30708700
228.90917000,1.57480300,3.22834600
228.97317000,0.00000000,3.30708700
229.03716999,1.18110200,3.30708700
229.10116999,-3.54330700,3.30708700
229.16516999,3.54330700,3.30708700
229.22916999,1.57480300,3.30708700
229.29316999,-0.78740150,3.30708700
229.35716998,2.75590500,3.30708700
229.42116998,1.18110200,3.30708700
229.48516998,0.00000000,3.30708700
229.54916998,-1.96850400,3.30708700
229.61316998,5.51181100,3.30708700
229.67716998,-3.93700800,3.30708700
229.74116997,3.54330700,3.30708700
229.80516997,3.93700800,3.30708700
229.86916997,3.54330700,3.22834600
229.93316997,-1.18110200,3.30708700
229.99716997,6.29921200,3.30708700
230.06116996,-0.39370070,3.30708700
230.12516996,0.78740150,3.30708700
230.18916996,3.93700800,3.30708700
230.25316996,3.54330700,3.30708700
230.31716996,1.18110200,3.30708700
230.38116996,6.29921200,3.30708700
230.44516995,4.33070900,3.30708700
230.50916995,-1.57480300,3.30708700
230.57316995,1.96850400,3.30708700
230.63716995,0.39370070,3.30708700
230.70116995,0.00000000,3.30708700
230.76516994,-0.78740150,3.30708700
230.82916994,4.33070900,3.30708700
230.89316994,-2.75590500,3.30708700
230.95716994,2.36220500,3.30708700
231.02116994,-1.57480300,3.30708700
231.08516994,0.78740150,3.30708700
231.14916993,-3.54330700,3.22834600
231.21316993,3.93700800,3.30708700
231.27716993,0.00000000,3.30708700
231.34116993,0.78740150,3.30708700
231.40516993,1.18110200,3.30708700
231.46916992,1.96850400,3.30708700
231.53316992,1.18110200,3.30708700
231.59716992,-0.39370070,3.30708700
231.66116992,3.93700800,3.30708700
231.72516992,-0.39370070,3.30708700
231.78916992,3.14960600,3.30708700
231.85316991,3.93700800,3.30708700
231.91716991,5.51181100,3.30708700
231.98116991,-1.57480300,3.30708700
232.04516991,5.90551100,3.30708700
232.10916991,0.39370070,3.30708700
232.17316990,0.39370070,3.30708700
232.23716990,1.18110200,3.30708700
232.30116990,5.51181100,3.30708700
232.36516990,-1.96850400,3.30708700
232.42916990,5.51181100,3.30708700
232.49316990,3.14960600,3.30708700
232.55716989,0.39370070,3.30708700
232.62116989,1.18110200,3.30708700
232.68516989,3.93700800,3.30708700
232.74916989,1.18110200,3.30708700
232.81316989,0.39370070,3.30708700
232.87716989,6.69291300,3.30708700
232.94116988,0.00000000,3.30708700
233.00516988,4.33070900,3.30708700
233.06916988,1.96850400,3.30708700
233.13316988,3.54330700,3.30708700
233.19716988,-1.96850400,3.30708700
233.26116987,2.75590500,3.30708700
233.32516987,-0.78740150,3.30708700
233.38916987,1.96850400,3.30708700
233.45316987,1.57480300,3.30708700
233.51716987,2.75590500,3.30708700
233.58116987,-3.93700800,3.30708700
233.64516986,-1.18110200,3.30708700
233.70916986,-0.78740150,3.30708700
233.77316986,-1.57480300,3.30708700
233.83716986,-0.39370070,3.30708700
233.90116986,2.36220500,3.30708700
233.96516985,0.78740150,3.22834600
234.02916985,-0.78740150,3.30708700
234.09316985,4.72440900,3.30708700
234.15716985,-2.36220500,3.30708700
234.22116985,-0.39370070,3.22834600
234.28516985,-0.39370070,3.30708700
234.34916984,5.11811000,3.30708700
234.41316984,-1.96850400,3.30708700
234.47716984,7.08661400,3.30708700
234.54116984,0.00000000,3.30708700
234.60516984,-0.39370070,3.30708700
234.66916983,-1.18110200,3.30708700
234.73316983,0.39370070,3.30708700
234.79716983,-3.93700800,3.30708700
234.86116983,0.78740150,3.30708700
234.92516983,3.93700800,3.30708700
234.98916983,-1.96850400,3.30708700
235.05316982,0.78740150,3.30708700
235.11716982,2.36220500,3.30708700
235.18116982,0.00000000,3.22834600
235.24516982,-2.75590500,3.30708700
235.30916982,2.75590500,3.30708700
235.37316981,-3.14960600,3.30708700
235.43716981,0.78740150,3.30708700
235.50116981,-0.78740150,3.30708700
235.56516981,3.14960600,3.22834600
235.62916981,-6.29921200,3.30708700
235.69316981,-1.18110200,3.30708700
235.75716980,-3.14960600,3.30708700
235.82116980,1.18110200,3.30708700
235.88516980,-7.48031400,3.30708700
235.94916980,-1.18110200,3.30708700
236.01316980,-5.51181100,3.30708700
236.07716979,-6.69291300,3.30708700
236.14116979,-4.33070900,3.30708700
236.20516979,-8.66141700,3.22834600
236.26916979,-9.84251900,3.30708700
236.33316979,-9.84251900,3.30708700
236.39716979,-0.39370070,3.30708700
236.46116978,-12.59842000,3.30708700
236.52516978,-3.93700800,3.22834600
236.58916978,-8.66141700,3.22834600
236.65316978,-9.05511800,3.22834600
236.71716978,-11.41732000,3.22834600
236.78116977,-5.90551100,3.30708700
236.84516977,-12.59842000,3.30708700
236.90916977,-7.08661400,3.30708700
236.97316977,-5.51181100,3.22834600
237.03716977,-7.87401500,3.30708700
237.10116977,-8.66141700,3.22834600
237.16516976,-6.69291300,3.30708700
237.22916976,-9.05511800,3.30708700
237.29316976,-11.41732000,3.30708700
237.35716976,-6.69291300,3.30708700
237.42116976,-8.66141700,3.30708700
237.48516975,-8.66141700,3.30708700
237.54916975,-9.84251900,3.22834600
237.61316975,-7.87401500,3.30708700
237.67716975,-13.38583000,3.30708700
237.74116975,-7.87401500,3.30708700
237.80516975,-12.99213000,3.30708700
237.86916974,-7.87401500,3.30708700
237.93316974,-12.20472000,3.30708700
237.99716974,-3.93700800,3.30708700
238.06116974,-8.26771600,3.30708700
238.12516974,-8.26771600,3.30708700
238.18916973,-7.48031400,3.30708700
238.25316973,-7.48031400,3.30708700
238.31716973,-9.05511800,3.30708700
238.38116973,-6.69291300,3.30708700
238.44516973,-4.33070900,3.30708700
238.50916973,-7.48031400,3.30708700
238.57316972,-3.54330700,3.30708700
238.63716972,-6.29921200,3.30708700
238.70116972,-6.69291300,3.30708700
238.76516972,-9.05511800,3.30708700
238.82916972,-4.33070900,3.30708700
238.89316971,-10.62992000,3.30708700
238.95716971,-5.90551100,3.30708700
239.02116971,-7.08661400,3.30708700
239.08516971,-3.54330700,3.30708700
239.14916971,-8.66141700,3.22834600
239.21316971,-3.14960600,3.30708700
239.27716970,-7.87401500,3.22834600
239.34116970,-6.69291300,3.30708700
239.40516970,-6.29921200,3.30708700
239.46916970,-5.51181100,3.22834600
239.53316970,-7.48031400,3.30708700
239.59716970,-4.72440900,3.30708700
239.66116969,-1.57480300,3.30708700
239.72516969,-7.87401500,3.30708700
239.78916969,-3.14960600,3.30708700
239.85316969,-5.51181100,3.30708700
239.91716969,-3.14960600,3.30708700
239.98116968,-8.26771600,3.30708700
240.04516968,-0.78740150,3.30708700
240.10916968,-7.08661400,3.30708700
240.17316968,-4.33070900,3.30708700
240.23716968,-5.11811000,3.30708700
240.30116968,-4.33070900,3.30708700
240.36516967,-9.84251900,3.30708700
240.42916967,-4.72440900,3.30708700
240.49316967,-3.54330700,3.30708700
240.55716967,-5.11811000,3.30708700
240.62116967,-3.14960600,3.30708700
240.68516966,-1.18110200,3.30708700
240.74916966,-5.11811000,3.30708700
240.81316966,-5.51181100,3.30708700
240.87716966,-1.57480300,3.30708700
240.94116966,-8.26771600,3.30708700
241.00516966,-3.54330700,3.30708700
241.06916965,-2.36220500,3.30708700
241.13316965,-1.18110200,3.30708700
241.19716965,-6.69291300,3.30708700
241.26116965,0.39370070,3.30708700
241.32516965,-7.48031400,3.30708700
241.38916964,-4.72440900,3.30708700
241.45316964,-5.11811000,3.30708700
241.51716964,-2.75590500,3.30708700
241.58116964,-7.08661400,3.30708700
241.64516964,-2.36220500,3.30708700
241.70916964,-3.14960600,3.30708700
241.77316963,-6.69291300,3.22834600
241.83716963,-4.72440900,3.30708700
241.90116963,-5.51181100,3.22834600
241.96516963,-4.33070900,3.30708700
242.02916963,-5.90551100,3.30708700
242.09316962,-2.75590500,3.22834600
242.15716962,-6.29921200,3.30708700
242.22116962,-5.11811000,3.30708700
242.28516962,-4.72440900,3.30708700
242.34916962,-1.96850400,3.22834600
242.41316962,-8.66141700,3.22834600
242.47716961,-2.36220500,3.30708700
242.54116961,-3.14960600,3.30708700
242.60516961,-2.36220500,3.30708700
242.66916961,-6.29921200,3.30708700
242.73316961,0.78740150,3.30708700
242.79716960,-5.90551100,3.30708700
242.86116960,-4.72440900,3.30708700
242.92516960,-1.57480300,3.30708700
242.98916960,-3.93700800,3.30708700
243.05316960,-4.72440900,3.30708700
243.11716960,0.00000000,3.30708700
243.18116959,2.36220500,3.30708700
243.24516959,-4.33070900,3.30708700
243.30916959,3.54330700,3.30708700
243.37316959,-0.39370070,3.30708700
243.43716959,-0.78740150,3.30708700
243.50116958,-1.57480300,3.30708700
243.56516958,3.93700800,3.30708700
243.62916958,-2.36220500,3.30708700
243.69316958,3.54330700,3.30708700
243.75716958,2.75590500,3.30708700
243.82116958,1.96850400,3.30708700
243.88516957,-0.39370070,3.30708700
243.94916957,3.54330700,3.30708700
244.01316957,-1.96850400,3.30708700
244.07716957,-0.39370070,3.30708700
244.14116957,1.96850400,3.30708700
244.20516956,1.57480300,3.30708700
244.26916956,-0.39370070,3.30708700
244.33316956,-1.57480300,3.30708700
244.39716956,1.57480300,3.30708700
244.46116956,-4.33070900,3.30708700
244.52516956,2.75590500,3.30708700
244.58916955,-0.78740150,3.22834600
244.65316955,2.36220500,3.30708700
244.71716955,-1.96850400,3.30708700
244.78116955,5.90551100,3.30708700
244.84516955,-3.14960600,3.22834600
244.90916954,0.00000000,3.30708700
244.97316954,0.00000000,3.30708700
245.03716954,1.96850400,3.30708700
245.10116954,-1.18110200,3.30708700
245.16516954,4.33070900,3.30708700
245.22916954,2.75590500,3.30708700
245.29316953,0.78740150,3.30708700
245.35716953,3.93700800,3.30708700
245.42116953,0.78740150,3.30708700
245.48516953,-1.18110200,3.22834600
245.54916953,-0.78740150,3.30708700
245.61316952,2.75590500,3.30708700
245.67716952,-2.36220500,3.30708700
245.74116952,3.14960600,3.30708700
245.80516952,1.18110200,3.30708700
245.86916952,3.54330700,3.30708700
245.93316952,-1.18110200,3.30708700
245.99716951,4.33070900,3.30708700
246.06116951,-1.96850400,3.30708700
246.12516951,2.75590500,3.30708700
246.18916951,1.18110200,3.30708700
246.25316951,3.93700800,3.30708700
246.31716950,0.39370070,3.30708700
246.38116950,3.54330700,3.30708700
246.44516950,3.14960600,3.30708700
246.50916950,0.00000000,3.30708700
246.57316950,2.36220500,3.30708700
246.63716950,0.78740150,3.30708700
246.70116949,2.36220500,3.30708700
246.76516949,-0.39370070,3.30708700
246.82916949,6.29921200,3.30708700
246.89316949,-2.36220500,3.30708700
246.95716949,0.00000000,3.30708700
247.02116949,0.39370070,3.30708700
247.08516948,0.39370070,3.30708700
247.14916948,-4.33070900,3.30708700
247.21316948,5.11811000,3.30708700
247.27716948,1.57480300,3.22834600
247.34116948,0.39370070,3.30708700
247.40516947,1.96850400,3.30708700
247.46916947,2.75590500,3.30708700
247.53316947,-4.72440900,3.30708700
247.59716947,1.18110200,3.30708700
247.66116947,2.75590500,3.30708700
247.72516947,-1.18110200,3.30708700
247.78916946,2.36220500,3.30708700
247.85316946,4.72440900,3.30708700
247.91716946,2.36220500,3.22834600
247.98116946,-1.18110200,3.30708700
248.04516946,5.11811000,3.30708700
248.10916945,-2.75590500,3.30708700
248.17316945,1.57480300,3.30708700
248.23716945,0.00000000,3.30708700
248.30116945,3.14960600,3.30708700
248.36516945,-2.36220500,3.30708700
248.42916945,3.93700800,3.30708700
248.49316944,0.00000000,3.30708700
248.55716944,0.00000000,3.30708700
248.62116944,0.00000000,3.30708700
248.68516944,2.75590500,3.30708700
248.74916944,1.18110200,3.30708700
248.81316943,1.57480300,3.30708700
248.87716943,4.33070900,3.30708700
248.94116943,0.78740150,3.30708700
249.00516943,0.78740150,3.30708700
249.06916943,1.18110200,3.30708700
249.13316943,2.75590500,3.30708700
249.19716942,-2.36220500,3.30708700
249.26116942,5.51181100,3.30708700
249.32516942,1.57480300,3.30708700
249.38916942,1.18110200,3.30708700
249.45316942,-1.96850400,3.30708700
249.51716941,3.93700800,3.30708700
249.58116941,-5.51181100,3.30708700
249.64516941,-0.39370070,3.30708700
249.70916941,-1.57480300,3.30708700
249.77316941,-2.36220500,3.30708700
249.83716941,-3.54330700,3.30708700
249.90116940,3.54330700,3.30708700
249.96516940,-0.78740150,3.30708700
250.02916940,-4.72440900,3.30708700
250.09316940,1.96850400,3.30708700
250.15716940,-3.93700800,3.30708700
250.22116939,-2.36220500,3.30708700
250.28516939,-2.36220500,3.30708700
250.34916939,2.36220500,3.22834600
250.41316939,-3.93700800,3.30708700
250.47716939,1.18110200,3.30708700
250.54116939,-2.36220500,3.30708700
250.60516938,-1.57480300,3.30708700
250.66916938,-5.51181100,3.30708700
250.73316938,0.00000000,3.30708700
250.79716938,-4.72440900,3.30708700
250.86116938,-4.33070900,3.30708700
250.92516937,-3.14960600,3.30708700
250.98916937,-2.75590500,3.30708700
251.05316937,-7.87401500,3.30708700
251.11716937,-4.33070900,3.30708700
251.18116937,-5.11811000,3.30708700
251.24516937,-7.08661400,3.30708700
251.30916936,-2.75590500,3.30708700
251.37316936,-4.33070900,3.30708700
251.43716936,-4.33070900,3.30708700
251.50116936,-7.08661400,3.30708700
251.56516936,-1.96850400,3.30708700
251.62916935,-11.81102000,3.30708700
251.69316935,-5.90551100,3.30708700
251.75716935,-7.87401500,3.30708700
251.82116935,-4.72440900,3.30708700
251.88516935,-8.66141700,3.30708700
251.94916935,-2.36220500,3.30708700
252.01316934,-9.05511800,3.30708700
252.07716934,-8.66141700,3.30708700
252.14116934,-7.87401500,3.30708700
252.20516934,-10.23622000,3.30708700
252.26916934,-12.20472000,3.30708700
252.33316933,-9.84251900,3.30708700
252.39716933,-9.84251900,3.30708700
252.46116933,-12.59842000,3.30708700
252.52516933,-9.44881800,3.22834600
252.58916933,-11.81102000,3.30708700
252.65316933,-10.23622000,3.30708700
252.71716932,-14.17323000,3.30708700
252.78116932,-10.23622000,3.22834600
252.84516932,-13.77953000,3.22834600
252.90916932,-9.44881800,3.22834600
252.97316932,-11.81102000,3.30708700
253.03716931,-6.69291300,3.30708700
253.10116931,-14.17323000,3.22834600
253.16516931,-8.66141700,3.30708700
253.22916931,-9.84251900,3.30708700
253.29316931,-9.44881800,3.30708700
253.35716931,-9.05511800,3.30708700
253.42116930,-5.51181100,3.30708700
253.48516930,-7.08661400,3.30708700
253.54916930,-8.66141700,3.30708700
253.61316930,-4.33070900,3.30708700
253.67716930,-10.23622000,3.30708700
253.74116929,-7.08661400,3.30708700
253.80516929,-6.69291300,3.30708700
253.86916929,-3.54330700,3.30708700
253.93316929,-8.66141700,3.30708700
253.99716929,0.39370070,3.30708700
254.06116929,-4.33070900,3.30708700
254.12516928,-5.11811000,3.22834600
254.18916928,-5.11811000,3.22834600
254.25316928,-3.14960600,3.30708700
254.31716928,-7.87401500,3.30708700
254.38116928,-1.18110200,3.30708700
254.44516928,-2.36220500,3.30708700
254.50916927,-3.93700800,3.30708700
254.57316927,-2.75590500,3.30708700
254.63716927,-1.96850400,3.30708700
254.70116927,-6.29921200,3.30708700
254.76516927,-7.48031400,3.30708700
254.82916926,-2.36220500,3.30708700
254.89316926,-8.26771600,3.30708700
254.95716926,-4.33070900,3.30708700
255.02116926,-6.29921200,3.30708700
255.08516926,-4.72440900,3.30708700
255.14916926,-11.41732000,3.30708700
255.21316925,-3.14960600,3.30708700
255.27716925,-9.84251900,3.22834600
255.34116925,-7.48031400,3.30708700
255.40516925,-7.48031400,3.22834600
255.46916925,-3.93700800,3.30708700
255.53316924,-8.66141700,3.22834600
255.59716924,-5.51181100,3.30708700
255.66116924,-4.33070900,3.30708700
255.72516924,-6.29921200,3.22834600
255.78916924,-7.08661400,3.30708700
255.85316924,-3.93700800,3.30708700
255.91716923,-3.54330700,3.30708700
255.98116923,-6.69291300,3.30708700
256.04516923,0.00000000,3.30708700
256.10916923,-3.93700800,3.30708700
256.17316923,-6.29921200,3.30708700
256.23716922,-6.69291300,3.30708700
256.30116922,-2.36220500,3.30708700
256.36516922,-9.84251900,3.30708700
256.42916922,-3.14960600,3.30708700
256.49316922,-4.33070900,3.22834600
256.55716922,-2.36220500,3.22834600
256.62116921,-5.11811000,3.22834600
256.68516921,0.78740150,3.30708700
256.74916921,-4.72440900,3.30708700
256.81316921,-4.33070900,3.30708700
256.87716921,-1.96850400,3.30708700
256.94116920,-2.36220500,3.30708700
257.00516920,-2.36220500,3.30708700
257.06916920,-2.36220500,3.30708700
257.13316920,1.96850400,3.30708700
257.19716920,-4.72440900,3.30708700
257.26116920,-0.39370070,3.30708700
257.32516919,-3.54330700,3.30708700
257.38916919,-2.75590500,3.30708700
257.45316919,-6.69291300,3.30708700
257.51716919,0.78740150,3.30708700
257.58116919,-6.69291300,3.30708700
257.64516918,-5.90551100,3.22834600
257.70916918,-4.72440900,3.30708700
257.77316918,-3.54330700,3.22834600
257.83716918,-9.44881800,3.30708700
257.90116918,-2.36220500,3.30708700
257.96516918,-2.75590500,3.30708700
258.02916917,-4.72440900,3.30708700
258.09316917,-0.39370070,3.30708700
258.15716917,0.39370070,3.30708700
258.22116917,-4.33070900,3.30708700
258.28516917,-2.75590500,3.30708700
258.34916916,3.54330700,3.30708700
258.41316916,-5.11811000,3.30708700
258.47716916,2.36220500,3.30708700
258.54116916,1.96850400,3.30708700
258.60516916,3.93700800,3.30708700
258.66916916,-0.78740150,3.30708700
258.73316915,7.08661400,3.30708700
258.79716915,-1.96850400,3.30708700
258.86116915,1.57480300,3.30708700
258.92516915,1.18110200,3.30708700
258.98916915,1.96850400,3.30708700
259.05316914,-0.39370070,3.30708700
259.11716914,3.14960600,3.30708700
259.18116914,3.54330700,3.30708700
259.24516914,0.78740150,3.30708700
259.30916914,3.14960600,3.30708700
259.37316914,1.96850400,3.30708700
259.43716913,3.93700800,3.30708700
259.50116913,1.18110200,3.30708700
259.56516913,5.51181100,3.30708700
259.62916913,1.96850400,3.30708700
259.69316913,5.51181100,3.30708700
259.75716912,2.75590500,3.30708700
259.82116912,5.90551100,3.30708700
259.88516912,-0.78740150,3.30708700
259.94916912,5.51181100,3.30708700
260.01316912,2.36220500,3.30708700
260.07716912,3.93700800,3.30708700
260.14116911,0.78740150,3.30708700
260.20516911,4.33070900,3.30708700
260.26916911,-0.39370070,3.22834600
260.33316911,0.00000000,3.30708700
260.39716911,1.57480300,3.30708700
260.46116910,-3.14960600,3.30708700
260.52516910,-0.39370070,3.30708700
260.58916910,2.75590500,3.30708700
260.65316910,2.75590500,3.30708700
260.71716910,-2.75590500,3.22834600
260.78116910,4.72440900,3.30708700
260.84516909,-2.36220500,3.30708700
260.90916909,-1.18110200,3.30708700
260.97316909,-1.18110200,3.30708700
261.03716909,2.75590500,3.30708700
261.10116909,-1.57480300,3.30708700
261.16516909,5.51181100,3.30708700
261.22916908,3.14960600,3.30708700
261.29316908,2.36220500,3.30708700
261.35716908,1.18110200,3.30708700
261.42116908,4.72440900,3.30708700
261.48516908,0.00000000,3.30708700
261.54916907,0.39370070,3.30708700
261.61316907,4.33070900,3.30708700
261.67716907,1.57480300,3.30708700
261.74116907,1.96850400,3.30708700
261.80516907,1.57480300,3.30708700
261.86916907,3.54330700,3.22834600
261.93316906,-2.36220500,3.30708700
261.99716906,5.90551100,3.30708700
262.06116906,1.96850400,3.30708700
262.12516906,4.33070900,3.30708700
262.18916906,2.75590500,3.30708700
262.25316905,7.87401500,3.30708700
262.31716905,0.00000000,3.30708700
262.38116905,3.54330700,3.30708700
262.44516905,4.33070900,3.30708700
262.50916905,2.75590500,3.30708700
262.57316905,3.14960600,3.30708700
262.63716904,7.08661400,3.30708700
262.70116904,3.93700800,3.30708700
262.76516904,1.57480300,3.30708700
262.82916904,6.29921200,3.30708700
262.89316904,0.00000000,3.30708700
262.95716903,-0.78740150,3.30708700
263.02116903,0.00000000,3.30708700
263.08516903,3.93700800,3.30708700
263.14916903,-2.75590500,3.30708700
263.21316903,4.33070900,3.30708700
263.27716903,0.39370070,3.30708700
263.34116902,2.75590500,3.30708700
263.40516902,-1.96850400,3.30708700
263.46916902,3.54330700,3.30708700
263.53316902,-3.54330700,3.30708700
263.59716902,0.00000000,3.30708700
263.66116901,0.78740150,3.22834600
263.72516901,2.36220500,3.30708700
263.78916901,-0.39370070,3.30708700
263.85316901,1.96850400,3.30708700
263.91716901,3.93700800,3.30708700
263.98116901,-1.96850400,3.30708700
264.04516900,1.96850400,3.30708700
264.10916900,1.57480300,3.30708700
264.17316900,2.75590500,3.30708700
264.23716900,-1.96850400,3.30708700
264.30116900,5.90551100,3.30708700
264.36516899,-2.36220500,3.30708700
264.42916899,-1.57480300,3.30708700
264.49316899,-0.78740150,3.30708700
264.55716899,1.57480300,3.30708700
264.62116899,-3.93700800,3.30708700
264.68516899,5.51181100,3.30708700
264.74916898,2.36220500,3.30708700
264.81316898,0.39370070,3.30708700
264.87716898,1.18110200,3.30708700
264.94116898,2.75590500,3.30708700
265.00516898,-2.36220500,3.30708700
265.06916897,1.57480300,3.30708700
265.13316897,5.11811000,3.30708700
265.19716897,-0.78740150,3.30708700
265.26116897,4.72440900,3.30708700
265.32516897,3.14960600,3.30708700
265.38916897,3.14960600,3.30708700
265.45316896,-3.93700800,3.30708700
265.51716896,2.75590500,3.30708700
265.58116896,-5.51181100,3.30708700
265.64516896,-1.96850400,3.30708700
265.70916896,-4.33070900,3.30708700
265.77316895,-1.96850400,3.30708700
265.83716895,-7.48031400,3.30708700
265.90116895,-5.11811000,3.30708700
265.96516895,-6.69291300,3.30708700
266.02916895,-8.26771600,3.30708700
266.09316895,-7.87401500,3.30708700
266.15716894,-6.29921200,3.30708700
266.22116894,-6.69291300,3.22834600
266.28516894,-9.05511800,3.30708700
266.34916894,-5.90551100,3.22834600
266.41316894,-7.48031400,3.30708700
266.47716893,-7.48031400,3.30708700
266.54116893,-8.66141700,3.30708700
266.60516893,-4.33070900,3.30708700
266.66916893,-10.62992000,3.30708700
266.73316893,-2.36220500,3.30708700
266.79716893,-7.08661400,3.30708700
266.86116892,-6.29921200,3.30708700
266.92516892,-10.23622000,3.30708700
266.98916892,-5.51181100,3.30708700
267.05316892,-11.81102000,3.30708700
267.11716892,-9.44881800,3.30708700
267.18116891,-8.66141700,3.30708700
267.24516891,-9.05511800,3.30708700
267.30916891,-7.87401500,3.30708700
267.37316891,-7.87401500,3.30708700
267.43716891,-7.08661400,3.22834600
267.50116891,-12.20472000,3.30708700
267.56516890,-6.69291300,3.22834600
267.62916890,-11.02362000,3.30708700
267.69316890,-8.66141700,3.30708700
267.75716890,-9.84251900,3.30708700
267.82116890,-4.33070900,3.30708700
267.88516889,-10.23622000,3.30708700
267.94916889,-6.29921200,3.30708700
268.01316889,-9.44881800,3.30708700
268.07716889,-8.66141700,3.30708700
268.14116889,-12.20472000,3.30708700
268.20516889,-7.87401500,3.30708700
268.26916888,-12.20472000,3.30708700
268.33316888,-10.62992000,3.30708700
268.39716888,-7.87401500,3.30708700
268.46116888,-10.23622000,3.30708700
268.52516888,-11.81102000,3.30708700
268.58916888,-10.23622000,3.22834600
268.65316887,-6.29921200,3.22834600
268.71716887,-11.81102000,3.30708700
268.78116887,-3.54330700,3.22834600
268.84516887,-7.87401500,3.22834600
268.90916887,-6.29921200,3.22834600
268.97316886,-7.87401500,3.30708700
269.03716886,-1.96850400,3.30708700
269.10116886,-10.23622000,3.30708700
269.16516886,-4.33070900,3.30708700
269.22916886,-1.57480300,3.30708700
269.29316886,-3.14960600,3.22834600
269.35716885,-3.54330700,3.30708700
269.42116885,0.00000000,3.22834600
269.48516885,-3.54330700,3.22834600
269.54916885,-5.51181100,3.30708700
269.61316885,-2.36220500,3.30708700
269.67716884,-6.29921200,3.30708700
269.74116884,-5.51181100,3.30708700
269.80516884,-3.54330700,3.30708700
269.86916884,-0.78740150,3.30708700
269.93316884,-7.48031400,3.30708700
269.99716884,-2.36220500,3.30708700
270.06116883,-5.11811000,3.30708700
270.12516883,-2.75590500,3.30708700
270.18916883,-7.87401500,3.30708700
270.25316883,-1.18110200,3.30708700
270.31716883,-5.51181100,3.30708700
270.38116882,-2.75590500,3.30708700
270.44516882,-4.33070900,3.30708700
270.50916882,-2.36220500,3.22834600
270.57316882,-5.90551100,3.30708700
270.63716882,-3.54330700,3.30708700
270.70116882,-0.78740150,3.30708700
270.76516881,-6.29921200,3.30708700
270.82916881,-1.96850400,3.30708700
270.89316881,-1.57480300,3.30708700
270.95716881,-3.54330700,3.30708700
271.02116881,-8.66141700,3.30708700
271.08516880,-1.96850400,3.30708700
271.14916880,-9.05511800,3.30708700
271.21316880,-7.48031400,3.30708700
271.27716880,-4.72440900,3.30708700
271.34116880,-3.54330700,3.30708700
271.40516880,-9.05511800,3.30708700
271.46916879,-0.78740150,3.30708700
271.53316879,-4.72440900,3.30708700
271.59716879,-7.87401500,3.30708700
271.66116879,-5.51181100,3.30708700
271.72516879,-1.57480300,3.22834600
271.78916878,-6.69291300,3.30708700
271.85316878,-3.14960600,3.30708700
271.91716878,1.57480300,3.30708700
271.98116878,-4.33070900,3.30708700
272.04516878,-1.57480300,3.30708700
272.10916878,-2.75590500,3.30708700
272.17316877,-0.78740150,3.30708700
272.23716877,-7.48031400,3.30708700
272.30116877,0.78740150,3.30708700
272.36516877,-5.51181100,3.30708700
272.42916877,-3.54330700,3.30708700
272.49316876,-4.72440900,3.30708700
272.55716876,-1.96850400,3.22834600
272.62116876,-6.69291300,3.30708700
272.68516876,-4.33070900,3.30708700
272.74916876,-2.75590500,3.30708700
272.81316876,-3.93700800,3.22834600
272.87716875,-3.54330700,3.30708700
272.94116875,-0.78740150,3.30708700
273.00516875,-2.36220500,3.30708700
273.06916875,-6.29921200,3.30708700
273.13316875,-0.78740150,3.30708700
273.19716874,-5.11811000,3.30708700
273.26116874,-3.93700800,3.22834600
273.32516874,-3.14960600,3.30708700
273.38916874,0.39370070,3.30708700
273.45316874,-6.69291300,3.30708700
273.51716874,-0.39370070,3.30708700
273.58116873,-6.69291300,3.30708700
273.64516873,-6.29921200,3.30708700
273.70916873,-9.05511800,3.30708700
273.77316873,-4.72440900,3.22834600
273.83716873,-11.02362000,3.22834600
273.90116872,-8.66141700,3.30708700
273.96516872,-5.51181100,3.22834600
274.02916872,-9.44881800,3.22834600
274.09316872,-9.44881800,3.30708700
274.15716872,-9.44881800,3.30708700
274.22116872,-9.44881800,3.30708700
274.28516871,-13.77953000,3.30708700
274.34916871,-6.29921200,3.30708700
274.41316871,-9.05511800,3.30708700
274.47716871,-8.26771600,3.30708700
274.54116871,-9.05511800,3.30708700
274.60516870,-4.33070900,3.30708700
274.66916870,-11.41732000,3.30708700
274.73316870,-6.69291300,3.30708700
274.79716870,-7.48031400,3.30708700
274.86116870,-5.51181100,3.30708700
274.92516870,-9.84251900,3.30708700
274.98916869,-4.33070900,3.30708700
275.05316869,-9.44881800,3.30708700
275.11716869,-11.02362000,3.30708700
275.18116869,-8.26771600,3.30708700
275.24516869,-9.84251900,3.30708700
275.30916869,-11.41732000,3.30708700
275.37316868,-8.66141700,3.30708700
275.43716868,-3.54330700,3.30708700
275.50116868,-12.59842000,3.30708700
275.56516868,-4.33070900,3.30708700
275.62916868,-9.44881800,3.30708700
275.69316867,-10.23622000,3.30708700
275.75716867,-11.02362000,3.30708700
275.82116867,-5.11811000,3.30708700
275.88516867,-12.59842000,3.22834600
275.94916867,-6.29921200,3.30708700
276.01316867,-5.11811000,3.30708700
276.07716866,-8.26771600,3.30708700
276.14116866,-9.05511800,3.30708700
276.20516866,-5.51181100,3.30708700
276.26916866,-9.44881800,3.30708700
276.33316866,-11.02362000,3.30708700
276.39716865,-7.87401500,3.30708700
276.46116865,-11.41732000,3.30708700
276.52516865,-10.62992000,3.30708700
276.58916865,-10.62992000,3.30708700
276.65316865,-9.05511800,3.22834600
276.71716865,-15.35433000,3.30708700
276.78116864,-10.62992000,3.30708700
276.84516864,-11.81102000,3.30708700
276.90916864,-10.23622000,3.22834600
276.97316864,-12.99213000,3.22834600
277.03716864,-8.26771600,3.30708700
277.10116863,-10.62992000,3.22834600
277.16516863,-10.62992000,3.22834600
277.22916863,-9.05511800,3.30708700
277.29316863,-9.05511800,3.30708700
277.35716863,-10.62992000,3.30708700
277.42116863,-6.29921200,3.30708700
277.48516862,-5.11811000,3.30708700
277.54916862,-8.26771600,3.30708700
277.61316862,-6.29921200,3.30708700
277.67716862,-8.26771600,3.22834600
277.74116862,-9.44881800,3.30708700
277.80516861,-14.56693000,3.30708700
277.86916861,-5.11811000,3.22834600
277.93316861,-10.62992000,3.30708700
277.99716861,-7.08661400,3.30708700
278.06116861,-5.11811000,3.30708700
278.12516861,-8.26771600,3.30708700
278.18916860,-12.59842000,3.30708700
278.25316860,-3.93700800,3.30708700
278.31716860,-11.02362000,3.30708700
278.38116860,-10.62992000,3.30708700
278.44516860,-7.48031400,3.30708700
278.50916859,-5.11811000,3.30708700
278.57316859,-8.26771600,3.30708700
278.63716859,-5.51181100,3.30708700
278.70116859,-2.75590500,3.30708700
278.76516859,-9.84251900,3.30708700
278.82916859,-3.14960600,3.30708700
278.89316858,-4.72440900,3.30708700
278.95716858,-5.11811000,3.30708700
279.02116858,-10.23622000,3.30708700
279.08516858,-1.57480300,3.30708700
279.14916858,-10.23622000,3.22834600
279.21316857,-6.29921200,3.30708700
279.27716857,-7.87401500,3.30708700
279.34116857,-4.33070900,3.22834600
279.40516857,-9.84251900,3.30708700
279.46916857,-2.36220500,3.30708700
279.53316857,-3.93700800,3.30708700
279.59716856,-3.93700800,3.30708700
279.66116856,-4.72440900,3.22834600
279.72516856,0.00000000,3.30708700
279.78916856,-6.29921200,3.30708700
279.85316856,-5.51181100,3.30708700
279.91716855,1.57480300,3.30708700
279.98116855,-0.39370070,3.30708700
280.04516855,0.39370070,3.30708700
280.10916855,-0.78740150,3.30708700
280.17316855,1.57480300,3.30708700
280.23716855,-5.51181100,3.30708700
280.30116854,1.96850400,3.30708700
280.36516854,-5.11811000,3.30708700
280.42916854,-3.14960600,3.30708700
280.49316854,-3.93700800,3.30708700
280.55716854,0.39370070,3.30708700
280.62116853,-5.51181100,3.30708700
280.68516853,-1.18110200,3.30708700
280.74916853,-1.57480300,3.30708700
280.81316853,-2.36220500,3.30708700
280.87716853,0.00000000,3.30708700
280.94116853,6.69291300,0.15748030
281.00516852,0.00000000,0.07874016
281.06916852,-1.96850400,0.07874016
281.13316852,2.36220500,0.07874016
281.19716852,-3.54330700,0.07874016
281.26116852,-1.57480300,0.07874016
281.32516851,-3.54330700,0.07874016
281.38916851,0.39370070,0.07874016
281.45316851,-5.51181100,0.07874016
281.51716851,2.75590500,0.07874016
281.58116851,-2.75590500,0.07874016
281.64516851,-0.78740150,0.07874016
281.70916850,-5.51181100,0.07874016
281.77316850,-0.78740150,0.07874016
281.83716850,-5.90551100,0.07874016
281.90116850,-4.72440900,0.07874016
281.96516850,-2.36220500,0.07874016
282.02916849,-5.51181100,0.07874016
282.09316849,-4.72440900,0.07874016
282.15716849,-1.96850400,0.07874016
282.22116849,-1.57480300,0.07874016
282.28516849,-7.87401500,0.07874016
282.34916849,-1.57480300,0.07874016
282.41316848,-5.11811000,0.07874016
282.47716848,-4.72440900,0.07874016
282.54116848,-2.36220500,0.07874016
282.60516848,2.75590500,0.07874016
282.66916848,-5.11811000,0.07874016
282.73316848,1.96850400,0.07874016
282.79716847,1.18110200,0.07874016
282.86116847,-0.39370070,0.07874016
282.92516847,-1.57480300,0.07874016
282.98916847,2.36220500,0.07874016
283.05316847,-3.14960600,0.07874016
283.11716846,-1.57480300,0.07874016
283.18116846,1.57480300,0.07874016
283.24516846,-1.96850400,0.07874016
283.30916846,-1.18110200,0.07874016
283.37316846,-2.36220500,0.07874016
283.43716846,1.18110200,0.07874016
283.50116845,-5.51181100,0.07874016
283.56516845,2.75590500,0.07874016
283.62916845,-1.57480300,0.07874016
283.69316845,1.96850400,0.07874016
283.75716845,-2.36220500,0.07874016
283.82116844,1.96850400,0.07874016
283.88516844,-2.75590500,0.07874016
283.94916844,-1.18110200,0.07874016
284.01316844,0.39370070,0.07874016
284.07716844,0.00000000,0.07874016
284.14116844,-1.57480300,0.07874016
284.20516843,1.96850400,0.07874016
284.26916843,0.39370070,0.07874016
284.33316843,-5.51181100,0.07874016
284.39716843,-2.36220500,0.07874016
284.46116843,-3.14960600,0.07874016
284.52516842,-5.51181100,0.07874016
284.58916842,-5.90551100,0.07874016
284.65316842,1.57480300,0.07874016
284.71716842,-8.26771600,0.07874016
284.78116842,-1.96850400,0.07874016
284.84516842,-4.33070900,0.07874016
284.90916841,-3.54330700,0.07874016
284.97316841,-10.62992000,0.07874016
285.03716841,-0.39370070,0.07874016
285.10116841,-3.93700800,0.07874016
285.16516841,-4.33070900,0.07874016
285.22916840,0.00000000,0.07874016
285.29316840,-1.57480300,0.07874016
285.35716840,-2.75590500,0.07874016
285.42116840,-2.36220500,0.07874016
285.48516840,0.00000000,0.00000000
285.54916840,-5.90551100,0.07874016
285.61316839,0.78740150,0.07874016
285.67716839,-1.18110200,0.00000000
285.74116839,-1.96850400,0.07874016
285.80516839,-6.29921200,0.07874016
285.86916839,-0.39370070,0.07874016
285.93316838,-5.90551100,0.07874016
285.99716838,-3.14960600,0.07874016
286.06116838,-3.54330700,0.07874016
286.12516838,-0.78740150,0.07874016
286.18916838,-4.72440900,0.07874016
286.25316838,1.18110200,0.07874016
286.31716837,-1.96850400,0.00000000
286.38116837,-3.93700800,0.07874016
286.44516837,-2.75590500,0.07874016
286.50916837,-0.78740150,0.07874016
286.57316837,-3.54330700,0.07874016
286.63716836,-2.75590500,0.07874016
286.70116836,2.36220500,0.00000000
286.76516836,-3.54330700,0.07874016
286.82916836,1.18110200,0.07874016
286.89316836,-1.57480300,0.07874016
286.95716836,-1.57480300,0.00000000
287.02116835,-7.08661400,0.07874016
287.08516835,0.00000000,0.07874016
287.14916835,-6.29921200,0.07874016
287.21316835,-4.33070900,0.07874016
287.27716835,-3.14960600,0.07874016
287.34116834,-2.36220500,0.07874016
287.40516834,-7.08661400,0.07874016
287.46916834,-4.72440900,0.07874016
287.53316834,-5.11811000,0.07874016
287.59716834,-6.69291300,0.00000000
287.66116834,-4.33070900,0.07874016
287.72516833,-1.57480300,0.07874016
287.78916833,-3.54330700,0.07874016
287.85316833,-3.14960600,0.07874016
287.91716833,0.00000000,0.07874016
287.98116833,-4.33070900,0.07874016
288.04516832,-1.96850400,0.07874016
288.10916832,-3.93700800,0.07874016
288.17316832,2.36220500,0.07874016
288.23716832,-3.93700800,0.07874016
288.30116832,2.36220500,0.00000000
288.36516832,-1.96850400,0.00000000
288.42916831,-3.54330700,0.07874016
288.49316831,-5.11811000,0.00000000
288.55716831,-1.96850400,0.00000000
288.62116831,-6.29921200,0.07874016
288.68516831,-3.14960600,0.00000000
288.74916830,1.18110200,0.07874016
288.81316830,-3.14960600,0.07874016
288.87716830,-3.14960600,0.07874016
288.94116830,-0.78740150,0.07874016
289.00516830,-2.75590500,0.00000000
289.06916830,-6.29921200,0.07874016
289.13316829,2.36220500,0.00000000
289.19716829,-3.54330700,0.00000000
289.26116829,-1.57480300,0.00000000
289.32516829,-0.39370070,0.00000000
289.38916829,1.57480300,0.00000000
289.45316828,-7.08661400,0.00000000
289.51716828,1.96850400,0.00000000
289.58116828,-1.96850400,0.00000000
289.64516828,-3.54330700,0.00000000
289.70916828,-4.33070900,0.00000000
289.77316828,-1.57480300,0.07874016
289.83716827,-6.69291300,0.00000000
289.90116827,-5.11811000,0.07874016
289.96516827,-1.96850400,0.00000000
290.02916827,-8.66141700,0.00000000
290.09316827,-5.11811000,0.00000000
290.15716827,-4.33070900,0.07874016
290.22116826,-0.78740150,0.07874016
290.28516826,-6.29921200,0.07874016
290.34916826,1.57480300,0.07874016
290.41316826,-2.36220500,0.00000000
290.47716826,-1.57480300,0.07874016
290.54116825,-3.14960600,0.00000000
290.60516825,0.39370070,0.00000000
290.66916825,-3.54330700,0.00000000
290.73316825,0.39370070,0.07874016
290.79716825,1.96850400,0.00000000
290.86116825,2.75590500,0.00000000
290.92516824,-1.57480300,0.00000000
290.98916824,3.14960600,0.00000000
291.05316824,-0.78740150,0.00000000
291.11716824,-5.90551100,0.00000000
291.18116824,-0.78740150,0.00000000
291.24516823,-1.96850400,0.00000000
291.30916823,-1.57480300,0.00000000
291.37316823,-2.75590500,0.07874016
291.43716823,2.75590500,0.00000000
291.50116823,-7.08661400,0.07874016
291.56516823,0.00000000,0.00000000
291.62916822,-2.36220500,0.00000000
291.69316822,-1.96850400,0.00000000
291.75716822,-4.33070900,0.07874016
291.82116822,3.93700800,0.07874016
291.88516822,-1.57480300,0.07874016
291.94916821,-0.78740150,0.07874016
292.01316821,0.39370070,0.07874016
292.07716821,0.00000000,0.00000000
292.14116821,-2.36220500,0.00000000
292.20516821,0.00000000,0.00000000
292.26916821,0.39370070,0.00000000
292.33316820,-3.93700800,0.07874016
292.39716820,-0.39370070,0.00000000
292.46116820,-2.36220500,0.00000000
292.52516820,-3.93700800,0.00000000
292.58916820,-6.69291300,0.00000000
292.65316819,-1.57480300,0.00000000
292.71716819,-7.87401500,0.00000000
292.78116819,-4.72440900,0.07874016
292.84516819,-4.72440900,0.07874016
292.90916819,-1.57480300,0.07874016
292.97316819,-8.26771600,0.07874016
293.03716818,-0.78740150,0.07874016
293.10116818,-5.11811000,0.00000000
293.16516818,-6.29921200,0.07874016
293.22916818,-3.14960600,0.07874016
293.29316818,-1.96850400,0.07874016
293.35716817,-4.33070900,0.00000000
293.42116817,-1.96850400,0.00000000
293.48516817,1.96850400,0.00000000
293.54916817,-4.72440900,0.00000000
293.61316817,-0.78740150,0.07874016
293.67716817,-3.93700800,0.00000000
293.74116816,-4.72440900,0.00000000
293.80516816,-6.69291300,0.00000000
293.86916816,-1.57480300,0.00000000
293.93316816,-7.87401500,0.07874016
293.99716816,-3.14960600,0.00000000
294.06116815,-6.29921200,0.00000000
294.12516815,-5.11811000,0.00000000
294.18916815,-9.44881800,0.00000000
294.25316815,-5.90551100,0.07874016
294.31716815,-7.87401500,0.00000000
294.38116815,-4.72440900,0.00000000
294.44516814,-5.90551100,0.00000000
294.50916814,-4.33070900,0.07874016
294.57316814,-6.29921200,0.00000000
294.63716814,-7.87401500,0.07874016
294.70116814,-3.54330700,0.00000000
294.76516813,-9.05511800,0.00000000
294.82916813,-5.51181100,0.00000000
294.89316813,-6.29921200,0.00000000
294.95716813,-2.75590500,0.00000000
295.02116813,-11.41732000,0.00000000
295.08516813,-4.72440900,0.07874016
295.14916812,-9.44881800,0.00000000
295.21316812,-9.44881800,0.00000000
295.27716812,-9.44881800,0.00000000
295.34116812,-6.69291300,0.07874016
295.40516812,-12.20472000,0.00000000
295.46916811,-8.26771600,0.07874016
295.53316811,-6.69291300,0.00000000
295.59716811,-12.59842000,0.07874016
295.66116811,-11.41732000,0.07874016
295.72516811,-7.48031400,0.07874016
295.78916811,-9.44881800,0.00000000
295.85316810,-9.44881800,0.07874016
295.91716810,-3.14960600,0.07874016
295.98116810,-7.87401500,0.07874016
296.04516810,-4.33070900,0.00000000
296.10916810,-6.29921200,0.07874016
296.17316809,-3.54330700,0.07874016
296.23716809,-11.81102000,0.00000000
296.30116809,-1.96850400,0.00000000
296.36516809,-7.87401500,0.00000000
296.42916809,-6.69291300,0.00000000
296.49316809,-8.66141700,0.07874016
296.55716808,-5.11811000,0.00000000
296.62116808,-10.62992000,0.00000000
296.68516808,-7.87401500,0.07874016
296.74916808,-7.08661400,0.00000000
296.81316808,-11.02362000,0.07874016
296.87716808,-8.26771600,0.07874016
296.94116807,-7.87401500,0.00000000
297.00516807,-6.29921200,0.00000000
297.06916807,-9.44881800,0.00000000
297.13316807,-5.51181100,0.00000000
297.19716807,-7.48031400,0.00000000
297.26116806,-8.66141700,0.07874016
297.32516806,-10.23622000,0.00000000
297.38916806,-3.93700800,0.00000000
297.45316806,-9.44881800,0.00000000
297.51716806,-2.36220500,0.00000000
297.58116806,-3.93700800,0.00000000
297.64516805,-3.93700800,0.00000000
297.70916805,-9.44881800,0.00000000
297.77316805,-3.14960600,0.00000000
297.83716805,-10.62992000,0.00000000
297.90116805,-11.02362000,0.07874016
297.96516804,-7.08661400,0.07874016
298.02916804,-8.26771600,0.00000000
298.09316804,-10.23622000,0.00000000
298.15716804,-8.66141700,0.07874016
298.22116804,-6.69291300,0.00000000
298.28516804,-12.99213000,0.07874016
298.34916803,-6.29921200,0.00000000
298.41316803,-9.05511800,0.07874016
298.47716803,-9.05511800,0.00000000
298.54116803,-8.26771600,0.07874016
298.60516803,-3.93700800,0.07874016
298.66916802,-9.44881800,0.00000000
298.73316802,-7.08661400,0.07874016
298.79716802,-9.05511800,0.07874016
298.86116802,-5.51181100,0.00000000
298.92516802,-10.23622000,0.00000000
298.98916802,-4.33070900,0.07874016
299.05316801,-6.29921200,0.00000000
299.11716801,-8.26771600,0.00000000
299.18116801,-7.87401500,0.07874016
299.24516801,-7.87401500,0.00000000
299.30916801,-11.02362000,0.00000000
299.37316800,-10.62992000,0.07874016
299.43716800,-4.33070900,0.07874016
299.50116800,-11.81102000,0.00000000
299.56516800,-6.69291300,0.00000000
299.62916800,-8.26771600,0.00000000
299.69316800,-6.29921200,0.00000000
299.75716799,-11.41732000,0.00000000
299.82116799,-2.75590500,0.00000000
299.88516799,-8.26771600,0.07874016
299.94916799,-6.69291300,0.00000000
300.01316799,-3.93700800,0.00000000
300.07716798,-3.54330700,0.00000000
300.14116798,-7.08661400,0.00000000
300.20516798,-2.36220500,0.00000000
300.26916798,-4.33070900,0.00000000
300.33316798,-8.26771600,0.07874016
300.39716798,-7.08661400,0.00000000
300.46116797,-8.26771600,0.00000000
300.52516797,-9.44881800,0.00000000
300.58916797,-7.08661400,0.07874016
300.65316797,-3.54330700,0.00000000
300.71716797,-9.84251900,0.00000000
300.78116796,-7.87401500,0.07874016
300.84516796,-10.23622000,0.00000000
300.90916796,-7.08661400,0.00000000
300.97316796,-14.17323000,0.00000000
301.03716796,-5.90551100,0.07874016
301.10116796,-10.23622000,0.00000000
301.16516795,-7.48031400,0.07874016
301.22916795,-9.05511800,0.00000000
301.29316795,-7.87401500,0.07874016
301.35716795,-9.44881800,0.00000000
301.42116795,-7.87401500,0.00000000
301.48516794,-7.08661400,0.07874016
301.54916794,-7.87401500,0.00000000
301.61316794,-6.69291300,0.07874016
301.67716794,-5.11811000,0.00000000
301.74116794,-4.33070900,0.00000000
301.80516794,-11.41732000,0.00000000
301.86916793,-6.69291300,0.00000000
301.93316793,-10.62992000,0.00000000
301.99716793,-10.23622000,0.00000000
302.06116793,-8.66141700,0.07874016
302.12516793,-3.93700800,0.00000000
302.18916792,-11.02362000,0.00000000
302.25316792,-3.14960600,0.00000000
302.31716792,-6.69291300,0.00000000
302.38116792,-7.08661400,0.00000000
302.44516792,-7.87401500,0.07874016
302.50916792,-1.57480300,0.00000000
302.57316791,-7.87401500,0.00000000
302.63716791,-4.33070900,0.00000000
302.70116791,-2.36220500,0.00000000
302.76516791,-6.69291300,0.00000000
302.82916791,-4.72440900,0.00000000
302.89316790,-4.33070900,0.00000000
302.95716790,-3.54330700,0.07874016
303.02116790,-9.84251900,0.00000000
303.08516790,-1.96850400,0.00000000
303.14916790,-6.69291300,0.00000000
303.21316790,-5.51181100,0.00000000
303.27716789,-7.87401500,0.00000000
303.34116789,-3.14960600,0.00000000
303.40516789,-10.23622000,0.00000000
303.46916789,-7.48031400,0.07874016
303.53316789,-7.87401500,0.07874016
303.59716788,-7.48031400,0.07874016
303.66116788,-7.87401500,0.07874016
303.72516788,-3.93700800,0.07874016
303.78916788,-6.29921200,0.07874016
303.85316788,-7.87401500,0.00000000
303.91716788,-4.33070900,0.00000000
303.98116787,-5.51181100,0.00000000
304.04516787,-5.11811000,0.00000000
304.10916787,-4.72440900,0.00000000
304.17316787,0.00000000,0.07874016
304.23716787,-6.69291300,0.00000000
304.30116787,0.00000000,0.00000000
304.36516786,-3.93700800,0.00000000
304.42916786,-3.14960600,0.00000000
304.49316786,-8.26771600,0.00000000
304.55716786,-0.78740150,0.00000000
304.62116786,-7.87401500,0.00000000
304.68516785,-3.54330700,0.07874016
304.74916785,-1.57480300,0.00000000
304.81316785,-1.18110200,0.00000000
304.87716785,-4.72440900,0.00000000
304.94116785,-3.93700800,0.07874016
305.00516785,-3.54330700,0.00000000
305.06916784,-6.29921200,0.00000000
305.13316784,-1.96850400,0.00000000
305.19716784,-1.96850400,0.00000000
305.26116784,-3.14960600,0.00000000
305.32516784,-4.33070900,0.00000000
305.38916783,0.78740150,0.00000000
305.45316783,-6.69291300,0.00000000
305.51716783,-4.33070900,0.00000000
305.58116783,-5.11811000,0.00000000
305.64516783,-1.57480300,0.00000000
305.70916783,-8.26771600,0.00000000
305.77316782,-1.96850400,0.07874016
305.83716782,-7.08661400,0.00000000
305.90116782,-8.66141700,0.00000000
305.96516782,-8.66141700,0.00000000
306.02916782,-5.90551100,0.00000000
306.09316781,-12.99213000,0.00000000
306.15716781,-10.23622000,0.07874016
306.22116781,-5.51181100,0.07874016
306.28516781,-11.81102000,0.07874016
306.34916781,-7.08661400,0.07874016
306.41316781,-7.08661400,0.00000000
306.47716780,-5.51181100,0.00000000
306.54116780,-11.02362000,0.00000000
306.60516780,-1.18110200,0.07874016
306.66916780,-7.87401500,0.00000000
306.73316780,-5.11811000,0.00000000
306.79716779,-3.14960600,0.07874016
306.86116779,-2.36220500,0.07874016
306.92516779,-8.26771600,0.00000000
306.98916779,-2.75590500,0.00000000
307.05316779,-5.90551100,0.00000000
307.11716779,-6.29921200,0.00000000
307.18116778,-5.90551100,0.00000000
307.24516778,-4.33070900,0.00000000
307.30916778,-6.29921200,0.00000000
307.37316778,-4.33070900,0.00000000
307.43716778,-3.54330700,0.00000000
307.50116777,-7.87401500,0.07874016
307.56516777,-5.51181100,0.00000000
307.62916777,-7.87401500,0.00000000
307.69316777,-3.54330700,0.07874016
307.75716777,-8.26771600,0.00000000
307.82116777,-1.96850400,0.00000000
307.88516776,-5.51181100,0.00000000
307.94916776,-3.93700800,0.00000000
308.01316776,-7.87401500,0.00000000
308.07716776,-3.14960600,0.00000000
308.14116776,-8.66141700,0.00000000
308.20516775,-5.11811000,0.00000000
308.26916775,-3.14960600,0.07874016
308.33316775,-4.33070900,0.00000000
308.39716775,-6.69291300,0.00000000
308.46116775,-5.51181100,0.00000000
308.52516775,-7.48031400,0.00000000
308.58916774,-12.20472000,0.00000000
308.65316774,-7.08661400,0.00000000
308.71716774,-7.87401500,0.07874016
308.78116774,-7.48031400,0.00000000
308.84516774,-6.69291300,0.07874016
308.90916773,-5.11811000,0.07874016
308.97316773,-12.20472000,0.07874016
309.03716773,-6.69291300,0.00000000
309.10116773,-8.66141700,0.00000000
309.16516773,-8.66141700,0.00000000
309.22916773,-9.84251900,0.07874016
309.29316772,-2.75590500,0.07874016
309.35716772,-8.26771600,0.00000000
309.42116772,-5.11811000,0.07874016
309.48516772,-4.33070900,0.00000000
309.54916772,-6.29921200,0.00000000
309.61316771,-6.29921200,0.07874016
309.67716771,-3.93700800,0.00000000
309.74116771,-3.14960600,0.00000000
309.80516771,-8.26771600,0.07874016
309.86916771,-2.75590500,0.00000000
309.93316771,-6.69291300,0.00000000
309.99716770,-7.08661400,0.00000000
310.06116770,-9.05511800,0.00000000
310.12516770,-3.54330700,0.00000000
310.18916770,-11.02362000,0.00000000
310.25316770,-5.51181100,0.00000000
310.31716769,-7.48031400,0.00000000
310.38116769,-5.90551100,0.07874016
310.44516769,-8.26771600,0.07874016
310.50916769,-2.75590500,0.00000000
310.57316769,-7.48031400,0.00000000
310.63716769,-8.26771600,0.00000000
310.70116768,-4.72440900,0.00000000
310.76516768,-3.54330700,0.00000000
310.82916768,-6.69291300,0.00000000
310.89316768,-2.75590500,0.00000000
310.95716768,-0.78740150,0.00000000
311.02116767,-8.26771600,0.00000000
311.08516767,-2.36220500,0.00000000
311.14916767,-6.29921200,0.07874016
311.21316767,-5.90551100,0.00000000
311.27716767,-9.05511800,0.00000000
311.34116767,-0.39370070,0.00000000
311.40516766,-8.66141700,0.00000000
311.46916766,-5.51181100,0.00000000
311.53316766,-8.26771600,0.00000000
311.59716766,-7.08661400,0.00000000
311.66116766,-12.59842000,0.07874016
311.72516766,-7.48031400,0.00000000
311.78916765,-7.48031400,0.00000000
311.85316765,-7.08661400,0.00000000
311.91716765,-4.33070900,0.00000000
311.98116765,-3.93700800,0.07874016
312.04516765,-4.72440900,0.00000000
312.10916764,-6.29921200,0.00000000
312.17316764,-3.54330700,0.00000000
312.23716764,-5.90551100,0.07874016
312.30116764,-4.33070900,0.00000000
312.36516764,-3.54330700,0.00000000
312.42916764,0.39370070,0.00000000
312.49316763,-8.26771600,0.00000000
312.55716763,-2.36220500,0.00000000
312.62116763,-7.87401500,0.00000000
312.68516763,-7.48031400,0.00000000
312.74916763,-7.87401500,0.00000000
312.81316762,-1.57480300,0.00000000
312.87716762,-9.44881800,0.07874016
312.94116762,-5.11811000,0.07874016
313.00516762,-3.14960600,0.00000000
313.06916762,-9.05511800,0.00000000
313.13316762,-7.08661400,0.07874016
313.19716761,-4.72440900,0.07874016
313.26116761,-5.51181100,0.00000000
313.32516761,-9.84251900,0.00000000
313.38916761,-0.39370070,0.00000000
313.45316761,-6.69291300,0.00000000
313.51716760,-4.72440900,0.00000000
313.58116760,-3.14960600,0.00000000
313.64516760,-1.96850400,0.00000000
313.70916760,-9.05511800,0.00000000
313.77316760,-2.75590500,0.00000000
313.83716760,-6.29921200,0.00000000
313.90116759,-6.69291300,0.00000000
313.96516759,-8.66141700,0.00000000
314.02916759,-5.11811000,0.07874016
314.09316759,-9.84251900,0.00000000
314.15716759,-8.66141700,0.00000000
314.22116758,-8.26771600,0.00000000
314.28516758,-9.84251900,0.07874016
314.34916758,-9.05511800,0.07874016
314.41316758,-7.87401500,0.07874016
314.47716758,-3.93700800,0.00000000
314.54116758,-10.23622000,0.00000000
314.60516757,-2.75590500,0.00000000
314.66916757,-7.87401500,0.07874016
314.73316757,-5.90551100,0.00000000
314.79716757,-8.26771600,0.00000000
314.86116757,-1.18110200,0.00000000
314.92516756,-5.90551100,0.00000000
314.98916756,-1.96850400,0.00000000
315.05316756,-1.96850400,0.00000000
315.11716756,-3.54330700,0.00000000
315.18116756,-7.08661400,0.00000000
315.24516756,-3.54330700,0.00000000
315.30916755,-5.51181100,0.00000000
315.37316755,-7.08661400,0.00000000
315.43716755,-3.14960600,0.00000000
315.50116755,-3.54330700,0.00000000
315.56516755,-4.72440900,0.00000000
315.62916754,-4.72440900,0.00000000
315.69316754,-3.54330700,0.00000000
315.75716754,-9.05511800,0.00000000
315.82116754,-2.36220500,0.00000000
315.88516754,-4.33070900,0.00000000
315.94916754,-0.78740150,0.00000000
316.01316753,-4.72440900,0.00000000
316.07716753,2.36220500,0.07874016
316.14116753,-4.33070900,0.00000000
316.20516753,-1.96850400,0.00000000
316.26916753,-3.54330700,0.00000000
316.33316752,-1.57480300,0.00000000
316.39716752,-4.33070900,0.00000000
316.46116752,-2.36220500,0.00000000
316.52516752,-2.75590500,0.00000000
316.58916752,-7.87401500,0.00000000
316.65316752,-5.11811000,0.00000000
316.71716751,-7.08661400,0.00000000
316.78116751,-9.05511800,0.00000000
316.84516751,-11.81102000,0.07874016
316.90916751,-5.90551100,0.07874016
316.97316751,-12.20472000,0.00000000
317.03716750,-9.05511800,0.07874016
317.10116750,-9.44881800,0.00000000
317.16516750,-7.87401500,0.00000000
317.22916750,-12.59842000,0.07874016
317.29316750,-6.29921200,0.07874016
317.35716750,-10.23622000,0.00000000
317.42116749,-10.62992000,0.07874016
317.48516749,-6.69291300,0.07874016
317.54916749,-4.72440900,0.07874016
317.61316749,-9.05511800,0.00000000
317.67716749,-4.72440900,0.00000000
317.74116748,-3.54330700,0.00000000
317.80516748,-9.05511800,0.00000000
317.86916748,-3.93700800,0.00000000
317.93316748,-6.69291300,0.00000000
317.99716748,-5.90551100,0.07874016
318.06116748,-8.66141700,0.00000000
318.12516747,-1.18110200,0.00000000
318.18916747,-9.84251900,0.00000000
318.25316747,-5.90551100,0.00000000
318.31716747,-9.44881800,0.00000000
318.38116747,-6.29921200,0.07874016
318.44516747,-9.84251900,0.00000000
318.50916746,-3.54330700,0.00000000
318.57316746,-3.93700800,0.00000000
318.63716746,-4.33070900,0.00000000
318.70116746,-5.11811000,0.00000000
318.76516746,-2.75590500,0.00000000
318.82916745,-7.08661400,0.00000000
318.89316745,-7.08661400,0.00000000
318.95716745,-2.75590500,0.00000000
319.02116745,-5.51181100,0.00000000
319.08516745,-5.90551100,0.00000000
319.14916745,-5.51181100,0.00000000
319.21316744,-4.33070900,0.00000000
319.27716744,-13.77953000,0.00000000
319.34116744,-6.69291300,0.00000000
319.40516744,-10.62992000,0.00000000
319.46916744,-10.23622000,0.00000000
319.53316743,-12.59842000,0.07874016
319.59716743,-5.11811000,0.00000000
319.66116743,-13.77953000,0.00000000
319.72516743,-10.23622000,0.07874016
319.78916743,-10.23622000,0.00000000
319.85316743,-11.81102000,0.00000000
319.91716742,-12.20472000,0.00000000
319.98116742,-8.26771600,0.07874016
320.04516742,-5.90551100,0.00000000
320.10916742,-9.84251900,0.07874016
320.17316742,-1.96850400,0.00000000
320.23716741,-7.08661400,0.07874016
320.30116741,-7.48031400,0.00000000
320.36516741,-8.66141700,0.00000000
320.42916741,-3.54330700,0.00000000
320.49316741,-9.84251900,0.00000000
320.55716741,-4.33070900,0.00000000
320.62116740,-4.72440900,0.00000000
320.68516740,-6.69291300,0.00000000
320.74916740,-10.23622000,0.00000000
320.81316740,-5.11811000,0.00000000
320.87716740,-9.84251900,0.00000000
320.94116739,-6.29921200,0.07874016
321.00516739,-6.69291300,0.07874016
321.06916739,-5.51181100,0.00000000
321.13316739,-6.29921200,0.00000000
321.19716739,0.00000000,0.07874016
321.26116739,-2.75590500,0.00000000
321.32516738,-9.84251900,0.00000000
321.38916738,-3.54330700,0.00000000
321.45316738,-5.51181100,0.00000000
321.51716738,-4.33070900,0.00000000
321.58116738,-7.87401500,0.00000000
321.64516737,0.78740150,0.00000000
321.70916737,-7.48031400,0.00000000
321.77316737,-2.75590500,0.00000000
321.83716737,-5.90551100,0.00000000
321.90116737,-6.29921200,0.00000000
321.96516737,-11.41732000,0.00000000
322.02916736,-1.57480300,0.00000000
322.09316736,-7.87401500,0.00000000
322.15716736,-11.02362000,0.07874016
322.22116736,-7.48031400,0.00000000
322.28516736,-9.05511800,0.00000000
322.34916735,-11.41732000,0.00000000
322.41316735,-9.84251900,0.00000000
322.47716735,-6.29921200,0.07874016
322.54116735,-10.23622000,0.00000000
322.60516735,-5.90551100,0.07874016
322.66916735,-5.90551100,0.07874016
322.73316734,-3.54330700,0.07874016
322.79716734,-9.44881800,0.00000000
322.86116734,-1.96850400,0.00000000
322.92516734,-9.05511800,0.00000000
322.98916734,-5.11811000,0.00000000
323.05316733,-7.08661400,0.07874016
323.11716733,-1.57480300,0.00000000
323.18116733,-7.08661400,0.00000000
323.24516733,-3.14960600,0.00000000
323.30916733,-3.54330700,0.00000000
323.37316733,-9.05511800,0.00000000
323.43716732,-6.29921200,0.00000000
323.50116732,-6.29921200,0.00000000
323.56516732,-6.69291300,0.00000000
323.62916732,-7.87401500,0.00000000
323.69316732,-0.39370070,0.00000000
323.75716731,-7.08661400,0.00000000
323.82116731,-4.33070900,0.00000000
323.88516731,-6.29921200,0.00000000
323.94916731,-3.93700800,0.00000000
324.01316731,-11.02362000,0.07874016
324.07716731,-1.57480300,0.00000000
324.14116730,-5.90551100,0.00000000
324.20516730,-5.51181100,0.00000000
324.26916730,-3.54330700,0.00000000
324.33316730,-2.36220500,0.00000000
324.39716730,-9.44881800,0.00000000
324.46116729,-4.72440900,0.00000000
324.52516729,-4.72440900,0.00000000
324.58916729,-9.44881800,0.00000000
324.65316729,-5.11811000,0.00000000
324.71716729,-6.69291300,0.00000000
324.78116729,-6.29921200,0.00000000
324.84516728,-10.23622000,0.07874016
324.90916728,-4.33070900,0.00000000
324.97316728,-12.99213000,0.00000000
325.03716728,-7.08661400,0.00000000
325.10116728,-9.05511800,0.07874016
325.16516727,-2.75590500,0.07874016
325.22916727,-10.62992000,0.00000000
325.29316727,-6.29921200,0.07874016
325.35716727,-6.69291300,0.00000000
325.42116727,-6.69291300,0.07874016
325.48516727,-7.48031400,0.07874016
325.54916726,-5.51181100,0.00000000
325.61316726,-5.51181100,0.00000000
325.67716726,-7.08661400,0.00000000
325.74116726,-0.78740150,0.00000000
325.80516726,-3.93700800,0.00000000
325.86916726,-5.11811000,0.00000000
325.93316725,-4.72440900,0.00000000
325.99716725,-1.96850400,0.00000000
326.06116725,-10.62992000,0.07874016
326.12516725,-2.75590500,0.00000000
326.18916725,-3.93700800,0.00000000
326.25316724,-3.54330700,0.00000000
326.31716724,-5.90551100,0.00000000
326.38116724,0.00000000,0.00000000
326.44516724,-9.05511800,0.07874016
326.50916724,-4.72440900,0.07874016
326.57316724,-1.96850400,0.00000000
326.63716723,-3.54330700,0.00000000
326.70116723,-3.54330700,0.00000000
326.76516723,0.78740150,0.07874016
326.82916723,0.00000000,0.00000000
326.89316723,-5.90551100,0.00000000
326.95716722,0.78740150,0.00000000
327.02116722,-3.93700800,0.00000000
327.08516722,-2.36220500,0.00000000
327.14916722,-2.75590500,0.07874016
327.21316722,1.96850400,0.00000000
327.27716722,-6.29921200,0.00000000
327.34116721,-1.96850400,0.00000000
327.40516721,-3.14960600,0.00000000
327.46916721,-4.33070900,0.00000000
327.53316721,-8.26771600,0.00000000
327.59716721,-3.54330700,0.00000000
327.66116720,-6.29921200,0.00000000
327.72516720,-7.87401500,0.00000000
327.78916720,-6.29921200,0.07874016
327.85316720,-4.33070900,0.07874016
327.91716720,-8.66141700,0.07874016
327.98116720,-6.69291300,0.07874016
328.04516719,-2.75590500,0.00000000
328.10916719,-10.62992000,0.00000000
328.17316719,-3.93700800,0.00000000
328.23716719,-3.93700800,0.00000000
328.30116719,-4.72440900,0.00000000
328.36516718,-8.26771600,0.00000000
328.42916718,-0.78740150,0.00000000
328.49316718,-8.66141700,0.00000000
328.55716718,-5.90551100,0.07874016
328.62116718,-7.08661400,0.00000000
328.68516718,-6.29921200,0.00000000
328.74916717,-9.44881800,0.07874016
328.81316717,-6.29921200,0.00000000
328.87716717,-6.69291300,0.00000000
328.94116717,-9.05511800,0.00000000
329.00516717,-6.69291300,0.00000000
329.06916716,-7.08661400,0.00000000
329.13316716,-7.08661400,0.00000000
329.19716716,-6.69291300,0.07874016
329.26116716,-1.57480300,0.00000000
329.32516716,-4.72440900,0.00000000
329.38916716,-2.36220500,0.00000000
329.45316715,-4.33070900,0.00000000
329.51716715,-3.54330700,0.00000000
329.58116715,-8.66141700,0.07874016
329.64516715,-1.96850400,0.00000000
329.70916715,-5.90551100,0.00000000
329.77316714,-3.93700800,0.00000000
329.83716714,-4.72440900,0.00000000
329.90116714,-0.78740150,0.00000000
329.96516714,-8.26771600,0.00000000
330.02916714,-7.08661400,0.07874016
330.09316714,-6.29921200,0.00000000
330.15716713,-10.62992000,0.07874016
330.22116713,-8.26771600,0.00000000
330.28516713,-8.26771600,0.00000000
330.34916713,-8.26771600,0.00000000
330.41316713,-13.38583000,0.07874016
330.47716712,-7.08661400,0.07874016
330.54116712,-12.99213000,0.07874016
330.60516712,-11.02362000,0.00000000
330.66916712,-11.81102000,0.07874016
330.73316712,-5.90551100,0.00000000
330.79716712,-12.59842000,0.00000000
330.86116711,-4.33070900,0.00000000
330.92516711,-8.26771600,0.07874016
330.98916711,-10.62992000,0.00000000
331.05316711,-7.08661400,0.00000000
331.11716711,-7.08661400,0.00000000
331.18116710,-10.62992000,0.00000000
331.24516710,-7.08661400,0.00000000
331.30916710,-4.72440900,0.07874016
331.37316710,-8.66141700,0.00000000
331.43716710,-5.90551100,0.00000000
331.50116710,-7.87401500,0.00000000
331.56516709,-5.90551100,0.00000000
331.62916709,-10.23622000,0.00000000
331.69316709,-3.54330700,0.00000000
331.75716709,-10.62992000,0.00000000
331.82116709,-5.11811000,0.07874016
331.88516708,-8.26771600,0.00000000
331.94916708,-3.54330700,0.00000000
332.01316708,-9.84251900,0.00000000
332.07716708,-5.51181100,0.00000000
332.14116708,-6.29921200,0.07874016
332.20516708,-5.90551100,0.00000000
332.26916707,-5.51181100,0.00000000
332.33316707,-3.14960600,0.00000000
332.39716707,-3.93700800,0.00000000
332.46116707,-7.08661400,0.00000000
332.52516707,-2.75590500,0.00000000
332.58916707,-8.66141700,0.00000000
332.65316706,-9.84251900,0.00000000
332.71716706,-8.66141700,0.00000000
332.78116706,-5.11811000,0.00000000
332.84516706,-12.99213000,0.00000000
332.90916706,-5.51181100,0.00000000
332.97316705,-8.66141700,0.00000000
333.03716705,-10.62992000,0.00000000
333.10116705,-12.59842000,0.07874016
333.16516705,-6.69291300,0.07874016
333.22916705,-12.59842000,0.00000000
333.29316705,-7.87401500,0.07874016
333.35716704,-6.29921200,0.07874016
333.42116704,-6.69291300,0.07874016
333.48516704,-10.62992000,0.00000000
333.54916704,-5.11811000,0.00000000
333.61316704,-6.69291300,0.00000000
333.67716703,-10.23622000,0.00000000
333.74116703,-3.14960600,0.00000000
333.80516703,-6.69291300,0.00000000
333.86916703,-3.93700800,0.00000000
333.93316703,-5.51181100,0.00000000
333.99716703,-1.18110200,0.00000000
334.06116702,-10.23622000,0.00000000
334.12516702,-5.51181100,0.00000000
334.18916702,-7.08661400,0.00000000
334.25316702,-7.48031400,0.07874016
334.31716702,-8.66141700,0.00000000
334.38116701,-3.93700800,0.00000000
334.44516701,-7.08661400,0.00000000
334.50916701,-7.87401500,0.00000000
334.57316701,-4.33070900,0.00000000
334.63716701,-5.11811000,0.00000000
334.70116701,-7.48031400,0.00000000
334.76516700,-3.54330700,0.00000000
334.82916700,-1.18110200,0.00000000
334.89316700,-7.87401500,0.00000000
334.95716700,-1.96850400,0.00000000
335.02116700,-4.33070900,0.00000000
335.08516699,-5.11811000,0.00000000
335.14916699,-8.66141700,0.00000000
335.21316699,-2.36220500,0.00000000
335.27716699,-10.62992000,0.00000000
335.34116699,-5.90551100,0.00000000
335.40516699,-7.87401500,0.00000000
335.46916698,-7.48031400,0.00000000
335.53316698,-11.41732000,0.00000000
335.59716698,-7.87401500,0.00000000
335.66116698,-11.81102000,0.07874016
335.72516698,-13.77953000,0.07874016
335.78916697,-10.62992000,0.00000000
335.85316697,-12.99213000,0.00000000
335.91716697,-9.44881800,0.00000000
335.98116697,-11.02362000,0.00000000
336.04516697,-6.69291300,0.00000000
336.10916697,-9.44881800,0.00000000
336.17316696,-7.08661400,0.00000000
336.23716696,-7.87401500,0.07874016
336.30116696,-5.51181100,0.00000000
336.36516696,-8.66141700,0.00000000
336.42916696,-2.36220500,0.00000000
336.49316695,-6.29921200,0.00000000
336.55716695,-6.29921200,0.00000000
336.62116695,-7.87401500,0.00000000
336.68516695,-5.11811000,0.00000000
336.74916695,-11.81102000,0.00000000
336.81316695,-7.87401500,0.00000000
336.87716694,-7.08661400,0.00000000
336.94116694,-8.66141700,0.00000000
337.00516694,-5.11811000,0.00000000
337.06916694,-5.51181100,0.00000000
337.13316694,-7.87401500,0.00000000
337.19716693,-10.62992000,0.00000000
337.26116693,-1.57480300,0.00000000
337.32516693,-8.66141700,0.00000000
337.38916693,-2.75590500,0.00000000
337.45316693,-2.75590500,0.00000000
337.51716693,-1.57480300,0.00000000
337.58116692,-6.69291300,0.00000000
337.64516692,0.39370070,0.07874016
337.70916692,-5.51181100,0.00000000
337.77316692,-5.90551100,0.00000000
337.83716692,-2.75590500,0.00000000
337.90116691,-2.36220500,0.00000000
337.96516691,-6.29921200,0.00000000
338.02916691,-2.75590500,0.00000000
338.09316691,-3.54330700,0.00000000
338.15716691,-7.87401500,0.00000000
338.22116691,-5.90551100,0.00000000
338.28516690,-7.48031400,0.00000000
338.34916690,-8.26771600,0.00000000
338.41316690,-9.44881800,0.07874016
338.47716690,-3.14960600,0.00000000
338.54116690,-8.26771600,0.07874016
338.60516689,-4.33070900,0.07874016
338.66916689,-5.11811000,0.00000000
338.73316689,-2.36220500,0.07874016
338.79716689,-9.05511800,0.00000000
338.86116689,-1.96850400,0.00000000
338.92516689,-3.93700800,0.00000000
338.98916688,-4.72440900,0.00000000
339.05316688,-3.54330700,0.00000000
339.11716688,-1.96850400,0.00000000
339.18116688,-4.33070900,0.00000000
339.24516688,-7.08661400,0.00000000
339.30916687,-2.36220500,0.07874016
339.37316687,-7.87401500,0.00000000
339.43716687,-7.48031400,0.00000000
339.50116687,-6.29921200,0.07874016
339.56516687,-3.54330700,0.00000000
339.62916687,-10.62992000,0.00000000
339.69316686,-4.72440900,0.07874016
339.75716686,-8.66141700,0.00000000
339.82116686,-9.84251900,0.00000000
339.88516686,-8.66141700,0.07874016
339.94916686,-3.14960600,0.00000000
340.01316686,-10.62992000,0.00000000
340.07716685,-3.14960600,0.07874016
340.14116685,-4.33070900,0.00000000
340.20516685,-6.29921200,0.00000000
340.26916685,-7.48031400,0.00000000
340.33316685,-3.14960600,0.07874016
340.39716684,-4.33070900,0.00000000
340.46116684,-6.69291300,0.07874016
340.52516684,0.00000000,0.00000000
340.58916684,-5.11811000,0.00000000
340.65316684,-3.93700800,0.00000000
340.71716684,-7.48031400,0.00000000
340.78116683,-4.33070900,0.00000000
340.84516683,-13.38583000,0.00000000
340.90916683,-7.87401500,0.00000000
340.97316683,-8.26771600,0.00000000
341.03716683,-8.26771600,0.07874016
341.10116682,-10.62992000,0.00000000
341.16516682,-4.72440900,0.00000000
341.22916682,-9.44881800,0.00000000
341.29316682,-9.05511800,0.00000000
341.35716682,-6.69291300,0.00000000
341.42116682,-6.69291300,0.07874016
341.48516681,-8.66141700,0.07874016
341.54916681,-4.33070900,0.07874016
341.61316681,-2.75590500,0.00000000
341.67716681,-10.23622000,0.00000000
341.74116681,-3.14960600,0.00000000
341.80516680,-6.69291300,0.00000000
341.86916680,-6.69291300,0.00000000
341.93316680,-8.26771600,0.00000000
341.99716680,-3.14960600,0.00000000
342.06116680,-9.44881800,0.00000000
342.12516680,-3.54330700,0.00000000
342.18916679,-8.26771600,0.00000000
342.25316679,-6.69291300,0.00000000
342.31716679,-9.84251900,0.00000000
342.38116679,-6.29921200,0.00000000
342.44516679,-9.44881800,0.00000000
342.50916678,-9.84251900,0.00000000
342.57316678,-5.90551100,0.00000000
342.63716678,-5.51181100,0.00000000
342.70116678,-4.33070900,0.00000000
342.76516678,-5.90551100,0.00000000
342.82916678,-2.36220500,0.00000000
342.89316677,-6.69291300,0.00000000
342.95716677,-3.14960600,0.00000000
343.02116677,-4.33070900,0.00000000
343.08516677,-2.36220500,0.00000000
343.14916677,-6.29921200,0.00000000
343.21316676,0.00000000,0.00000000
343.27716676,-5.90551100,0.00000000
343.34116676,-5.90551100,0.00000000
343.40516676,-6.69291300,0.00000000
343.46916676,-3.93700800,0.00000000
343.53316676,-9.84251900,0.00000000
343.59716675,-3.93700800,0.00000000
343.66116675,-5.90551100,0.00000000
343.72516675,-9.05511800,0.00000000
343.78916675,-6.69291300,0.00000000
343.85316675,-7.87401500,0.00000000
343.91716674,-10.23622000,0.00000000
343.98116674,-10.23622000,0.07874016
344.04516674,-3.93700800,0.00000000
344.10916674,-11.02362000,0.07874016
344.17316674,-5.90551100,0.07874016
344.23716674,-6.29921200,0.07874016
344.30116673,-5.51181100,0.00000000
344.36516673,-11.81102000,0.07874016
344.42916673,-3.54330700,0.00000000
344.49316673,-11.02362000,0.07874016
344.55716673,-7.48031400,0.00000000
344.62116672,-4.72440900,0.00000000
344.68516672,-5.90551100,0.07874016
344.74916672,-9.05511800,0.00000000
344.81316672,-7.08661400,0.00000000
344.87716672,-8.66141700,0.00000000
344.94116672,-11.02362000,0.00000000
345.00516671,-8.26771600,0.00000000
345.06916671,-7.48031400,0.00000000
345.13316671,-6.69291300,0.00000000
345.19716671,-7.48031400,0.07874016
345.26116671,-1.96850400,0.07874016
345.32516670,-8.66141700,0.00000000
345.38916670,-4.72440900,0.00000000
345.45316670,-6.69291300,0.00000000
345.51716670,-1.96850400,0.00000000
345.58116670,-9.44881800,0.00000000
345.64516670,-1.18110200,0.00000000
345.70916669,-4.72440900,0.00000000
345.77316669,-5.11811000,0.00000000
345.83716669,-5.51181100,0.00000000
345.90116669,-2.36220500,0.00000000
345.96516669,-7.08661400,0.00000000
346.02916668,-6.29921200,0.00000000
346.09316668,-1.96850400,0.00000000
346.15716668,-9.05511800,0.00000000
346.22116668,-7.08661400,0.00000000
346.28516668,-6.29921200,0.00000000
346.34916668,-7.08661400,0.00000000
346.41316667,-12.59842000,0.00000000
346.47716667,-7.48031400,0.07874016
346.54116667,-12.99213000,0.07874016
346.60516667,-9.44881800,0.07874016
346.66916667,-9.84251900,0.07874016
346.73316666,-5.51181100,0.00000000
346.79716666,-10.23622000,0.07874016
346.86116666,-6.29921200,0.00000000
346.92516666,-7.08661400,0.00000000
346.98916666,-7.08661400,0.07874016
347.05316666,-12.20472000,0.00000000
347.11716665,-4.33070900,0.00000000
347.18116665,-7.08661400,0.00000000
347.24516665,-8.26771600,0.00000000
347.30916665,-3.54330700,0.00000000
347.37316665,-6.69291300,0.07874016
347.43716665,-7.08661400,0.00000000
347.50116664,-8.66141700,0.00000000
347.56516664,-3.93700800,0.00000000
347.62916664,-11.41732000,0.00000000
347.69316664,-3.54330700,0.00000000
347.75716664,-5.51181100,0.00000000
347.82116663,-6.69291300,0.00000000
347.88516663,-9.05511800,0.00000000
347.94916663,-3.54330700,0.00000000
348.01316663,-10.23622000,0.00000000
348.07716663,-7.08661400,0.00000000
348.14116663,-4.33070900,0.00000000
348.20516662,-4.33070900,0.00000000
348.26916662,-4.72440900,0.00000000
348.33316662,-0.39370070,0.00000000
348.39716662,-4.72440900,0.00000000
348.46116662,-6.69291300,0.00000000
348.52516661,-2.36220500,0.00000000
348.58916661,-5.51181100,0.00000000
348.65316661,-4.33070900,0.00000000
348.71716661,-4.72440900,0.00000000
348.78116661,-1.57480300,0.00000000
348.84516661,-8.66141700,0.00000000
348.90916660,-3.14960600,0.07874016
348.97316660,-8.66141700,0.00000000
349.03716660,-5.90551100,0.00000000
349.10116660,-10.62992000,0.00000000
349.16516660,-5.11811000,0.07874016
349.22916659,-9.05511800,0.00000000
349.29316659,-5.11811000,0.00000000
349.35716659,-5.90551100,0.07874016
349.42116659,-3.54330700,0.07874016
349.48516659,-5.51181100,0.00000000
349.54916659,-6.29921200,0.00000000
349.61316658,-2.36220500,0.00000000
349.67716658,-5.11811000,0.00000000
349.74116658,-2.75590500,0.00000000
349.80516658,-2.75590500,0.07874016
349.86916658,-1.96850400,0.00000000
349.93316657,-5.11811000,0.00000000
349.99716657,1.18110200,0.07874016
350.06116657,-5.90551100,0.00000000
350.12516657,-3.14960600,0.00000000
350.18916657,-4.33070900,0.07874016
350.25316657,-2.36220500,0.07874016
350.31716656,-8.26771600,0.00000000
350.38116656,-1.18110200,0.07874016
350.44516656,-6.29921200,0.00000000
350.50916656,-7.87401500,0.07874016
350.57316656,-5.90551100,0.00000000
350.63716655,-6.29921200,0.00000000
350.70116655,-9.84251900,0.00000000
350.76516655,-5.51181100,0.00000000
350.82916655,-2.36220500,0.00000000
350.89316655,-9.05511800,0.07874016
350.95716655,-3.14960600,0.00000000
351.02116654,-6.69291300,0.00000000
351.08516654,-6.69291300,0.00000000
351.14916654,-10.62992000,0.00000000
351.21316654,-3.14960600,0.00000000
351.27716654,-9.05511800,0.00000000
351.34116653,-6.69291300,0.00000000
351.40516653,-6.69291300,0.00000000
351.46916653,-6.69291300,0.00000000
351.53316653,-13.38583000,0.00000000
351.59716653,-8.26771600,0.00000000
351.66116653,-9.44881800,0.00000000
351.72516652,-10.62992000,0.00000000
351.78916652,-11.41732000,0.07874016
351.85316652,-7.08661400,0.00000000
351.91716652,-10.62992000,0.00000000
351.98116652,-9.84251900,0.00000000
352.04516651,-6.69291300,0.07874016
352.10916651,-11.81102000,0.07874016
352.17316651,-9.84251900,0.07874016
352.23716651,-8.66141700,0.00000000
352.30116651,-5.11811000,0.07874016
352.36516651,-11.41732000,0.00000000
352.42916650,-1.96850400,0.07874016
352.49316650,-8.26771600,0.07874016
352.55716650,-6.29921200,0.00000000
352.62116650,-7.48031400,0.00000000
352.68516650,-6.29921200,0.07874016
352.74916649,-10.23622000,0.00000000
352.81316649,-6.69291300,0.07874016
352.87716649,-6.29921200,0.00000000
352.94116649,-9.44881800,0.00000000
353.00516649,-9.05511800,0.00000000
353.06916649,-8.26771600,0.00000000
353.13316648,-9.84251900,0.00000000
353.19716648,-13.38583000,0.07874016
353.26116648,-8.26771600,0.00000000
353.32516648,-9.44881800,0.00000000
353.38916648,-8.66141700,0.00000000
353.45316647,-8.66141700,0.00000000
353.51716647,-4.33070900,0.00000000
353.58116647,-11.41732000,0.00000000
353.64516647,-5.11811000,0.00000000
353.70916647,-7.87401500,0.00000000
353.77316647,-6.69291300,0.00000000
353.83716646,-11.02362000,0.00000000
353.90116646,-1.96850400,0.00000000
353.96516646,-7.87401500,0.00000000
354.02916646,-7.87401500,0.00000000
354.09316646,-4.33070900,0.00000000
354.15716646,-6.69291300,0.00000000
354.22116645,-9.84251900,0.07874016
354.28516645,-6.29921200,0.00000000
354.34916645,-4.33070900,0.00000000
354.41316645,-12.99213000,0.07874016
354.47716645,-5.51181100,0.00000000
354.54116644,-9.84251900,0.00000000
354.60516644,-11.02362000,0.07874016
354.66916644,-12.20472000,0.00000000
354.73316644,-3.54330700,0.07874016
354.79716644,-10.62992000,0.07874016
354.86116644,-6.29921200,0.00000000
354.92516643,-5.11811000,0.00000000
354.98916643,-4.33070900,0.00000000
355.05316643,-9.44881800,0.00000000
355.11716643,-2.36220500,0.00000000
355.18116643,-9.05511800,0.07874016
355.24516642,-6.69291300,0.00000000
355.30916642,-5.11811000,0.00000000
355.37316642,-5.90551100,0.00000000
355.43716642,-5.11811000,0.00000000
355.50116642,-5.90551100,0.00000000
355.56516642,-3.93700800,0.00000000
355.62916641,-10.23622000,0.00000000
355.69316641,-6.69291300,0.00000000
355.75716641,-11.41732000,0.00000000
355.82116641,-6.29921200,0.00000000
355.88516641,-11.02362000,0.00000000
355.94916640,-3.93700800,0.00000000
356.01316640,-8.26771600,0.00000000
356.07716640,-6.29921200,0.00000000
356.14116640,-5.90551100,0.00000000
356.20516640,-4.72440900,0.00000000
356.26916640,-8.66141700,0.00000000
356.33316639,-4.72440900,0.00000000
356.39716639,-3.54330700,0.00000000
356.46116639,-5.11811000,0.00000000
356.52516639,-3.54330700,0.00000000
356.58916639,-1.57480300,0.00000000
356.65316638,-5.11811000,0.00000000
356.71716638,-6.69291300,0.00000000
356.78116638,-2.36220500,0.00000000
356.84516638,-9.84251900,0.00000000
356.90916638,-7.08661400,0.00000000
356.97316638,-8.26771600,0.00000000
357.03716637,-4.72440900,0.00000000
357.10116637,-12.20472000,0.00000000
357.16516637,-4.33070900,0.07874016
357.22916637,-11.41732000,0.07874016
357.29316637,-7.87401500,0.07874016
357.35716636,-9.05511800,0.07874016
357.42116636,-5.51181100,0.07874016
357.48516636,-8.26771600,0.07874016
357.54916636,-5.90551100,0.07874016
357.61316636,-3.14960600,0.00000000
357.67716636,-7.48031400,0.00000000
357.74116635,-8.26771600,0.00000000
357.80516635,-7.08661400,0.00000000
357.86916635,-6.69291300,0.00000000
357.93316635,-9.44881800,0.07874016
357.99716635,-2.36220500,0.00000000
358.06116634,-7.87401500,0.00000000
358.12516634,-5.51181100,0.00000000
358.18916634,-6.69291300,0.00000000
358.25316634,-5.51181100,0.00000000
358.31716634,-13.38583000,0.00000000
358.38116634,-5.90551100,0.00000000
358.44516633,-8.26771600,0.00000000
358.50916633,-8.26771600,0.00000000
358.57316633,-9.44881800,0.00000000
358.63716633,-3.93700800,0.00000000
358.70116633,-10.23622000,0.07874016
358.76516632,-7.87401500,0.07874016
358.82916632,-3.14960600,0.07874016
358.89316632,-7.87401500,0.00000000
358.95716632,-3.54330700,0.00000000
359.02116632,-2.36220500,0.00000000
359.08516632,-1.96850400,0.00000000
359.14916631,-9.05511800,0.00000000
359.21316631,-1.18110200,0.00000000
359.27716631,-7.48031400,0.00000000
359.34116631,-6.29921200,0.00000000
359.40516631,-7.87401500,0.00000000
359.46916630,-3.54330700,0.00000000
359.53316630,-9.05511800,0.00000000
359.59716630,-4.72440900,0.00000000
359.66116630,-6.69291300,0.00000000
359.72516630,-7.48031400,0.00000000
359.78916630,-10.23622000,0.00000000
359.85316629,-6.69291300,0.07874016
359.91716629,-8.66141700,0.00000000
359.98116629,-9.05511800,0.00000000
360.04516629,-6.29921200,0.00000000
360.10916629,-4.72440900,0.00000000
360.17316628,-5.11811000,0.00000000
360.23716628,-5.11811000,0.07874016
360.30116628,-1.57480300,0.00000000
360.36516628,-8.66141700,0.00000000
360.42916628,-2.75590500,0.00000000
360.49316628,-4.72440900,0.00000000
360.55716627,-2.36220500,0.00000000
360.62116627,-7.08661400,0.07874016
360.68516627,2.36220500,0.00000000
360.74916627,-5.11811000,0.00000000
360.81316627,-5.11811000,0.00000000
360.87716626,-2.75590500,0.07874016
360.94116626,-3.93700800,0.00000000
361.00516626,-7.87401500,0.00000000
361.06916626,-2.36220500,0.00000000
361.13316626,-2.36220500,0.00000000
361.19716626,-7.08661400,0.00000000
361.26116625,-1.96850400,0.00000000
361.32516625,-3.14960600,0.00000000
361.38916625,-4.72440900,0.00000000
361.45316625,-4.33070900,0.00000000
361.51716625,1.18110200,0.07874016
361.58116625,-4.72440900,0.07874016
361.64516624,0.00000000,0.07874016
361.70916624,-2.36220500,0.00000000
361.77316624,-0.78740150,0.00000000
361.83716624,-7.87401500,0.00000000
361.90116624,-0.78740150,0.00000000
361.96516623,-6.29921200,0.00000000
362.02916623,-4.72440900,0.00000000
362.09316623,-4.33070900,0.07874016
362.15716623,-2.75590500,0.07874016
362.22116623,-7.48031400,0.00000000
362.28516623,-8.66141700,0.00000000
362.34916622,-6.29921200,0.00000000
362.41316622,-11.81102000,0.00000000
362.47716622,-10.62992000,0.00000000
362.54116622,-9.84251900,0.07874016
362.60516622,-7.87401500,0.07874016
362.66916621,-14.17323000,0.00000000
362.73316621,-5.51181100,0.00000000
362.79716621,-10.23622000,0.07874016
362.86116621,-9.44881800,0.00000000
362.92516621,-8.26771600,0.00000000
362.98916621,-4.72440900,0.00000000
363.05316620,-9.44881800,0.00000000
363.11716620,-3.93700800,0.07874016
363.18116620,-5.51181100,0.00000000
363.24516620,-5.11811000,0.00000000
363.30916620,-6.69291300,0.07874016
363.37316619,-4.72440900,0.00000000
363.43716619,-7.48031400,0.00000000
363.50116619,-7.48031400,0.00000000
363.56516619,-4.72440900,0.00000000
363.62916619,-9.05511800,0.00000000
363.69316619,-5.90551100,0.00000000
363.75716618,-7.08661400,0.00000000
363.82116618,-3.54330700,0.00000000
363.88516618,-10.62992000,0.00000000
363.94916618,-4.33070900,0.00000000
364.01316618,-7.08661400,0.00000000
364.07716617,-6.29921200,0.00000000
364.14116617,-7.08661400,0.00000000
364.20516617,-2.36220500,0.00000000
364.26916617,-6.29921200,0.07874016
364.33316617,-3.93700800,0.00000000
364.39716617,-4.72440900,0.00000000
364.46116616,-6.69291300,0.07874016
364.52516616,-9.44881800,0.00000000
364.58916616,-4.33070900,0.07874016
364.65316616,-5.11811000,0.07874016
364.71716616,-8.66141700,0.00000000
364.78116615,-3.14960600,0.00000000
364.84516615,-7.08661400,0.00000000
364.90916615,-9.05511800,0.00000000
364.97316615,-10.62992000,0.00000000
365.03716615,-6.29921200,0.00000000
365.10116615,-15.35433000,0.00000000
365.16516614,-5.51181100,0.07874016
365.22916614,-9.05511800,0.07874016
365.29316614,-8.26771600,0.07874016
365.35716614,-11.41732000,0.00000000
365.42116614,-4.33070900,0.00000000
365.48516613,-10.62992000,0.07874016
365.54916613,-7.87401500,0.07874016
365.61316613,-5.51181100,0.07874016
365.67716613,-6.69291300,0.07874016
365.74116613,-5.90551100,0.00000000
365.80516613,-4.33070900,0.00000000
365.86916612,-6.29921200,0.00000000
365.93316612,-10.23622000,0.07874016
365.99716612,-4.33070900,0.00000000
366.06116612,-6.29921200,0.00000000
366.12516612,-5.11811000,0.00000000
366.18916611,-5.90551100,0.00000000
366.25316611,-1.18110200,0.00000000
366.31716611,-7.48031400,0.00000000
366.38116611,-4.72440900,0.00000000
366.44516611,-8.26771600,0.00000000
366.50916611,-5.11811000,0.07874016
366.57316610,-10.23622000,0.00000000
366.63716610,-3.14960600,0.00000000
366.70116610,-5.90551100,0.00000000
366.76516610,-7.08661400,0.07874016
366.82916610,-4.33070900,0.00000000
366.89316609,-3.54330700,0.00000000
366.95716609,-6.69291300,0.00000000
367.02116609,-6.69291300,0.00000000
367.08516609,-1.57480300,0.00000000
367.14916609,-8.66141700,0.00000000
367.21316609,-5.11811000,0.00000000
367.27716608,-5.11811000,0.00000000
367.34116608,-4.72440900,0.00000000
367.40516608,-10.23622000,0.00000000
367.46916608,-2.36220500,0.00000000
367.53316608,-9.84251900,0.00000000
367.59716607,-9.84251900,0.00000000
367.66116607,-7.87401500,0.00000000
367.72516607,-5.51181100,0.00000000
367.78916607,-11.02362000,0.00000000
367.85316607,-5.90551100,0.00000000
367.91716607,-7.08661400,0.00000000
367.98116606,-11.02362000,0.00000000
368.04516606,-9.44881800,0.00000000
368.10916606,-7.87401500,0.00000000
368.17316606,-8.66141700,0.00000000
368.23716606,-10.62992000,0.07874016
368.30116606,-2.36220500,0.00000000
368.36516605,-8.66141700,0.00000000
368.42916605,-4.72440900,0.00000000
368.49316605,-7.48031400,0.00000000
368.55716605,-3.93700800,0.00000000
368.62116605,-10.62992000,0.00000000
368.68516604,-2.36220500,0.07874016
368.74916604,-6.29921200,0.00000000
368.81316604,-4.33070900,0.00000000
368.87716604,-5.90551100,0.00000000
368.94116604,-2.75590500,0.00000000
369.00516604,-9.05511800,0.00000000
369.06916603,-8.66141700,0.00000000
369.13316603,-6.69291300,0.00000000
369.19716603,-9.05511800,0.00000000
369.26116603,-9.05511800,0.00000000
369.32516603,-5.11811000,0.00000000
369.38916602,-5.51181100,0.07874016
369.45316602,-10.23622000,0.00000000
369.51716602,-4.72440900,0.00000000
369.58116602,-9.84251900,0.00000000
369.64516602,-7.08661400,0.00000000
369.70916602,-6.69291300,0.00000000
369.77316601,-3.14960600,0.00000000
369.83716601,-9.84251900,0.00000000
369.90116601,-4.33070900,0.00000000
369.96516601,-7.87401500,0.00000000
370.02916601,-6.29921200,0.07874016
370.09316600,-9.44881800,0.00000000
370.15716600,-4.33070900,0.00000000
370.22116600,-5.90551100,0.00000000
370.28516600,-7.48031400,0.00000000
370.34916600,-5.11811000,0.00000000
370.41316600,-8.26771600,0.00000000
370.47716599,-8.66141700,0.00000000
370.54116599,-10.62992000,0.07874016
370.60516599,-9.44881800,0.07874016
370.66916599,-14.17323000,0.00000000
370.73316599,-8.66141700,0.00000000
370.79716598,-8.66141700,0.00000000
370.86116598,-6.29921200,0.00000000
370.92516598,-10.23622000,0.00000000
370.98916598,-3.14960600,0.07874016
371.05316598,-9.84251900,0.00000000
371.11716598,-6.69291300,0.00000000
371.18116597,-6.29921200,0.00000000
371.24516597,-6.29921200,0.00000000
371.30916597,-9.84251900,0.07874016
371.37316597,-2.36220500,0.00000000
371.43716597,-5.11811000,0.00000000
371.50116596,-8.26771600,0.00000000
371.56516596,-3.14960600,0.00000000
371.62916596,-6.29921200,0.00000000
371.69316596,-7.87401500,0.00000000
371.75716596,-8.66141700,0.07874016
371.82116596,-2.36220500,0.00000000
371.88516595,-10.23622000,0.00000000
371.94916595,-1.96850400,0.00000000
372.01316595,-5.51181100,0.00000000
372.07716595,-6.29921200,0.00000000
372.14116595,-8.26771600,0.00000000
372.20516594,-1.18110200,0.00000000
372.26916594,-6.29921200,0.00000000
372.33316594,-2.75590500,0.07874016
372.39716594,-1.18110200,0.00000000
372.46116594,-1.57480300,0.00000000
372.52516594,-4.72440900,0.00000000
372.58916593,-2.36220500,0.00000000
372.65316593,-3.54330700,0.00000000
372.71716593,-5.90551100,0.00000000
372.78116593,-2.36220500,0.00000000
372.84516593,-2.75590500,0.00000000
372.90916592,-2.75590500,0.00000000
372.97316592,-7.48031400,0.00000000
373.03716592,-2.36220500,0.00000000
373.10116592,-11.02362000,0.00000000
373.16516592,-8.66141700,0.00000000
373.22916592,-9.84251900,0.00000000
373.29316591,-5.90551100,0.00000000
373.35716591,-14.17323000,0.00000000
373.42116591,-6.29921200,0.07874016
373.48516591,-8.26771600,0.00000000
373.54916591,-11.41732000,0.07874016
373.61316590,-9.05511800,0.00000000
373.67716590,-8.66141700,0.07874016
373.74116590,-11.02362000,0.00000000
373.80516590,-9.84251900,0.07874016
373.86916590,-6.69291300,0.07874016
373.93316590,-9.84251900,0.00000000
373.99716589,-8.66141700,0.07874016
374.06116589,-7.48031400,0.00000000
374.12516589,-7.08661400,0.00000000
374.18916589,-11.41732000,0.00000000
374.25316589,-3.93700800,0.00000000
374.31716588,-8.66141700,0.00000000
374.38116588,-6.69291300,0.00000000
374.44516588,-7.08661400,0.00000000
374.50916588,-4.33070900,0.00000000
374.57316588,-12.20472000,0.00000000
374.63716588,-7.08661400,0.00000000
374.70116587,-7.08661400,0.00000000
374.76516587,-9.05511800,0.00000000
374.82916587,-8.66141700,0.07874016
374.89316587,-4.72440900,0.07874016
374.95716587,-5.11811000,0.00000000
375.02116586,-7.87401500,0.00000000
375.08516586,-0.39370070,0.00000000
375.14916586,-6.29921200,0.00000000
375.21316586,-6.69291300,0.00000000
375.27716586,-5.51181100,0.00000000
375.34116586,-1.57480300,0.00000000
375.40516585,-11.02362000,0.00000000
375.46916585,-3.14960600,0.00000000
375.53316585,-5.51181100,0.00000000
375.59716585,-7.08661400,0.00000000
375.66116585,-9.44881800,0.00000000
375.72516585,-6.29921200,0.07874016
375.78916584,-13.77953000,0.00000000
375.85316584,-11.41732000,0.00000000
375.91716584,-8.66141700,0.00000000
375.98116584,-11.02362000,0.00000000
376.04516584,-14.96063000,0.00000000
376.10916583,-9.44881800,0.07874016
376.17316583,-9.05511800,0.07874016
376.23716583,-14.17323000,0.00000000
376.30116583,-7.08661400,0.00000000
376.36516583,-11.81102000,0.07874016
376.42916583,-6.69291300,0.07874016
376.49316582,-10.62992000,0.00000000
376.55716582,-4.72440900,0.00000000
376.62116582,-11.81102000,0.00000000
376.68516582,-5.51181100,0.00000000
376.74916582,-8.66141700,0.00000000
376.81316581,-5.11811000,0.00000000
376.87716581,-8.26771600,0.00000000
376.94116581,-3.93700800,0.00000000
377.00516581,-5.51181100,0.00000000
377.06916581,-8.26771600,0.00000000
377.13316581,-8.66141700,0.00000000
377.19716580,-9.84251900,0.00000000
377.26116580,-11.02362000,0.07874016
377.32516580,-10.62992000,0.00000000
377.38916580,-5.90551100,0.00000000
377.45316580,-9.84251900,0.00000000
377.51716579,-4.72440900,0.00000000
377.58116579,-4.72440900,0.00000000
377.64516579,-4.33070900,0.00000000
377.70916579,-9.05511800,0.00000000
377.77316579,-1.57480300,0.00000000
377.83716579,-9.05511800,0.07874016
377.90116578,-5.51181100,0.00000000
377.96516578,-5.11811000,0.00000000
378.02916578,-3.54330700,0.00000000
378.09316578,-9.05511800,0.00000000
378.15716578,-2.36220500,0.00000000
378.22116577,-5.90551100,0.00000000
378.28516577,-10.23622000,0.00000000
378.34916577,-5.90551100,0.00000000
378.41316577,-8.26771600,0.00000000
378.47716577,-9.44881800,0.00000000
378.54116577,-10.62992000,0.00000000
378.60516576,-3.93700800,0.00000000
378.66916576,-12.59842000,0.00000000
378.73316576,-10.62992000,0.00000000
378.79716576,-10.62992000,0.00000000
378.86116576,-9.44881800,0.07874016
378.92516575,-11.41732000,0.07874016
378.98916575,-2.36220500,0.07874016
379.05316575,-8.66141700,0.00000000
379.11716575,-5.11811000,0.07874016
379.18116575,-11.81102000,0.00000000
379.24516575,-4.72440900,0.07874016
379.30916574,-8.66141700,0.07874016
379.37316574,-6.29921200,0.00000000
379.43716574,-4.72440900,0.00000000
379.50116574,-6.29921200,0.07874016
379.56516574,-4.33070900,0.00000000
379.62916573,-5.51181100,0.00000000
379.69316573,-4.72440900,0.00000000
379.75716573,-10.62992000,0.00000000
379.82116573,-1.96850400,0.00000000
379.88516573,-10.23622000,0.00000000
379.94916573,-5.51181100,0.00000000
380.01316572,-5.11811000,0.00000000
380.07716572,-1.57480300,0.00000000
380.14116572,-11.41732000,0.00000000
380.20516572,-2.75590500,0.00000000
380.26916572,-7.48031400,0.00000000
380.33316571,-7.48031400,0.00000000
380.39716571,-4.33070900,0.00000000
380.46116571,-1.96850400,0.00000000
380.52516571,-6.29921200,0.00000000
380.58916571,-5.51181100,0.07874016
380.65316571,-1.57480300,0.00000000
380.71716570,-7.08661400,0.00000000
380.78116570,-7.87401500,0.00000000
380.84516570,-5.51181100,0.00000000
380.90916570,-5.11811000,0.00000000
380.97316570,-11.41732000,0.00000000
381.03716569,-4.33070900,0.00000000
381.10116569,-10.23622000,0.00000000
381.16516569,-9.05511800,0.00000000
381.22916569,-12.59842000,0.00000000
381.29316569,-6.29921200,0.00000000
381.35716569,-13.77953000,0.00000000
381.42116568,-9.44881800,0.07874016
381.48516568,-6.69291300,0.07874016
381.54916568,-8.26771600,0.00000000
381.61316568,-8.26771600,0.00000000
381.67716568,-5.90551100,0.07874016
381.74116567,-5.11811000,0.00000000
381.80516567,-12.20472000,0.00000000
381.86916567,-4.72440900,0.00000000
381.93316567,-9.05511800,0.00000000
381.99716567,-8.26771600,0.00000000
382.06116567,-6.69291300,0.00000000
382.12516566,-1.57480300,0.00000000
382.18916566,-10.23622000,0.00000000
382.25316566,-4.33070900,0.00000000
382.31716566,-5.51181100,0.00000000
382.38116566,-6.69291300,0.00000000
382.44516565,-9.05511800,0.00000000
382.50916565,-3.54330700,0.00000000
382.57316565,-8.66141700,0.00000000
382.63716565,-5.90551100,0.00000000
382.70116565,-3.93700800,0.00000000
382.76516565,-6.69291300,0.00000000
382.82916564,-7.48031400,0.00000000
382.89316564,-5.51181100,0.00000000
382.95716564,-2.75590500,0.07874016
383.02116564,-7.48031400,0.07874016
383.08516564,0.00000000,0.07874016
383.14916564,-3.54330700,0.00000000
383.21316563,-1.18110200,0.00000000
383.27716563,-6.69291300,0.00000000
383.34116563,-0.78740150,0.00000000
383.40516563,-7.08661400,0.00000000
383.46916563,-3.14960600,0.07874016
383.53316562,-3.14960600,0.00000000
383.59716562,-1.57480300,0.00000000
383.66116562,-5.11811000,0.00000000
383.72516562,-2.36220500,0.00000000
383.78916562,-4.72440900,0.00000000
383.85316562,-8.66141700,0.00000000
383.91716561,-5.90551100,0.00000000
383.98116561,-4.33070900,0.00000000
384.04516561,-7.48031400,0.07874016
384.10916561,-6.29921200,0.00000000
384.17316561,-1.96850400,0.00000000
384.23716560,-7.87401500,0.00000000
384.30116560,-4.33070900,0.07874016
384.36516560,-6.29921200,0.00000000
384.42916560,-4.33070900,0.00000000
384.49316560,-10.62992000,0.00000000
384.55716560,-2.36220500,0.07874016
384.62116559,-7.48031400,0.07874016
384.68516559,-6.29921200,0.00000000
384.74916559,-5.11811000,0.00000000
384.81316559,-4.33070900,0.00000000
384.87716559,-9.84251900,0.00000000
384.94116558,-4.72440900,0.00000000
385.00516558,-5.51181100,0.00000000
385.06916558,-9.05511800,0.00000000
385.13316558,-4.33070900,0.00000000
385.19716558,-7.87401500,0.00000000
385.26116558,-8.66141700,0.00000000
385.32516557,-9.84251900,0.00000000
385.38916557,-6.29921200,0.07874016
385.45316557,-11.81102000,0.00000000
385.51716557,-7.08661400,0.00000000
385.58116557,-7.48031400,0.00000000
385.64516556,-4.33070900,0.00000000
385.70916556,-6.69291300,0.00000000
385.77316556,-0.39370070,0.00000000
385.83716556,-6.69291300,0.00000000
385.90116556,-5.11811000,0.00000000
385.96516556,-6.69291300,0.00000000
386.02916555,-4.33070900,0.00000000
386.09316555,-8.66141700,0.00000000
386.15716555,-5.51181100,0.00000000
386.22116555,-3.14960600,0.00000000
386.28516555,-7.87401500,0.00000000
386.34916554,-5.51181100,0.00000000
386.41316554,-7.48031400,0.00000000
386.47716554,-7.48031400,0.00000000
386.54116554,-12.59842000,0.00000000
386.60516554,-3.54330700,0.00000000
386.66916554,-10.23622000,0.00000000
386.73316553,-8.26771600,0.07874016
386.79716553,-8.66141700,0.07874016
386.86116553,-6.69291300,0.00000000
386.92516553,-12.59842000,0.00000000
386.98916553,-7.08661400,0.07874016
387.05316552,-9.44881800,0.07874016
387.11716552,-9.44881800,0.00000000
387.18116552,-7.08661400,0.00000000
387.24516552,-7.87401500,0.07874016
387.30916552,-9.44881800,0.07874016
387.37316552,-10.23622000,0.00000000
387.43716551,-6.69291300,0.00000000
387.50116551,-11.02362000,0.00000000
387.56516551,-11.02362000,0.07874016
387.62916551,-8.26771600,0.00000000
387.69316551,-5.51181100,0.00000000
387.75716550,-12.59842000,0.00000000
387.82116550,-5.90551100,0.00000000
387.88516550,-12.59842000,0.00000000
387.94916550,-9.84251900,0.00000000
388.01316550,-10.62992000,0.00000000
388.07716550,-4.33070900,0.00000000
388.14116549,-10.62992000,0.00000000
388.20516549,-6.29921200,0.00000000
388.26916549,-3.54330700,0.00000000
388.33316549,-7.08661400,0.00000000
388.39716549,-7.08661400,0.00000000
388.46116548,-4.72440900,0.00000000
388.52516548,-5.51181100,0.00000000
388.58916548,-10.23622000,0.00000000
388.65316548,-2.36220500,0.00000000
388.71716548,-7.08661400,0.00000000
388.78116548,-5.51181100,0.00000000
388.84516547,-4.33070900,0.00000000
388.90916547,-1.96850400,0.00000000
388.97316547,-10.23622000,0.00000000
389.03716547,-3.93700800,0.00000000
389.10116547,-7.08661400,0.00000000
389.16516546,-9.05511800,0.00000000
389.22916546,-10.23622000,0.00000000
389.29316546,-4.33070900,0.07874016
389.35716546,-11.41732000,0.00000000
389.42116546,-10.62992000,0.07874016
389.48516546,-9.05511800,0.07874016
389.54916545,-12.20472000,0.00000000
389.61316545,-11.02362000,0.07874016
389.67716545,-8.66141700,0.00000000
389.74116545,-8.26771600,0.00000000
389.80516545,-11.81102000,0.07874016
389.86916545,-5.90551100,0.07874016
389.93316544,-11.81102000,0.07874016
389.99716544,-7.87401500,0.00000000
390.06116544,-13.77953000,0.07874016
390.12516544,-6.69291300,0.00000000
390.18916544,-10.62992000,0.07874016
390.25316543,-6.29921200,0.00000000
390.31716543,-6.69291300,0.00000000
390.38116543,-4.72440900,0.07874016
390.44516543,-8.66141700,0.00000000
390.50916543,-6.69291300,0.00000000
390.57316543,-8.66141700,0.00000000
390.63716542,-11.02362000,0.00000000
390.70116542,-7.87401500,0.00000000
390.76516542,-5.51181100,0.00000000
390.82916542,-8.26771600,0.07874016
390.89316542,-7.87401500,0.00000000
390.95716541,-4.33070900,0.07874016
391.02116541,-11.02362000,0.00000000
391.08516541,-4.72440900,0.00000000
391.14916541,-5.11811000,0.00000000
391.21316541,-4.33070900,0.00000000
391.27716541,-7.87401500,0.00000000
391.34116540,0.78740150,0.00000000
391.40516540,-7.48031400,0.00000000
391.46916540,-5.51181100,0.00000000
391.53316540,-5.51181100,0.00000000
391.59716540,-5.90551100,0.00000000
391.66116539,-9.05511800,0.00000000
391.72516539,-5.11811000,0.00000000
391.78916539,-7.48031400,0.07874016
391.85316539,-12.20472000,0.00000000
391.91716539,-7.08661400,0.00000000
391.98116539,-10.62992000,0.07874016
392.04516538,-12.20472000,0.00000000
392.10916538,-13.77953000,0.07874016
392.17316538,-8.66141700,0.07874016
392.23716538,-13.77953000,0.00000000
392.30116538,-8.66141700,0.07874016
392.36516537,-9.44881800,0.07874016
392.42916537,-9.84251900,0.07874016
392.49316537,-12.20472000,0.00000000
392.55716537,-6.69291300,0.07874016
392.62116537,-11.41732000,0.00000000
392.68516537,-8.66141700,0.07874016
392.74916536,-7.87401500,0.00000000
392.81316536,-4.33070900,0.07874016
392.87716536,-8.26771600,0.00000000
392.94116536,-4.72440900,0.00000000
393.00516536,-3.93700800,0.00000000
393.06916535,-9.05511800,0.00000000
393.13316535,-6.69291300,0.00000000
393.19716535,-8.66141700,0.00000000
393.26116535,-8.26771600,0.00000000
393.32516535,-11.81102000,0.00000000
393.38916535,-2.75590500,0.07874016
393.45316534,-9.44881800,0.00000000
393.51716534,-6.69291300,0.00000000
393.58116534,-7.48031400,0.00000000
393.64516534,-5.51181100,0.00000000
393.70916534,-10.23622000,0.00000000
393.77316533,-2.36220500,0.00000000
393.83716533,-3.14960600,0.00000000
393.90116533,-4.33070900,0.00000000
393.96516533,-3.54330700,0.00000000
394.02916533,-3.14960600,0.00000000
394.09316533,-6.29921200,0.00000000
394.15716532,-5.90551100,0.00000000
394.22116532,-1.96850400,0.00000000
394.28516532,-5.51181100,0.00000000
394.34916532,-3.93700800,0.00000000
394.41316532,-2.75590500,0.00000000
394.47716531,-2.36220500,0.00000000
394.54116531,-10.62992000,0.00000000
394.60516531,-3.93700800,0.00000000
394.66916531,-7.48031400,0.00000000
394.73316531,-7.08661400,0.00000000
394.79716531,-8.26771600,0.07874016
394.86116530,-1.18110200,0.00000000
394.92516530,-9.44881800,0.00000000
394.98916530,-4.72440900,0.00000000
395.05316530,-3.14960600,0.00000000
395.11716530,-6.29921200,0.00000000
395.18116529,-7.48031400,0.00000000
395.24516529,-1.57480300,0.07874016
395.30916529,-4.33070900,0.07874016
395.37316529,-7.87401500,0.07874016
395.43716529,0.39370070,0.00000000
395.50116529,-5.11811000,0.00000000
395.56516528,-6.69291300,0.00000000
395.62916528,-4.72440900,0.07874016
395.69316528,-3.14960600,0.00000000
395.75716528,-9.44881800,0.00000000
395.82116528,-1.96850400,0.00000000
395.88516527,-6.69291300,0.00000000
395.94916527,-7.08661400,0.00000000
396.01316527,-7.48031400,0.00000000
396.07716527,-4.33070900,0.00000000
396.14116527,-9.05511800,0.00000000
396.20516527,-4.72440900,0.07874016
396.26916526,-7.08661400,0.00000000
396.33316526,-7.08661400,0.00000000
396.39716526,-6.69291300,0.00000000
396.46116526,-3.54330700,0.00000000
396.52516526,-2.75590500,0.00000000
396.58916525,-8.26771600,0.00000000
396.65316525,-3.14960600,0.00000000
396.71716525,-7.87401500,0.00000000
396.78116525,-5.11811000,0.00000000
396.84516525,-9.84251900,0.00000000
396.90916525,-1.57480300,0.07874016
396.97316524,-6.69291300,0.00000000
397.03716524,-3.14960600,0.00000000
397.10116524,-5.51181100,0.00000000
397.16516524,-5.51181100,0.00000000
397.22916524,-11.41732000,0.00000000
397.29316524,-5.90551100,0.00000000
397.35716523,-7.87401500,0.00000000
397.42116523,-11.41732000,0.07874016
397.48516523,-6.29921200,0.07874016
397.54916523,-5.51181100,0.07874016
397.61316523,-8.66141700,0.07874016
397.67716522,-7.08661400,0.00000000
397.74116522,-5.90551100,0.00000000
397.80516522,-9.84251900,0.00000000
397.86916522,-4.72440900,0.00000000
397.93316522,-7.48031400,0.00000000
397.99716522,-5.11811000,0.00000000
398.06116521,-10.23622000,0.00000000
398.12516521,-1.18110200,0.00000000
398.18916521,-10.62992000,0.00000000
398.25316521,-7.48031400,0.07874016
398.31716521,-7.08661400,0.00000000
398.38116520,-5.90551100,0.00000000
398.44516520,-7.87401500,0.00000000
398.50916520,-3.93700800,0.00000000
398.57316520,-8.26771600,0.00000000
398.63716520,-11.41732000,0.00000000
398.70116520,-6.29921200,0.00000000
398.76516519,-9.05511800,0.00000000
398.82916519,-8.66141700,0.00000000
398.89316519,-8.66141700,0.00000000
398.95716519,-4.33070900,0.00000000
399.02116519,-9.05511800,0.00000000
399.08516518,-4.72440900,0.00000000
399.14916518,-5.51181100,0.00000000
399.21316518,-4.72440900,0.00000000
399.27716518,-8.66141700,0.00000000
399.34116518,-1.57480300,0.00000000
399.40516518,-7.08661400,0.07874016
399.46916517,-4.72440900,0.00000000
399.53316517,-3.93700800,0.00000000
399.59716517,-1.18110200,0.00000000
399.66116517,-8.26771600,0.00000000
399.72516517,-3.93700800,0.00000000
399.78916516,-5.11811000,0.00000000
399.85316516,-10.23622000,0.00000000
399.91716516,-8.26771600,0.00000000
399.98116516,-7.08661400,0.00000000
400.04516516,-6.69291300,0.00000000
400.10916516,-9.84251900,0.00000000
400.17316515,-2.75590500,0.00000000
400.23716515,-11.81102000,0.00000000
400.30116515,-7.87401500,0.07874016
400.36516515,-8.66141700,0.00000000
400.42916515,-6.69291300,0.07874016
400.49316514,-9.44881800,0.00000000
400.55716514,-3.93700800,0.00000000
400.62116514,-7.08661400,0.00000000
400.68516514,-6.29921200,0.00000000
400.74916514,-9.05511800,0.00000000
400.81316514,-5.51181100,0.00000000
400.87716513,-8.26771600,0.00000000
400.94116513,-9.05511800,0.07874016
401.00516513,-4.33070900,0.00000000
401.06916513,-6.29921200,0.00000000
401.13316513,-7.08661400,0.00000000
401.19716512,-5.51181100,0.00000000
401.26116512,-6.69291300,0.00000000
401.32516512,-13.77953000,0.00000000
401.38916512,-5.90551100,0.00000000
401.45316512,-9.05511800,0.00000000
401.51716512,-7.08661400,0.00000000
401.58116511,-8.26771600,0.00000000
401.64516511,-1.18110200,0.07874016
401.70916511,-10.23622000,0.00000000
401.77316511,-3.54330700,0.00000000
401.83716511,-3.54330700,0.00000000
401.90116510,-6.29921200,0.00000000
401.96516510,-7.08661400,0.00000000
402.02916510,-1.18110200,0.00000000
402.09316510,-5.51181100,0.00000000
402.15716510,-7.08661400,0.07874016
402.22116510,-2.36220500,0.00000000
402.28516509,-7.48031400,0.00000000
402.34916509,-7.08661400,0.00000000
402.41316509,-5.51181100,0.00000000
402.47716509,-3.93700800,0.00000000
402.54116509,-9.84251900,0.00000000
402.60516508,-4.33070900,0.07874016
402.66916508,-7.87401500,0.07874016
402.73316508,-7.48031400,0.00000000
402.79716508,-10.62992000,0.00000000
402.86116508,-5.90551100,0.07874016
402.92516508,-12.59842000,0.07874016
402.98916507,-7.08661400,0.07874016
403.05316507,-9.44881800,0.07874016
403.11716507,-7.08661400,0.07874016
403.18116507,-8.66141700,0.00000000
403.24516507,-5.90551100,0.00000000
403.30916506,-9.05511800,0.00000000
403.37316506,-10.23622000,0.07874016
403.43716506,-9.05511800,0.07874016
403.50116506,-8.66141700,0.00000000
403.56516506,-6.69291300,0.00000000
403.62916506,-11.02362000,0.07874016
403.69316505,-2.75590500,0.00000000
403.75716505,-10.23622000,0.00000000
403.82116505,-7.08661400,0.00000000
403.88516505,-9.84251900,0.00000000
403.94916505,-8.66141700,0.00000000
404.01316505,-11.81102000,0.00000000
404.07716504,-3.54330700,0.00000000
404.14116504,-7.08661400,0.00000000
404.20516504,-5.90551100,0.00000000
404.26916504,-4.33070900,0.00000000
404.33316504,-3.14960600,0.00000000
404.39716503,-7.87401500,0.00000000
404.46116503,-2.75590500,0.00000000
404.52516503,-2.75590500,0.00000000
404.58916503,-4.33070900,0.00000000
404.65316503,-0.78740150,0.00000000
404.71716503,-0.78740150,0.00000000
404.78116502,-2.36220500,0.00000000
404.84516502,-4.33070900,0.00000000
404.90916502,2.36220500,0.00000000
404.97316502,-4.72440900,0.00000000
405.03716502,0.00000000,0.00000000
405.10116501,-1.96850400,0.00000000
405.16516501,1.57480300,0.00000000
405.22916501,-5.51181100,0.00000000
405.29316501,0.00000000,0.00000000
405.35716501,-4.72440900,0.00000000
405.42116501,-4.72440900,0.00000000
405.48516500,-5.51181100,0.00000000
405.54916500,-2.36220500,0.00000000
405.61316500,-5.51181100,0.07874016
405.67716500,-4.33070900,0.07874016
405.74116500,0.39370070,0.00000000
405.80516499,-5.51181100,0.00000000
405.86916499,-4.33070900,0.00000000
405.93316499,-5.51181100,0.00000000
405.99716499,-4.33070900,0.00000000
406.06116499,-9.05511800,0.00000000
406.12516499,-1.57480300,0.00000000
406.18916498,-7.87401500,0.07874016
406.25316498,-4.33070900,0.00000000
406.31716498,-4.33070900,0.07874016
406.38116498,-1.96850400,0.00000000
406.44516498,-9.84251900,0.00000000
406.50916497,-3.14960600,0.00000000
406.57316497,-7.08661400,0.00000000
406.63716497,-7.08661400,0.00000000
406.70116497,-6.29921200,0.00000000
406.76516497,-3.93700800,0.00000000
406.82916497,-6.69291300,0.07874016
406.89316496,-6.29921200,0.07874016
406.95716496,-2.36220500,0.00000000
407.02116496,-9.05511800,0.00000000
407.08516496,-4.33070900,0.00000000
407.14916496,-5.11811000,0.00000000
407.21316495,0.39370070,0.00000000
407.27716495,-5.90551100,0.00000000
407.34116495,0.78740150,0.00000000
407.40516495,-2.75590500,0.00000000
407.46916495,-1.96850400,0.00000000
407.53316495,-4.72440900,0.00000000
407.59716494,1.18110200,0.00000000
407.66116494,-3.54330700,0.00000000
407.72516494,-0.78740150,0.00000000
407.78916494,1.57480300,0.00000000
407.85316494,-1.18110200,0.00000000
407.91716493,-5.90551100,0.00000000
407.98116493,-2.36220500,0.00000000
408.04516493,-3.14960600,0.00000000
408.10916493,-8.66141700,0.07874016
408.17316493,-2.36220500,0.00000000
408.23716493,-2.36220500,0.00000000
408.30116492,-4.72440900,0.00000000
408.36516492,-4.72440900,0.00000000
408.42916492,1.96850400,0.00000000
408.49316492,-8.66141700,0.00000000
408.55716492,-1.57480300,0.07874016
408.62116491,-3.14960600,0.07874016
408.68516491,-2.36220500,0.07874016
408.74916491,-4.72440900,0.07874016
408.81316491,3.14960600,0.00000000
408.87716491,-3.14960600,0.00000000
408.94116491,-2.75590500,0.07874016
409.00516490,0.00000000,0.00000000
409.06916490,-2.75590500,0.00000000
409.13316490,-3.54330700,0.07874016
409.19716490,-1.96850400,0.00000000
409.26116490,-1.57480300,0.00000000
409.32516489,-6.69291300,0.00000000
409.38916489,-2.36220500,0.00000000
409.45316489,-4.72440900,0.00000000
409.51716489,-6.29921200,0.00000000
409.58116489,-8.26771600,0.00000000
409.64516489,-2.75590500,0.00000000
409.70916488,-7.08661400,0.00000000
409.77316488,-4.72440900,0.00000000
409.83716488,-4.72440900,0.00000000
409.90116488,-1.96850400,0.00000000
409.96516488,-7.48031400,0.00000000
410.02916487,-3.54330700,0.07874016
410.09316487,-6.29921200,0.00000000
410.15716487,-7.87401500,0.00000000
410.22116487,-6.69291300,0.00000000
410.28516487,-3.93700800,0.00000000
410.34916487,-7.08661400,0.00000000
410.41316486,-7.87401500,0.00000000
410.47716486,-2.75590500,0.00000000
410.54116486,-11.81102000,0.00000000
410.60516486,-9.05511800,0.00000000
410.66916486,-11.41732000,0.07874016
410.73316485,-8.66141700,0.00000000
410.79716485,-14.17323000,0.00000000
410.86116485,-5.90551100,0.00000000
410.92516485,-12.59842000,0.00000000
410.98916485,-10.62992000,0.00000000
411.05316485,-12.99213000,0.00000000
411.11716484,-10.23622000,0.00000000
411.18116484,-13.38583000,0.07874016
411.24516484,-11.02362000,0.07874016
411.30916484,-10.62992000,0.00000000
411.37316484,-10.23622000,0.00000000
411.43716484,-11.41732000,0.00000000
411.50116483,-10.23622000,0.07874016
411.56516483,-10.62992000,0.00000000
411.62916483,-12.99213000,0.00000000
411.69316483,-8.66141700,0.07874016
411.75716483,-11.41732000,0.00000000
411.82116482,-9.44881800,0.07874016
411.88516482,-11.02362000,0.00000000
411.94916482,-7.08661400,0.00000000
412.01316482,-15.74803000,0.00000000
412.07716482,-9.84251900,0.00000000
412.14116482,-13.77953000,0.00000000
412.20516481,-12.20472000,0.00000000
412.26916481,-12.99213000,0.00000000
412.33316481,-7.87401500,0.07874016
412.39716481,-12.59842000,0.00000000
412.46116481,-9.84251900,0.00000000
412.52516480,-8.26771600,0.00000000
412.58916480,-12.20472000,0.00000000
412.65316480,-10.62992000,0.00000000
412.71716480,-9.44881800,0.00000000
412.78116480,-8.66141700,0.00000000
412.84516480,-12.59842000,0.00000000
412.90916479,-5.90551100,0.00000000
412.97316479,-11.41732000,0.00000000
413.03716479,-9.84251900,0.07874016
413.10116479,-10.23622000,0.00000000
413.16516479,-8.26771600,0.00000000
413.22916478,-16.14173000,0.00000000
413.29316478,-9.44881800,0.00000000
413.35716478,-12.20472000,0.00000000
413.42116478,-11.02362000,0.00000000
413.48516478,-13.38583000,0.00000000
413.54916478,-9.44881800,0.00000000
413.61316477,-13.38583000,0.00000000
413.67716477,-12.99213000,0.07874016
413.74116477,-11.41732000,0.07874016
413.80516477,-11.02362000,0.07874016
413.86916477,-7.87401500,0.00000000
413.93316476,-8.66141700,0.00000000
413.99716476,-3.93700800,0.00000000
414.06116476,-11.81102000,0.00000000
414.12516476,-6.29921200,0.00000000
414.18916476,-7.48031400,0.00000000
414.25316476,-5.51181100,0.00000000
414.31716475,-9.84251900,0.07874016
414.38116475,-0.78740150,0.07874016
414.44516475,-5.51181100,0.00000000
414.50916475,-3.54330700,0.00000000
414.57316475,-2.75590500,0.00000000
414.63716474,-4.33070900,0.00000000
414.70116474,-8.66141700,0.00000000
414.76516474,-3.14960600,0.00000000
414.82916474,-4.72440900,0.00000000
414.89316474,-6.69291300,0.00000000
414.95716474,-1.57480300,0.00000000
415.02116473,-1.18110200,0.00000000
415.08516473,-4.33070900,0.00000000
415.14916473,-3.93700800,0.00000000
415.21316473,0.00000000,0.00000000
415.27716473,-6.69291300,0.00000000
415.34116472,-0.39370070,0.00000000
415.40516472,-1.96850400,0.00000000
415.46916472,-1.57480300,0.00000000
415.53316472,-5.90551100,0.00000000
415.59716472,1.96850400,0.00000000
415.66116472,-6.29921200,0.00000000
415.72516471,-4.72440900,0.00000000
415.78916471,-4.33070900,0.00000000
415.85316471,-2.36220500,0.00000000
415.91716471,-7.08661400,0.00000000
415.98116471,-5.11811000,0.00000000
416.04516470,-2.75590500,0.00000000
416.10916470,-8.26771600,0.00000000
416.17316470,-6.69291300,0.00000000
416.23716470,-5.90551100,0.00000000
416.30116470,-6.69291300,0.00000000
416.36516470,-10.23622000,0.00000000
416.42916469,-2.36220500,0.00000000
416.49316469,-6.69291300,0.00000000
416.55716469,-5.90551100,0.07874016
416.62116469,-6.29921200,0.00000000
416.68516469,-3.14960600,0.00000000
416.74916468,-9.05511800,0.00000000
416.81316468,-3.93700800,0.07874016
416.87716468,-5.90551100,0.00000000
416.94116468,-4.72440900,0.00000000
417.00516468,-3.93700800,0.00000000
417.06916468,0.00000000,0.00000000
417.13316467,-5.51181100,0.00000000
417.19716467,-3.54330700,0.00000000
417.26116467,-1.96850400,0.00000000
417.32516467,-5.51181100,0.00000000
417.38916467,-4.33070900,0.00000000
417.45316466,-3.93700800,0.00000000
417.51716466,-0.78740150,0.00000000
417.58116466,-5.90551100,0.00000000
417.64516466,0.00000000,0.00000000
417.70916466,-4.72440900,0.00000000
417.77316466,-2.75590500,0.00000000
417.83716465,-5.51181100,0.00000000
417.90116465,0.39370070,0.07874016
417.96516465,-4.33070900,0.00000000
418.02916465,-1.18110200,0.00000000
418.09316465,-0.78740150,0.00000000
418.15716464,-1.18110200,0.00000000
418.22116464,-4.72440900,0.00000000
418.28516464,-1.96850400,0.00000000
418.34916464,-3.14960600,0.00000000
418.41316464,-4.33070900,0.00000000
418.47716464,-1.18110200,0.00000000
418.54116463,-3.54330700,0.00000000
418.60516463,-4.33070900,0.00000000
418.66916463,-5.51181100,0.00000000
418.73316463,-3.54330700,0.07874016
418.79716463,-13.77953000,0.00000000
418.86116463,-6.69291300,0.00000000
418.92516462,-9.84251900,0.00000000
418.98916462,-8.26771600,0.00000000
419.05316462,-12.59842000,0.00000000
419.11716462,-4.72440900,0.07874016
419.18116462,-12.99213000,0.00000000
419.24516461,-8.26771600,0.00000000
419.30916461,-9.44881800,0.07874016
419.37316461,-10.62992000,0.00000000
419.43716461,-8.26771600,0.07874016
419.50116461,-6.29921200,0.00000000
419.56516461,-8.26771600,0.00000000
419.62916460,-10.62992000,0.07874016
419.69316460,-5.51181100,0.00000000
419.75716460,-9.44881800,0.00000000
419.82116460,-7.87401500,0.00000000
419.88516460,-9.44881800,0.00000000
419.94916459,-5.51181100,0.00000000
420.01316459,-11.81102000,0.00000000
420.07716459,-6.29921200,0.00000000
420.14116459,-9.44881800,0.00000000
420.20516459,-7.87401500,0.00000000
420.26916459,-11.02362000,0.00000000
420.33316458,-6.69291300,0.00000000
420.39716458,-12.59842000,0.07874016
420.46116458,-8.66141700,0.00000000
420.52516458,-8.66141700,0.00000000
420.58916458,-6.69291300,0.00000000
420.65316457,-8.66141700,0.00000000
420.71716457,-5.11811000,0.00000000
420.78116457,-6.69291300,0.00000000
420.84516457,-12.20472000,0.00000000
420.90916457,-7.08661400,0.00000000
420.97316457,-8.66141700,0.00000000
421.03716456,-8.26771600,0.00000000
421.10116456,-10.62992000,0.00000000
421.16516456,-1.96850400,0.07874016
421.22916456,-12.20472000,0.00000000
421.29316456,-8.66141700,0.00000000
421.35716455,-10.62992000,0.00000000
421.42116455,-9.44881800,0.00000000
421.48516455,-13.77953000,0.07874016
421.54916455,-3.93700800,0.07874016
421.61316455,-5.11811000,0.00000000
421.67716455,-8.66141700,0.00000000
421.74116454,-5.90551100,0.00000000
421.80516454,-5.90551100,0.00000000
421.86916454,-10.23622000,0.00000000
421.93316454,-6.69291300,0.07874016
421.99716454,-3.93700800,0.00000000
422.06116453,-5.90551100,0.07874016
422.12516453,-2.36220500,0.00000000
422.18916453,-4.33070900,0.07874016
422.25316453,-1.57480300,0.00000000
422.31716453,-7.08661400,0.00000000
422.38116453,0.39370070,0.00000000
422.44516452,-4.33070900,0.00000000
422.50916452,-2.36220500,0.00000000
422.57316452,-3.54330700,0.00000000
422.63716452,3.93700800,0.00000000
422.70116452,-5.11811000,0.00000000
422.76516451,-1.57480300,0.00000000
422.82916451,-1.57480300,0.00000000
422.89316451,-5.90551100,0.00000000
422.95716451,-3.54330700,0.00000000
423.02116451,0.39370070,0.00000000
423.08516451,-2.36220500,0.00000000
423.14916450,-2.36220500,0.00000000
423.21316450,6.29921200,0.00000000
423.27716450,-0.39370070,0.00000000
423.34116450,0.00000000,0.00000000
423.40516450,0.00000000,0.07874016
423.46916449,3.54330700,0.00000000
423.53316449,-3.54330700,0.00000000
423.59716449,5.51181100,0.00000000
423.66116449,1.18110200,0.00000000
423.72516449,1.57480300,0.00000000
423.78916449,0.00000000,0.00000000
423.85316448,4.72440900,0.00000000
423.91716448,-4.33070900,0.00000000
423.98116448,-1.18110200,0.00000000
424.04516448,0.00000000,0.00000000
424.10916448,0.00000000,0.00000000
424.17316447,-0.39370070,0.00000000
424.23716447,0.00000000,0.00000000
424.30116447,3.14960600,0.00000000
424.36516447,-4.33070900,0.00000000
424.42916447,-0.39370070,0.00000000
424.49316447,-2.36220500,0.00000000
424.55716446,0.78740150,0.07874016
424.62116446,-4.33070900,0.07874016
424.68516446,4.33070900,0.07874016
424.74916446,-3.14960600,0.07874016
424.81316446,-1.57480300,0.07874016
424.87716445,0.00000000,0.00000000
424.94116445,-0.78740150,0.00000000
425.00516445,-5.90551100,0.07874016
425.06916445,0.78740150,0.00000000
425.13316445,0.39370070,0.07874016
425.19716445,-1.96850400,0.00000000
425.26116444,0.39370070,0.00000000
425.32516444,0.00000000,0.00000000
425.38916444,-3.93700800,0.00000000
425.45316444,-3.54330700,0.00000000
425.51716444,0.39370070,0.00000000
425.58116444,-7.08661400,0.00000000
425.64516443,0.00000000,0.07874016
425.70916443,-1.18110200,0.00000000
425.77316443,0.78740150,0.00000000
425.83716443,-4.33070900,0.00000000
425.90116443,2.36220500,0.00000000
425.96516442,-4.33070900,0.00000000
426.02916442,-0.39370070,0.00000000
426.09316442,0.00000000,0.00000000
426.15716442,0.39370070,0.00000000
426.22116442,-1.18110200,0.00000000
426.28516442,0.78740150,0.00000000
426.34916441,0.78740150,0.07874016
426.41316441,-3.14960600,0.00000000
426.47716441,-0.39370070,0.00000000
426.54116441,-2.36220500,0.00000000
426.60516441,-0.78740150,0.00000000
426.66916440,-3.14960600,0.00000000
426.73316440,0.39370070,0.00000000
426.79716440,-4.33070900,0.00000000
426.86116440,-1.57480300,0.00000000
426.92516440,-3.54330700,0.00000000
426.98916440,-0.78740150,0.00000000
427.05316439,-8.66141700,0.07874016
427.11716439,0.00000000,0.00000000
427.18116439,-3.54330700,0.00000000
427.24516439,-2.36220500,0.07874016
427.30916439,-4.33070900,0.00000000
427.37316438,0.00000000,0.00000000
427.43716438,-4.33070900,0.00000000
427.50116438,-3.93700800,0.00000000
427.56516438,-1.57480300,0.00000000
427.62916438,-5.11811000,0.00000000
427.69316438,-1.96850400,0.00000000
427.75716437,-1.57480300,0.00000000
427.82116437,0.39370070,0.00000000
427.88516437,-5.11811000,0.00000000
427.94916437,0.78740150,0.00000000
428.01316437,-5.11811000,0.00000000
428.07716436,-3.14960600,0.00000000
428.14116436,-4.33070900,0.00000000
428.20516436,-1.18110200,0.07874016
428.26916436,-5.11811000,0.00000000
428.33316436,0.00000000,0.00000000
428.39716436,-1.96850400,0.00000000
428.46116435,-3.54330700,0.00000000
428.52516435,-5.11811000,0.00000000
428.58916435,-0.39370070,0.00000000
428.65316435,-2.75590500,0.00000000
428.71716435,-2.75590500,0.00000000
428.78116434,2.36220500,0.00000000
428.84516434,-0.78740150,0.07874016
428.90916434,-0.78740150,0.00000000
428.97316434,-1.96850400,0.00000000
429.03716434,1.96850400,0.00000000
429.10116434,-6.69291300,0.00000000
429.16516433,2.75590500,0.00000000
429.22916433,-0.39370070,0.00000000
429.29316433,-1.18110200,0.00000000
429.35716433,-3.14960600,0.00000000
429.42116433,1.57480300,0.00000000
429.48516432,-7.08661400,0.00000000
429.54916432,-4.72440900,0.07874016
429.61316432,-1.57480300,0.00000000
429.67716432,-4.33070900,0.00000000
429.74116432,-4.33070900,0.00000000
429.80516432,-0.39370070,0.00000000
429.86916431,-2.36220500,0.00000000
429.93316431,-7.08661400,0.07874016
429.99716431,0.00000000,0.07874016
430.06116431,-3.93700800,0.00000000
430.12516431,-4.33070900,0.00000000
430.18916430,-4.33070900,0.00000000
430.25316430,0.39370070,0.07874016
430.31716430,-5.11811000,0.00000000
430.38116430,0.39370070,0.00000000
430.44516430,-2.75590500,0.00000000
430.50916430,-0.78740150,0.00000000
430.57316429,-5.51181100,0.00000000
430.63716429,-0.39370070,0.07874016
430.70116429,-3.54330700,0.00000000
430.76516429,-3.14960600,0.00000000
430.82916429,-1.96850400,0.00000000
430.89316428,-2.36220500,0.00000000
430.95716428,-4.33070900,0.00000000
431.02116428,-5.51181100,0.00000000
431.08516428,0.00000000,0.00000000
431.14916428,-6.29921200,0.00000000
431.21316428,-1.18110200,0.07874016
431.27716427,-1.18110200,0.00000000
431.34116427,0.39370070,0.00000000
431.40516427,-3.93700800,0.07874016
431.46916427,3.54330700,0.00000000
431.53316427,-3.54330700,0.00000000
431.59716426,-2.75590500,0.00000000
431.66116426,-0.78740150,0.00000000
431.72516426,0.78740150,0.07874016
431.78916426,-4.72440900,0.00000000
431.85316426,1.57480300,0.00000000
431.91716426,0.00000000,0.00000000
431.98116425,-2.75590500,0.00000000
432.04516425,-1.96850400,0.00000000
432.10916425,-1.96850400,0.07874016
432.17316425,-4.72440900,0.00000000
432.23716425,-3.93700800,0.07874016
432.30116424,2.75590500,0.00000000
432.36516424,-4.72440900,0.00000000
432.42916424,-0.78740150,0.00000000
432.49316424,-3.93700800,0.00000000
432.55716424,-1.57480300,0.00000000
432.62116424,-7.48031400,0.07874016
432.68516423,0.39370070,0.07874016
432.74916423,-3.93700800,0.00000000
432.81316423,-2.36220500,0.07874016
432.87716423,-2.36220500,0.07874016
432.94116423,0.78740150,0.00000000
433.00516423,-3.14960600,0.07874016
433.06916422,-2.36220500,0.00000000
433.13316422,-0.39370070,0.00000000
433.19716422,-3.54330700,0.00000000
433.26116422,-1.18110200,0.00000000
433.32516422,-0.39370070,0.00000000
433.38916421,1.18110200,0.00000000
433.45316421,-3.54330700,0.00000000
433.51716421,0.78740150,0.00000000
433.58116421,-4.33070900,0.00000000
433.64516421,-1.96850400,0.00000000
433.70916421,-2.75590500,0.00000000
433.77316420,1.96850400,0.00000000
433.83716420,-4.33070900,0.00000000
433.90116420,2.75590500,0.00000000
433.96516420,-0.39370070,0.00000000
434.02916420,-0.78740150,0.00000000
434.09316419,-1.57480300,0.00000000
434.15716419,0.78740150,0.07874016
434.22116419,-1.57480300,0.00000000
434.28516419,-0.39370070,0.00000000
434.34916419,3.14960600,0.00000000
434.41316419,-2.36220500,0.00000000
434.47716418,1.57480300,0.00000000
434.54116418,0.00000000,0.00000000
434.60516418,0.78740150,0.00000000
434.66916418,-5.51181100,0.00000000
434.73316418,0.78740150,0.00000000
434.79716417,-2.75590500,0.00000000
434.86116417,-1.96850400,0.00000000
434.92516417,-3.93700800,0.00000000
434.98916417,0.00000000,0.00000000
435.05316417,-6.29921200,0.00000000
435.11716417,-3.93700800,0.00000000
435.18116416,-4.33070900,0.00000000
435.24516416,-6.29921200,0.00000000
435.30916416,-7.87401500,0.00000000
435.37316416,-1.18110200,0.07874016
435.43716416,-3.14960600,0.00000000
435.50116415,-7.08661400,0.00000000
435.56516415,-1.18110200,0.00000000
435.62916415,-5.90551100,0.00000000
435.69316415,-5.11811000,0.00000000
435.75716415,-5.11811000,0.00000000
435.82116415,0.00000000,0.00000000
435.88516414,-8.66141700,0.00000000
435.94916414,0.00000000,0.00000000
436.01316414,-3.14960600,0.00000000
436.07716414,-4.72440900,0.00000000
436.14116414,-6.29921200,0.00000000
436.20516413,-1.57480300,0.07874016
436.26916413,-7.87401500,0.00000000
436.33316413,-4.33070900,0.00000000
436.39716413,-0.39370070,0.07874016
436.46116413,-3.54330700,0.00000000
436.52516413,-3.14960600,0.00000000
436.58916412,-0.78740150,0.00000000
436.65316412,-3.14960600,0.00000000
436.71716412,-5.51181100,0.00000000
436.78116412,1.18110200,0.00000000
436.84516412,-2.36220500,0.00000000
436.90916411,-0.78740150,0.00000000
436.97316411,-1.18110200,0.00000000
437.03716411,3.14960600,0.00000000
437.10116411,-5.11811000,0.00000000
437.16516411,-0.78740150,0.00000000
437.22916411,-3.54330700,0.00000000
437.29316410,-1.18110200,0.00000000
437.35716410,-5.51181100,0.07874016
437.42116410,-0.39370070,0.00000000
437.48516410,-3.54330700,0.00000000
437.54916410,-5.90551100,0.00000000
437.61316409,-3.54330700,0.00000000
437.67716409,-4.33070900,0.07874016
437.74116409,-7.08661400,0.00000000
437.80516409,-7.87401500,0.00000000
437.86916409,-1.96850400,0.00000000
437.93316409,-10.23622000,0.00000000
437.99716408,-4.72440900,0.00000000
438.06116408,-6.29921200,0.07874016
438.12516408,-7.08661400,0.00000000
438.18916408,-10.23622000,0.00000000
438.25316408,-4.72440900,0.00000000
438.31716407,-11.41732000,0.07874016
438.38116407,-8.26771600,0.07874016
438.44516407,-6.69291300,0.00000000
438.50916407,-5.11811000,0.00000000
438.57316407,-10.23622000,0.00000000
438.63716407,-5.11811000,0.00000000
438.70116406,-8.26771600,0.00000000
438.76516406,-10.23622000,0.00000000
438.82916406,-7.87401500,0.00000000
438.89316406,-8.66141700,0.00000000
438.95716406,-9.05511800,0.00000000
439.02116405,-9.05511800,0.07874016
439.08516405,-3.93700800,0.07874016
439.14916405,-12.20472000,0.00000000
439.21316405,-6.29921200,0.00000000
439.27716405,-9.05511800,0.00000000
439.34116405,-8.26771600,0.00000000
439.40516404,-11.81102000,0.00000000
439.46916404,-4.72440900,0.00000000
439.53316404,-8.66141700,0.00000000
439.59716404,-7.48031400,0.00000000
439.66116404,-7.87401500,0.00000000
439.72516404,-7.08661400,0.07874016
439.78916403,-11.02362000,0.00000000
439.85316403,-8.66141700,0.00000000
439.91716403,-7.48031400,0.00000000
439.98116403,-11.02362000,0.00000000
440.04516403,-8.26771600,0.00000000
440.10916402,-7.87401500,0.00000000
440.17316402,-10.62992000,0.00000000
440.23716402,-13.77953000,0.00000000
440.30116402,-7.48031400,0.00000000
440.36516402,-13.77953000,0.00000000
440.42916402,-8.66141700,0.00000000
440.49316401,-11.41732000,0.00000000
440.55716401,-7.48031400,0.07874016
440.62116401,-13.38583000,0.00000000
440.68516401,-7.87401500,0.00000000
440.74916401,-11.81102000,0.00000000
440.81316400,-10.62992000,0.00000000
440.87716400,-10.62992000,0.00000000
440.94116400,-8.26771600,0.07874016
441.00516400,-7.48031400,0.00000000
441.06916400,-7.08661400,0.00000000
441.13316400,-3.93700800,0.07874016
441.19716399,-8.26771600,0.00000000
441.26116399,-4.33070900,0.00000000
441.32516399,-6.69291300,0.00000000
441.38916399,-4.33070900,0.07874016
441.45316399,-8.66141700,0.07874016
441.51716398,-1.96850400,0.00000000
441.58116398,-5.51181100,0.00000000
441.64516398,-4.33070900,0.07874016
441.70916398,-6.69291300,0.00000000
441.77316398,-1.96850400,0.00000000
441.83716398,-8.26771600,0.00000000
441.90116397,-2.75590500,0.07874016
441.96516397,-2.36220500,0.07874016
442.02916397,-3.54330700,0.00000000
442.09316397,-3.54330700,0.00000000
442.15716397,0.78740150,0.00000000
442.22116396,-2.75590500,0.00000000
442.28516396,-6.29921200,0.00000000
442.34916396,1.96850400,0.00000000
442.41316396,-4.33070900,0.00000000
442.47716396,-2.36220500,0.00000000
442.54116396,-1.57480300,0.00000000
442.60516395,1.96850400,0.00000000
442.66916395,-6.29921200,0.00000000
442.73316395,3.54330700,0.00000000
442.79716395,-2.36220500,0.00000000
442.86116395,-3.93700800,0.00000000
442.92516394,-3.93700800,0.00000000
442.98916394,0.78740150,0.00000000
443.05316394,-4.72440900,0.00000000
443.11716394,-0.39370070,0.00000000
443.18116394,-0.39370070,0.00000000
443.24516394,-3.54330700,0.07874016
443.30916393,-4.33070900,0.00000000
443.37316393,-1.57480300,0.00000000
443.43716393,-3.14960600,0.00000000
443.50116393,-5.11811000,0.07874016
443.56516393,0.78740150,0.07874016
443.62916392,-2.36220500,0.07874016
443.69316392,-1.18110200,0.00000000
443.75716392,-4.33070900,0.07874016
443.82116392,1.57480300,0.00000000
443.88516392,-6.69291300,0.00000000
443.94916392,-1.18110200,0.00000000
444.01316391,-2.75590500,0.00000000
444.07716391,0.00000000,0.00000000
444.14116391,-2.75590500,0.00000000
444.20516391,1.96850400,0.00000000
444.26916391,-2.75590500,0.00000000
444.33316390,-5.51181100,0.00000000
444.39716390,-1.18110200,0.00000000
444.46116390,-2.75590500,0.00000000
444.52516390,-3.54330700,0.00000000
444.58916390,-1.96850400,0.00000000
444.65316390,1.96850400,0.00000000
444.71716389,-4.72440900,0.00000000
444.78116389,0.00000000,0.00000000
444.84516389,-1.57480300,0.07874016
444.90916389,-1.96850400,0.00000000
444.97316389,-3.54330700,0.07874016
445.03716388,3.14960600,0.00000000
445.10116388,-4.33070900,0.00000000
445.16516388,0.00000000,0.00000000
445.22916388,-0.39370070,0.00000000
445.29316388,0.00000000,0.00000000
445.35716388,-5.11811000,0.00000000
445.42116387,-0.39370070,0.00000000
445.48516387,-1.96850400,0.00000000
445.54916387,-3.93700800,0.07874016
445.61316387,-1.57480300,0.07874016
445.67716387,-1.57480300,0.00000000
445.74116386,-1.57480300,0.00000000
445.80516386,-4.33070900,0.00000000
445.86916386,0.78740150,0.00000000
445.93316386,-6.69291300,0.00000000
445.99716386,-2.36220500,0.07874016
446.06116386,-2.36220500,0.00000000
446.12516385,0.00000000,0.00000000
446.18916385,-4.72440900,0.00000000
446.25316385,3.14960600,0.00000000
446.31716385,-2.36220500,0.00000000
446.38116385,-2.36220500,0.00000000
446.44516384,-1.18110200,0.00000000
446.50916384,0.00000000,0.00000000
446.57316384,-3.14960600,0.00000000
446.63716384,1.96850400,0.00000000
446.70116384,0.78740150,0.00000000
446.76516384,-2.75590500,0.00000000
446.82916383,0.39370070,0.00000000
446.89316383,-0.78740150,0.00000000
446.95716383,-3.14960600,0.00000000
447.02116383,-4.33070900,0.00000000
447.08516383,1.96850400,0.00000000
447.14916383,-5.11811000,0.00000000
447.21316382,2.36220500,0.00000000
447.27716382,-0.78740150,0.00000000
447.34116382,0.00000000,0.00000000
447.40516382,-5.11811000,0.00000000
447.46916382,1.57480300,0.07874016
447.53316381,-3.54330700,0.00000000
447.59716381,-1.18110200,0.00000000
447.66116381,-0.78740150,0.00000000
447.72516381,0.39370070,0.00000000
447.78916381,-0.39370070,0.00000000
447.85316381,-1.18110200,0.00000000
447.91716380,0.00000000,0.00000000
447.98116380,-4.33070900,0.00000000
448.04516380,-2.36220500,0.00000000
448.10916380,-1.18110200,0.00000000
448.17316380,0.00000000,0.00000000
448.23716379,-5.11811000,0.00000000
448.30116379,0.78740150,0.00000000
448.36516379,-3.14960600,0.00000000
448.42916379,-3.14960600,0.00000000
448.49316379,-4.72440900,0.00000000
448.55716379,0.78740150,0.00000000
448.62116378,-7.87401500,0.00000000
448.68516378,-0.78740150,0.07874016
448.74916378,-1.18110200,0.00000000
448.81316378,-3.54330700,0.00000000
448.87716378,-2.75590500,0.00000000
448.94116377,0.39370070,0.00000000
449.00516377,-4.33070900,0.00000000
449.06916377,-5.51181100,0.07874016
449.13316377,2.75590500,0.00000000
449.19716377,-3.54330700,0.00000000
449.26116377,-0.39370070,0.00000000
449.32516376,-0.78740150,0.00000000
449.38916376,1.18110200,0.00000000
449.45316376,-5.51181100,0.00000000
449.51716376,1.96850400,0.00000000
449.58116376,-3.14960600,0.00000000
449.64516375,-3.14960600,0.00000000
449.70916375,-3.14960600,0.00000000
449.77316375,1.57480300,0.00000000
449.83716375,-4.33070900,0.00000000
449.90116375,-0.78740150,0.00000000
449.96516375,-1.18110200,0.00000000
450.02916374,-2.36220500,0.00000000
450.09316374,-4.33070900,0.00000000
450.15716374,0.00000000,0.00000000
450.22116374,-1.18110200,0.00000000
450.28516374,-3.54330700,0.07874016
450.34916373,3.14960600,0.00000000
450.41316373,-0.78740150,0.00000000
450.47716373,-2.36220500,0.00000000
450.54116373,-4.33070900,0.00000000
450.60516373,1.57480300,0.00000000
450.66916373,-7.08661400,0.00000000
450.73316372,0.78740150,0.00000000
450.79716372,-0.78740150,0.00000000
450.86116372,-0.78740150,0.00000000
450.92516372,-5.51181100,0.00000000
450.98916372,-0.78740150,0.00000000
451.05316371,-5.90551100,0.00000000
451.11716371,-4.72440900,0.00000000
451.18116371,-1.18110200,0.00000000
451.24516371,-2.36220500,0.00000000
451.30916371,-5.11811000,0.00000000
451.37316371,-1.57480300,0.00000000
451.43716370,-0.78740150,0.00000000
451.50116370,-4.72440900,0.00000000
451.56516370,-1.96850400,0.00000000
451.62916370,-2.36220500,0.00000000
451.69316370,-0.78740150,0.00000000
451.75716369,-2.75590500,0.00000000
451.82116369,3.93700800,0.00000000
451.88516369,-2.36220500,0.00000000
451.94916369,0.78740150,0.00000000
452.01316369,-1.96850400,0.00000000
452.07716369,1.57480300,0.00000000
452.14116368,-4.72440900,0.00000000
452.20516368,1.57480300,0.00000000
452.26916368,0.00000000,0.00000000
452.33316368,-1.18110200,0.00000000
452.39716368,-0.78740150,0.00000000
452.46116367,-0.39370070,0.07874016
452.52516367,-2.36220500,0.00000000
452.58916367,-2.75590500,0.00000000
452.65316367,2.75590500,0.00000000
452.71716367,-5.90551100,0.00000000
452.78116367,0.00000000,0.00000000
452.84516366,1.18110200,0.00000000
452.90916366,1.18110200,0.00000000
452.97316366,-2.36220500,0.00000000
453.03716366,4.72440900,0.00000000
453.10116366,-2.36220500,0.00000000
453.16516365,-1.18110200,0.00000000
453.22916365,0.78740150,0.00000000
453.29316365,1.57480300,0.00000000
453.35716365,-3.14960600,0.00000000
453.42116365,3.93700800,0.00000000
453.48516365,0.00000000,0.00000000
453.54916364,-2.36220500,0.00000000
453.61316364,-1.57480300,0.00000000
453.67716364,-2.36220500,0.00000000
453.74116364,-2.75590500,0.00000000
453.80516364,-2.75590500,0.00000000
453.86916363,1.57480300,0.00000000
453.93316363,-4.33070900,0.00000000
453.99716363,0.39370070,0.07874016
454.06116363,-4.33070900,0.07874016
454.12516363,-1.18110200,0.07874016
454.18916363,-4.72440900,0.00000000
454.25316362,0.39370070,0.07874016
454.31716362,-3.54330700,0.00000000
454.38116362,-0.39370070,0.00000000
454.44516362,-1.18110200,0.00000000
454.50916362,0.00000000,0.00000000
454.57316362,-4.33070900,0.00000000
454.63716361,-2.36220500,0.00000000
454.70116361,-1.96850400,0.00000000
454.76516361,-3.93700800,0.00000000
454.82916361,-2.36220500,0.00000000
454.89316361,0.00000000,0.00000000
454.95716360,-1.57480300,0.00000000
455.02116360,-5.51181100,0.00000000
455.08516360,0.78740150,0.00000000
455.14916360,-4.72440900,0.00000000
455.21316360,-3.54330700,0.00000000
455.27716360,-3.54330700,0.00000000
455.34116359,1.57480300,0.00000000
455.40516359,-6.29921200,0.00000000
455.46916359,1.96850400,0.00000000
455.53316359,-2.36220500,0.00000000
455.59716359,-2.36220500,0.00000000
455.66116358,-3.14960600,0.00000000
455.72516358,0.78740150,0.00000000
455.78916358,-4.33070900,0.00000000
455.85316358,-3.14960600,0.00000000
455.91716358,1.57480300,0.00000000
455.98116358,-3.14960600,0.00000000
456.04516357,-2.36220500,0.00000000
456.10916357,-1.96850400,0.00000000
456.17316357,-0.39370070,0.00000000
456.23716357,-6.29921200,0.00000000
456.30116357,0.00000000,0.00000000
456.36516356,-3.54330700,0.00000000
456.42916356,-3.14960600,0.00000000
456.49316356,-4.33070900,0.07874016
456.55716356,1.96850400,0.00000000
456.62116356,-7.87401500,0.00000000
456.68516356,-4.33070900,0.00000000
456.74916355,-4.72440900,0.00000000
456.81316355,-3.93700800,0.00000000
456.87716355,-7.48031400,0.07874016
456.94116355,-1.57480300,0.00000000
457.00516355,-5.11811000,0.07874016
457.06916354,-5.90551100,0.00000000
457.13316354,-0.78740150,0.00000000
457.19716354,-5.11811000,0.00000000
457.26116354,-6.69291300,0.00000000
457.32516354,-5.11811000,0.00000000
457.38916354,-0.39370070,0.00000000
457.45316353,-9.05511800,0.00000000
457.51716353,-0.78740150,0.00000000
457.58116353,-4.33070900,0.00000000
457.64516353,-5.11811000,0.00000000
457.70916353,-8.26771600,0.00000000
457.77316352,-3.93700800,0.00000000
457.83716352,-9.84251900,0.00000000
457.90116352,-6.29921200,0.07874016
457.96516352,-4.72440900,0.00000000
458.02916352,-4.72440900,0.00000000
458.09316352,-9.05511800,0.00000000
458.15716351,-5.90551100,0.00000000
458.22116351,-7.08661400,0.00000000
458.28516351,-9.44881800,0.00000000
458.34916351,-6.29921200,0.00000000
458.41316351,-5.90551100,0.00000000
458.47716350,-6.29921200,0.00000000
458.54116350,-8.66141700,0.00000000
458.60516350,-3.54330700,0.00000000
458.66916350,-10.62992000,0.00000000
458.73316350,-7.48031400,0.00000000
458.79716350,-8.66141700,0.00000000
458.86116349,-4.72440900,0.00000000
458.92516349,-13.38583000,0.00000000
458.98916349,-5.11811000,0.00000000
459.05316349,-8.66141700,0.00000000
459.11716349,-9.84251900,0.07874016
459.18116348,-9.44881800,0.00000000
459.24516348,-9.44881800,0.00000000
459.30916348,-13.77953000,0.00000000
459.37316348,-11.02362000,0.07874016
459.43716348,-9.05511800,0.07874016
459.50116348,-14.17323000,0.07874016
459.56516347,-9.44881800,0.07874016
459.62916347,-8.66141700,0.07874016
459.69316347,-10.62992000,0.00000000
459.75716347,-12.59842000,0.00000000
459.82116347,-7.08661400,0.00000000
459.88516346,-12.99213000,0.07874016
459.94916346,-8.26771600,0.00000000
460.01316346,-9.44881800,0.00000000
460.07716346,-7.08661400,0.07874016
460.14116346,-12.20472000,0.00000000
460.20516346,-5.11811000,0.07874016
460.26916345,-10.23622000,0.00000000
460.33316345,-9.84251900,0.00000000
460.39716345,-10.23622000,0.00000000
460.46116345,-7.48031400,0.00000000
460.52516345,-8.66141700,0.00000000
460.58916344,-7.08661400,0.00000000
460.65316344,-3.54330700,0.00000000
460.71716344,-7.48031400,0.00000000
460.78116344,-5.51181100,0.00000000
460.84516344,-6.29921200,0.00000000
460.90916344,-4.33070900,0.00000000
460.97316343,-8.26771600,0.00000000
461.03716343,0.39370070,0.07874016
461.10116343,-3.93700800,0.00000000
461.16516343,-3.14960600,0.00000000
461.22916343,-4.33070900,0.00000000
461.29316343,-1.18110200,0.00000000
461.35716342,-8.26771600,0.00000000
461.42116342,-3.54330700,0.00000000
461.48516342,-3.93700800,0.00000000
461.54916342,-3.93700800,0.00000000
461.61316342,-4.72440900,0.00000000
461.67716341,-0.39370070,0.07874016
461.74116341,-6.69291300,0.00000000
461.80516341,-6.69291300,0.00000000
461.86916341,-2.36220500,0.00000000
461.93316341,-5.51181100,0.07874016
461.99716341,-4.72440900,0.00000000
462.06116340,-5.51181100,0.07874016
462.12516340,0.00000000,0.07874016
462.18916340,-7.08661400,0.00000000
462.25316340,-0.78740150,0.07874016
462.31716340,-4.72440900,0.00000000
462.38116339,-2.36220500,0.07874016
462.44516339,-4.72440900,0.07874016
462.50916339,2.75590500,0.00000000
462.57316339,-5.11811000,0.00000000
462.63716339,-2.36220500,0.00000000
462.70116339,-0.78740150,0.00000000
462.76516338,-2.75590500,0.00000000
462.82916338,-7.87401500,0.00000000
462.89316338,0.00000000,0.00000000
462.95716338,-1.18110200,0.00000000
463.02116338,-5.11811000,0.00000000
463.08516337,0.00000000,0.00000000
463.14916337,-0.39370070,0.00000000
463.21316337,-1.57480300,0.00000000
463.27716337,-1.57480300,0.00000000
463.34116337,5.90551100,0.00000000
463.40516337,-7.48031400,0.00000000
463.46916336,-0.78740150,0.00000000
463.53316336,-1.96850400,0.00000000
463.59716336,-1.18110200,0.00000000
463.66116336,-3.54330700,0.00000000
463.72516336,5.90551100,0.00000000
463.78916335,-2.75590500,0.00000000
463.85316335,-1.57480300,0.00000000
463.91716335,2.36220500,0.00000000
463.98116335,-2.36220500,0.00000000
464.04516335,-4.33070900,0.00000000
464.10916335,-1.18110200,0.00000000
464.17316334,3.14960600,0.00000000
464.23716334,-4.72440900,0.00000000
464.30116334,0.39370070,0.00000000
464.36516334,-3.14960600,0.00000000
464.42916334,-3.54330700,0.00000000
464.49316333,-7.08661400,0.00000000
464.55716333,-0.78740150,0.07874016
464.62116333,-6.69291300,0.07874016
464.68516333,-1.18110200,0.00000000
464.74916333,0.00000000,0.00000000
464.81316333,-0.78740150,0.00000000
464.87716332,-7.08661400,0.07874016
464.94116332,-1.57480300,0.00000000
465.00516332,-7.08661400,0.00000000
465.06916332,-3.54330700,0.00000000
465.13316332,-3.54330700,0.07874016
465.19716331,0.00000000,0.07874016
465.26116331,-1.96850400,0.00000000
465.32516331,-3.93700800,0.07874016
465.38916331,0.78740150,0.00000000
465.45316331,-5.90551100,0.00000000
465.51716331,-2.36220500,0.00000000
465.58116330,-1.57480300,0.00000000
465.64516330,0.78740150,0.00000000
465.70916330,-6.69291300,0.00000000
465.77316330,2.36220500,0.00000000
465.83716330,-3.14960600,0.00000000
465.90116329,-1.96850400,0.00000000
465.96516329,-2.36220500,0.00000000
466.02916329,0.00000000,0.00000000
466.09316329,-5.11811000,0.07874016
466.15716329,1.18110200,0.00000000
466.22116329,1.96850400,0.00000000
466.28516328,-0.39370070,0.00000000
466.34916328,-0.78740150,0.00000000
466.41316328,1.57480300,0.00000000
466.47716328,-1.57480300,0.00000000
466.54116328,-3.14960600,0.00000000
466.60516327,1.18110200,0.00000000
466.66916327,-2.75590500,0.00000000
466.73316327,0.00000000,0.00000000
466.79716327,-1.96850400,0.00000000
466.86116327,2.75590500,0.00000000
466.92516327,-5.51181100,0.00000000
466.98916326,1.18110200,0.00000000
467.05316326,-4.33070900,0.00000000
467.11716326,-3.14960600,0.00000000
467.18116326,-5.90551100,0.00000000
467.24516326,1.57480300,0.00000000
467.30916325,-4.33070900,0.00000000
467.37316325,-3.93700800,0.00000000
467.43716325,-3.14960600,0.00000000
467.50116325,-6.69291300,0.00000000
467.56516325,-5.51181100,0.00000000
467.62916325,-3.14960600,0.07874016
467.69316324,-2.36220500,0.07874016
467.75716324,-5.51181100,0.00000000
467.82116324,1.18110200,0.00000000
467.88516324,-2.75590500,0.07874016
467.94916324,-2.36220500,0.00000000
468.01316323,-4.33070900,0.00000000
468.07716323,-0.39370070,0.00000000
468.14116323,-5.90551100,0.00000000
468.20516323,1.18110200,0.00000000
468.26916323,-1.96850400,0.00000000
468.33316323,0.39370070,0.07874016
468.39716322,-2.75590500,0.00000000
468.46116322,0.78740150,0.00000000
468.52516322,-4.72440900,0.00000000
468.58916322,-2.36220500,0.00000000
468.65316322,-0.39370070,0.00000000
468.71716322,-1.57480300,0.00000000
468.78116321,-1.18110200,0.00000000
468.84516321,-2.36220500,0.00000000
468.90916321,1.96850400,0.00000000
468.97316321,-3.93700800,0.00000000
469.03716321,0.39370070,0.00000000
469.10116320,-2.36220500,0.00000000
469.16516320,0.78740150,0.00000000
469.22916320,-3.14960600,0.00000000
469.29316320,4.33070900,0.00000000
469.35716320,-3.14960600,0.00000000
469.42116320,-2.36220500,0.00000000
469.48516319,-0.78740150,0.00000000
469.54916319,-0.78740150,0.00000000
469.61316319,-5.51181100,0.00000000
469.67716319,0.39370070,0.00000000
469.74116319,-1.18110200,0.00000000
469.80516318,-4.72440900,0.00000000
469.86916318,0.00000000,0.00000000
469.93316318,-0.78740150,0.00000000
469.99716318,-5.11811000,0.00000000
470.06116318,-5.90551100,0.07874016
470.12516318,-0.39370070,0.00000000
470.18916317,-8.66141700,0.00000000
470.25316317,-1.96850400,0.00000000
470.31716317,-2.36220500,0.00000000
470.38116317,-1.18110200,0.00000000
470.44516317,-5.90551100,0.00000000
470.50916316,2.75590500,0.00000000
470.57316316,-5.11811000,0.07874016
470.63716316,-2.75590500,0.07874016
470.70116316,-1.96850400,0.00000000
470.76516316,-0.78740150,0.00000000
470.82916316,-2.36220500,0.00000000
470.89316315,1.57480300,0.00000000
470.95716315,1.96850400,0.00000000
471.02116315,-2.36220500,0.00000000
471.08516315,-1.18110200,0.00000000
471.14916315,-1.18110200,0.00000000
471.21316314,-0.78740150,0.00000000
471.27716314,-2.36220500,0.00000000
471.34116314,3.54330700,0.00000000
471.40516314,-1.18110200,0.00000000
471.46916314,0.39370070,0.07874016
471.53316314,-1.18110200,0.00000000
471.59716313,0.78740150,0.00000000
471.66116313,-6.29921200,0.07874016
471.72516313,3.14960600,0.07874016
471.78916313,1.57480300,0.00000000
471.85316313,1.57480300,0.00000000
471.91716312,0.00000000,0.00000000
471.98116312,3.14960600,0.00000000
472.04516312,-2.36220500,0.00000000
472.10916312,-2.36220500,0.00000000
472.17316312,1.96850400,0.00000000
472.23716312,-2.75590500,0.00000000
472.30116311,0.39370070,0.07874016
472.36516311,0.39370070,0.00000000
472.42916311,2.36220500,0.00000000
472.49316311,-5.11811000,0.00000000
472.55716311,1.18110200,0.00000000
472.62116310,-2.75590500,0.00000000
472.68516310,-2.36220500,0.00000000
472.74916310,-4.33070900,0.00000000
472.81316310,0.39370070,0.00000000
472.87716310,-4.33070900,0.00000000
472.94116310,-0.78740150,0.00000000
473.00516309,-0.78740150,0.00000000
473.06916309,-2.36220500,0.00000000
473.13316309,-4.72440900,0.00000000
473.19716309,0.39370070,0.00000000
473.26116309,-1.57480300,0.00000000
473.32516308,-4.33070900,0.07874016
473.38916308,0.39370070,0.00000000
473.45316308,0.00000000,0.00000000
473.51716308,-1.57480300,0.00000000
473.58116308,-3.14960600,0.00000000
473.64516308,1.96850400,0.00000000
473.70916307,-6.29921200,0.00000000
473.77316307,1.18110200,0.00000000
473.83716307,-1.96850400,0.00000000
473.90116307,-1.96850400,0.00000000
473.96516307,-4.33070900,0.00000000
474.02916306,3.14960600,0.00000000
474.09316306,-4.72440900,0.00000000
474.15716306,-4.33070900,0.00000000
474.22116306,-2.75590500,0.00000000
474.28516306,-3.14960600,0.00000000
474.34916306,-3.54330700,0.00000000
474.41316305,0.00000000,0.00000000
474.47716305,-0.78740150,0.00000000
474.54116305,-3.93700800,0.00000000
474.60516305,0.00000000,0.00000000
474.66916305,-3.54330700,0.00000000
474.73316304,-3.93700800,0.00000000
474.79716304,-4.33070900,0.00000000
474.86116304,1.57480300,0.00000000
474.92516304,-3.54330700,0.00000000
474.98916304,0.39370070,0.00000000
475.05316304,-3.14960600,0.00000000
475.11716303,0.00000000,0.00000000
475.18116303,-6.29921200,0.00000000
475.24516303,-1.18110200,0.00000000
475.30916303,-3.93700800,0.00000000
475.37316303,-3.14960600,0.00000000
475.43716302,-2.75590500,0.00000000
475.50116302,-0.78740150,0.07874016
475.56516302,-4.72440900,0.07874016
475.62916302,-4.72440900,0.07874016
475.69316302,0.78740150,0.00000000
475.75716302,-6.29921200,0.07874016
475.82116301,-2.36220500,0.07874016
475.88516301,-1.57480300,0.00000000
475.94916301,0.00000000,0.00000000
476.01316301,-5.51181100,0.07874016
476.07716301,1.57480300,0.00000000
476.14116301,-3.93700800,0.00000000
476.20516300,-3.14960600,0.07874016
476.26916300,-1.57480300,0.00000000
476.33316300,0.78740150,0.00000000
476.39716300,-4.72440900,0.00000000
476.46116300,1.57480300,0.00000000
476.52516299,-1.57480300,0.00000000
476.58916299,-3.54330700,0.00000000
476.65316299,-3.14960600,0.00000000
476.71716299,-1.18110200,0.00000000
476.78116299,-4.33070900,0.00000000
476.84516299,-4.72440900,0.07874016
476.90916298,0.39370070,0.00000000
476.97316298,-6.69291300,0.00000000
477.03716298,-2.75590500,0.07874016
477.10116298,-3.93700800,0.00000000
477.16516298,-1.18110200,0.00000000
477.22916297,-10.23622000,0.00000000
477.29316297,-1.96850400,0.00000000
477.35716297,-7.87401500,0.00000000
477.42116297,-6.29921200,0.00000000
477.48516297,-6.29921200,0.00000000
477.54916297,-2.75590500,0.00000000
477.61316296,-8.66141700,0.00000000
477.67716296,-6.29921200,0.00000000
477.74116296,-4.72440900,0.00000000
477.80516296,-10.23622000,0.07874016
477.86916296,-10.62992000,0.00000000
477.93316295,-6.69291300,0.00000000
477.99716295,-8.26771600,0.00000000
478.06116295,-11.81102000,0.07874016
478.12516295,-5.90551100,0.00000000
478.18916295,-12.59842000,0.07874016
478.25316295,-12.59842000,0.00000000
478.31716294,-11.81102000,0.07874016
478.38116294,-7.87401500,0.07874016
478.44516294,-15.35433000,0.00000000
478.50916294,-5.90551100,0.00000000
478.57316294,-9.84251900,0.00000000
478.63716293,-10.23622000,0.00000000
478.70116293,-12.20472000,0.00000000
478.76516293,-7.87401500,0.00000000
478.82916293,-11.81102000,0.07874016
478.89316293,-10.23622000,0.07874016
478.95716293,-7.08661400,0.00000000
479.02116292,-9.05511800,0.00000000
479.08516292,-7.48031400,0.00000000
479.14916292,-9.44881800,0.00000000
479.21316292,-6.69291300,0.00000000
479.27716292,-14.96063000,0.00000000
479.34116291,-8.66141700,0.00000000
479.40516291,-9.44881800,0.00000000
479.46916291,-8.66141700,0.00000000
479.53316291,-11.81102000,0.00000000
479.59716291,-4.72440900,0.00000000
479.66116291,-11.41732000,0.00000000
479.72516290,-9.84251900,0.00000000
479.78916290,-9.05511800,0.07874016
479.85316290,-7.87401500,0.00000000
479.91716290,-11.81102000,0.00000000
479.98116290,-4.72440900,0.00000000
480.04516289,-5.90551100,0.07874016
480.10916289,-9.84251900,0.00000000
480.17316289,-5.11811000,0.00000000
480.23716289,-4.33070900,0.00000000
480.30116289,-7.87401500,0.00000000
480.36516289,-7.48031400,0.00000000
480.42916288,-1.18110200,0.00000000
480.49316288,-10.23622000,0.00000000
480.55716288,-3.14960600,0.00000000
480.62116288,-5.11811000,0.00000000
480.68516288,-4.72440900,0.07874016
480.74916287,-10.23622000,0.00000000
480.81316287,-3.54330700,0.00000000
480.87716287,-8.66141700,0.00000000
480.94116287,-8.26771600,0.07874016
481.00516287,-4.33070900,0.00000000
481.06916287,-5.11811000,0.00000000
481.13316286,-5.11811000,0.00000000
481.19716286,-4.33070900,0.00000000
481.26116286,-3.93700800,0.00000000
481.32516286,-6.29921200,0.07874016
481.38916286,-4.72440900,0.00000000
481.45316285,-4.33070900,0.00000000
481.51716285,-1.96850400,0.00000000
481.58116285,-4.33070900,0.00000000
481.64516285,1.96850400,0.07874016
481.70916285,-2.36220500,0.00000000
481.77316285,-1.57480300,0.00000000
481.83716284,-5.11811000,0.00000000
481.90116284,0.00000000,0.00000000
481.96516284,-6.29921200,0.00000000
482.02916284,0.00000000,0.00000000
482.09316284,-1.96850400,0.00000000
482.15716283,-1.96850400,0.00000000
482.22116283,-2.36220500,0.00000000
482.28516283,0.00000000,0.00000000
482.34916283,-4.72440900,0.00000000
482.41316283,-3.93700800,0.00000000
482.47716283,2.75590500,0.00000000
482.54116282,-2.36220500,0.00000000
482.60516282,0.39370070,0.00000000
482.66916282,0.00000000,0.00000000
482.73316282,0.39370070,0.00000000
482.79716282,-4.33070900,0.00000000
482.86116282,1.96850400,0.00000000
482.92516281,-2.36220500,0.00000000
482.98916281,-1.96850400,0.00000000
483.05316281,-0.39370070,0.00000000
483.11716281,4.33070900,0.00000000
483.18116281,-3.54330700,0.07874016
483.24516280,0.00000000,0.00000000
483.30916280,-1.96850400,0.00000000
483.37316280,-3.93700800,0.00000000
483.43716280,-5.11811000,0.07874016
483.50116280,-1.96850400,0.07874016
483.56516280,-3.93700800,0.07874016
483.62916279,-6.29921200,0.07874016
483.69316279,-0.39370070,0.00000000
483.75716279,-5.11811000,0.07874016
483.82116279,-3.14960600,0.00000000
483.88516279,-5.51181100,0.00000000
483.94916278,0.39370070,0.00000000
484.01316278,-8.66141700,0.00000000
484.07716278,-0.39370070,0.00000000
484.14116278,-1.96850400,0.00000000
484.20516278,-2.75590500,0.00000000
484.26916278,-3.54330700,0.00000000
484.33316277,0.78740150,0.00000000
484.39716277,-5.11811000,0.00000000
484.46116277,-2.36220500,0.00000000
484.52516277,0.78740150,0.00000000
484.58916277,-2.36220500,0.00000000
484.65316276,-3.14960600,0.00000000
484.71716276,0.00000000,0.00000000
484.78116276,-1.18110200,0.00000000
484.84516276,-6.29921200,0.07874016
484.90916276,-0.78740150,0.00000000
484.97316276,-4.72440900,0.00000000
485.03716275,-1.96850400,0.00000000
485.10116275,-1.96850400,0.00000000
485.16516275,2.75590500,0.00000000
485.22916275,-4.33070900,0.00000000
485.29316275,1.96850400,0.00000000
485.35716274,-1.57480300,0.00000000
485.42116274,0.00000000,0.00000000
485.48516274,-4.72440900,0.00000000
485.54916274,1.18110200,0.00000000
485.61316274,0.00000000,0.00000000
485.67716274,-0.78740150,0.00000000
485.74116273,1.96850400,0.00000000
485.80516273,0.00000000,0.00000000
485.86916273,-2.36220500,0.00000000
485.93316273,-5.11811000,0.00000000
485.99716273,1.18110200,0.00000000
486.06116272,-6.69291300,0.00000000
486.12516272,-1.57480300,0.00000000
486.18916272,-1.57480300,0.00000000
486.25316272,-2.75590500,0.00000000
486.31716272,-8.26771600,0.00000000
486.38116272,0.00000000,0.07874016
486.44516271,-5.51181100,0.00000000
486.50916271,-4.33070900,0.00000000
486.57316271,-3.14960600,0.07874016
486.63716271,-0.78740150,0.00000000
486.70116271,-4.72440900,0.07874016
486.76516270,0.39370070,0.00000000
486.82916270,-1.18110200,0.00000000
486.89316270,-6.29921200,0.07874016
486.95716270,-1.57480300,0.00000000
487.02116270,-1.57480300,0.07874016
487.08516270,-1.96850400,0.00000000
487.14916269,-3.54330700,0.07874016
487.21316269,3.14960600,0.00000000
487.27716269,-5.51181100,0.00000000
487.34116269,-0.39370070,0.00000000
487.40516269,-3.54330700,0.00000000
487.46916268,-1.18110200,0.00000000
487.53316268,-5.90551100,0.07874016
487.59716268,0.39370070,0.00000000
487.66116268,-2.75590500,0.00000000
487.72516268,-2.36220500,0.00000000
487.78916268,-0.78740150,0.00000000
487.85316267,0.39370070,0.00000000
487.91716267,-2.36220500,0.00000000
487.98116267,-2.36220500,0.00000000
488.04516267,0.00000000,0.00000000
488.10916267,-3.14960600,0.00000000
488.17316266,-1.18110200,0.00000000
488.23716266,0.00000000,0.00000000
488.30116266,0.00000000,0.00000000
488.36516266,-3.54330700,0.00000000
488.42916266,2.75590500,0.00000000
488.49316266,-3.14960600,0.00000000
488.55716265,-3.14960600,0.00000000
488.62116265,-3.93700800,0.00000000
488.68516265,2.36220500,0.00000000
488.74916265,-6.29921200,0.00000000
488.81316265,-0.78740150,0.00000000
488.87716264,-3.54330700,0.00000000
488.94116264,-5.90551100,0.00000000
489.00516264,-5.90551100,0.00000000
489.06916264,-1.18110200,0.07874016
489.13316264,-4.72440900,0.07874016
489.19716264,-4.72440900,0.00000000
489.26116263,2.36220500,0.00000000
489.32516263,-4.33070900,0.07874016
489.38916263,-2.36220500,0.00000000
489.45316263,-4.33070900,0.07874016
489.51716263,-2.36220500,0.00000000
489.58116262,-6.69291300,0.00000000
489.64516262,0.78740150,0.00000000
489.70916262,-2.36220500,0.00000000
489.77316262,0.00000000,0.00000000
489.83716262,-1.18110200,0.00000000
489.90116262,1.57480300,0.00000000
489.96516261,-5.11811000,0.00000000
490.02916261,-2.36220500,0.00000000
490.09316261,-1.57480300,0.00000000
490.15716261,-1.57480300,0.00000000
490.22116261,-1.57480300,0.00000000
490.28516261,1.18110200,0.00000000
490.34916260,0.00000000,0.00000000
490.41316260,-3.54330700,0.00000000
490.47716260,3.14960600,0.00000000
490.54116260,-2.75590500,0.00000000
490.60516260,-0.78740150,0.00000000
490.66916259,-0.39370070,0.00000000
490.73316259,4.33070900,0.00000000
490.79716259,-4.72440900,0.00000000
490.86116259,2.75590500,0.00000000
490.92516259,0.39370070,0.00000000
490.98916259,-0.78740150,0.00000000
491.05316258,-0.78740150,0.00000000
491.11716258,3.14960600,0.00000000
491.18116258,-2.36220500,0.00000000
491.24516258,0.00000000,0.00000000
491.30916258,2.75590500,0.00000000
491.37316257,-2.36220500,0.00000000
491.43716257,-2.36220500,0.00000000
491.50116257,-1.18110200,0.00000000
491.56516257,-2.75590500,0.00000000
491.62916257,-6.69291300,0.00000000
491.69316257,-0.39370070,0.00000000
491.75716256,-3.54330700,0.00000000
491.82116256,-0.78740150,0.07874016
491.88516256,-1.57480300,0.00000000
491.94916256,1.96850400,0.00000000
492.01316256,-5.11811000,0.00000000
492.07716255,-1.18110200,0.07874016
492.14116255,-3.14960600,0.00000000
492.20516255,0.78740150,0.00000000
492.26916255,-3.54330700,0.00000000
492.33316255,2.36220500,0.00000000
492.39716255,1.18110200,0.00000000
492.46116254,-2.36220500,0.00000000
492.52516254,0.78740150,0.00000000
492.58916254,-1.18110200,0.00000000
492.65316254,-2.75590500,0.00000000
492.71716254,-2.75590500,0.00000000
492.78116253,2.75590500,0.00000000
492.84516253,-5.11811000,0.00000000
492.90916253,0.78740150,0.00000000
492.97316253,0.39370070,0.00000000
493.03716253,-1.18110200,0.00000000
493.10116253,-4.72440900,0.00000000
493.16516252,2.75590500,0.00000000
493.22916252,-3.54330700,0.00000000
493.29316252,0.00000000,0.00000000
493.35716252,1.96850400,0.00000000
493.42116252,0.00000000,0.00000000
493.48516251,-5.11811000,0.00000000
493.54916251,1.18110200,0.00000000
493.61316251,-2.36220500,0.00000000
493.67716251,-6.29921200,0.00000000
493.74116251,-0.39370070,0.00000000
493.80516251,0.00000000,0.00000000
493.86916250,-1.57480300,0.00000000
493.93316250,-4.72440900,0.00000000
493.99716250,0.78740150,0.00000000
494.06116250,-7.87401500,0.00000000
494.12516250,-3.54330700,0.00000000
494.18916249,-6.29921200,0.07874016
494.25316249,-3.93700800,0.07874016
494.31716249,-8.26771600,0.07874016
494.38116249,-1.96850400,0.07874016
494.44516249,-4.33070900,0.00000000
494.50916249,-5.11811000,0.00000000
494.57316248,-5.51181100,0.00000000
494.63716248,-3.54330700,0.00000000
494.70116248,-5.51181100,0.00000000
494.76516248,-4.33070900,0.07874016
494.82916248,-2.36220500,0.00000000
494.89316247,-5.51181100,0.00000000
494.95716247,-1.96850400,0.07874016
495.02116247,-1.18110200,0.00000000
495.08516247,-1.96850400,0.00000000
495.14916247,-5.51181100,0.00000000
495.21316247,1.96850400,0.07874016
495.27716246,-4.33070900,0.00000000
495.34116246,-1.57480300,0.00000000
495.40516246,-3.54330700,0.07874016
495.46916246,1.57480300,0.00000000
495.53316246,-4.72440900,0.00000000
495.59716245,0.00000000,0.07874016
495.66116245,-4.33070900,0.00000000
495.72516245,-4.33070900,0.00000000
495.78916245,-1.96850400,0.00000000
495.85316245,-1.18110200,0.00000000
495.91716245,-1.57480300,0.00000000
495.98116244,-1.96850400,0.00000000
496.04516244,1.18110200,0.00000000
496.10916244,-5.11811000,0.00000000
496.17316244,-2.75590500,0.00000000
496.23716244,-3.54330700,0.00000000
496.30116243,-0.39370070,0.00000000
496.36516243,-5.11811000,0.00000000
496.42916243,1.18110200,0.00000000
496.49316243,-3.14960600,0.00000000
496.55716243,-3.93700800,0.00000000
496.62116243,-6.29921200,0.00000000
496.68516242,-3.14960600,0.07874016
496.74916242,-11.41732000,0.00000000
496.81316242,-7.08661400,0.00000000
496.87716242,-6.69291300,0.00000000
496.94116242,-9.44881800,0.07874016
497.00516242,-10.62992000,0.00000000
497.06916241,-7.08661400,0.00000000
497.13316241,-11.02362000,0.00000000
497.19716241,-14.17323000,0.00000000
497.26116241,-5.11811000,0.07874016
497.32516241,-12.99213000,0.07874016
497.38916240,-10.23622000,0.07874016
497.45316240,-8.66141700,0.00000000
497.51716240,-6.29921200,0.00000000
497.58116240,-14.96063000,0.07874016
497.64516240,-5.90551100,0.07874016
497.70916240,-10.62992000,0.00000000
497.77316239,-10.62992000,0.00000000
497.83716239,-7.87401500,0.00000000
497.90116239,-6.29921200,0.00000000
497.96516239,-11.02362000,0.00000000
498.02916239,-8.66141700,0.00000000
498.09316238,-7.48031400,0.00000000
498.15716238,-11.81102000,0.00000000
498.22116238,-11.02362000,0.00000000
498.28516238,-9.05511800,0.00000000
498.34916238,-9.44881800,0.00000000
498.41316238,-11.81102000,0.00000000
498.47716237,-5.90551100,0.00000000
498.54116237,-9.44881800,0.07874016
498.60516237,-7.87401500,0.00000000
498.66916237,-10.23622000,0.00000000
498.73316237,-5.11811000,0.00000000
498.79716236,-14.56693000,0.00000000
498.86116236,-7.87401500,0.00000000
498.92516236,-7.87401500,0.00000000
498.98916236,-6.69291300,0.00000000
499.05316236,-10.62992000,0.00000000
499.11716236,-4.72440900,0.00000000
499.18116235,-8.66141700,0.00000000
499.24516235,-11.81102000,0.00000000
499.30916235,-7.48031400,0.00000000
499.37316235,-10.23622000,0.00000000
499.43716235,-10.62992000,0.00000000
499.50116234,-8.66141700,0.07874016
499.56516234,-4.72440900,0.00000000
499.62916234,-13.38583000,0.07874016
499.69316234,-7.87401500,0.07874016
499.75716234,-7.87401500,0.00000000
499.82116234,-9.84251900,0.07874016
499.88516233,-10.62992000,0.07874016
499.94916233,-2.36220500,0.00000000
500.01316233,-9.05511800,0.00000000
500.07716233,-4.72440900,0.00000000
500.14116233,-5.51181100,0.00000000
500.20516232,-5.90551100,0.00000000
